22881393
22881395
22881397
22881398
22881399
22881400
22881401
22881402
22881408
22881410
22881428
22881433
22881434
22881435
22881436
22881437
22881438
22881439
22881440
22881441
22881442
22881443
22881444
22881445
22881449
22881450
22881452
22881453
22881457
22881461
22881484
22881485
22881577
22881578
22881581
22881582
22881583
22881584
22881585
22881586
22881587
22881588
22881589
22881590
22881591
22881592
22881593
22881594
22881595
22881596
22881597
22881602
22881603
22881604
22881703
22881708
22881711
22881714
22881715
22881719
22881825
22881834
22881835
22881839
22881866
22881987
22881989
22881990
22881992
22881994
22881997
22881998
22881999
22882000
22882003
22882004
22882009
22882013
22882017
22882020
22882076
22882077
22882078
22882079
22882090
22882102
22882103
22882104
22882105
22882106
22882107
22882108
22882109
22882112
22882117
22882118
22882119
22882123
22882125
22882127
22882136
22882139
22882145
22882147
22882149
22882150
22882151
22882165
22882171
22882174
22882178
22882181
22882185
22882193
22882194
22882195
22882196
22882197
22882198
22882199
22882200
22882201
22882208
22882209
22882211
22882212
22882213
22882214
22882216
22882218
22882219
22882220
22882221
22882222
22882227
22882228
22882236
22882241
22882242
22882243
22882244
22882257
22882258
22882259
22882260
22882261
22882262
22882263
22882264
22882265
22882266
22882267
22882268
22882273
22882278
22882279
22882282
22882299
22882304
22882305
22882315
22882334
22882335
22882348
22882350
22882379
22882383
22882389
22882390
22882391
22882392
22882393
22882394
22882395
22882396
22882397
22882398
22882399
22882400
22882402
22882403
22882404
22882409
22882427
22882429
22882434
22882435
22882436
22882437
22882438
22882439
22882440
22882441
22882442
22882443
22882444
22882445
22882449
22882451
22882458
22882477
22882478
22882484
22882485
22882486
22882513
22882523
22882552
22882554
22882583
22882612
22882615
22882619
22882638
22882640
22882657
22882659
22882666
22882671
22882693
22882694
22882695
22882696
22882697
22882714
22882715
22882718
22882719
22882742
22882754
22882757
22882772
22882780
22882782
22882783
22882784
22882785
22882786
22882787
22882788
22882789
22882790
22882791
22882792
22882818
22882819
22882820
22882821
22882823
22882827
22882828
22882829
22882830
22882831
22882832
22882833
22882834
22882836
22882838
22882842
22882843
22882844
22882845
22882846
22882847
22882848
22882849
22882850
22882851
22882852
22882853
22882854
22882855
22882856
22882857
22882858
22882859
22882860
22882861
22882862
22882863
22882864
22882865
22882866
22882867
22882868
22882869
22882875
22882881
22882882
22882883
22882884
22882885
22882886
22882887
22882888
22882889
22882890
22882891
22882892
22882893
22882894
22882895
22882896
22882911
22882912
22882913
22882914
22882915
22882916
22882917
22882918
22882919
22882920
22882921
22882922
22882923
22882924
22882925
22882926
22882927
22882928
22882929
22882930
22882931
22882932
22882933
22882934
22882935
22882936
22882937
22882938
22882939
22882940
22882941
22882942
22882943
22882944
22882945
22882946
22882947
22882948
22882949
22882950
22882951
22882952
22882953
22882954
22882955
22882956
22882957
22882971
22882972
22882997
22883023
22883028
22883073
22883074
22883080
22883105
22883106
22883107
22883131
22883133
22883135
22883157
22883158
22883159
22883160
22883162
22883163
22883164
22883165
22883207
22883211
22883229
22883230
22883231
22883232
22883233
22883234
22883240
22883241
22883242
22883243
22883244
22883245
22883246
22883247
22883248
22883249
22883250
22883251
22883252
22883254
22883255
22883256
22883278
22883279
22883280
22883281
22883282
22883283
22883284
22883285
22883286
22883287
22883288
22883289
22883290
22883291
22883292
22883293
22883313
22883317
22883320
22883322
22883323
22883346
22883364
22883388
22883393
22883420
22883427
22883431
22883436
22883438
22883467
22883469
22883514
22883540
22883541
22883545
22883546
22883549
22883551
22883552
22883553
22883554
22883555
22883556
22883557
22883558
22883559
22883560
22883570
22883600
22883632
22883634
22883636
22883638
22883643
22883644
22883645
22883646
22883647
22883648
22883649
22883650
22883651
22883652
22883653
22883654
22883655
22883656
22883657
22883658
22883659
22883660
22883661
22883680
22883683
22883689
22883691
22883693
22883694
22883695
22883696
22883697
22883698
22883699
22883700
22883701
22883702
22883703
22883704
22883705
22883706
22883740
22883741
22883742
22883743
22883748
22883750
22883751
22883858
22883859
22883860
22883861
22883862
22883863
22883864
22883865
22883866
22883867
22883868
22883869
22883870
22883871
22883872
22883873
22883874
22883875
22883876
22883877
22883878
22883879
22883880
22883881
22883882
22883883
22883884
22883885
22883886
22883887
22883888
22883889
22883890
22883891
22883892
22883893
22883894
22883895
22883896
22883897
22883898
22883899
22883900
22883901
22883902
22883903
22883904
22883905
22883906
22883910
22883911
22883912
22883913
22883914
22883915
22883916
22883917
22883918
22883919
22883920
22883921
22883922
22883937
22883963
22883974
22883983
22883999
22884000
22884002
22884003
22884013
22884014
22884015
22884017
22884018
22884019
22884020
22884023
22884024
22884025
22884026
22884027
22884028
22884037
22884038
22884040
22884041
22884042
22884043
22884044
22884045
22884046
22884047
22884048
22884049
22884050
22884051
22884052
22884053
22884054
22884055
22884056
22884057
22884058
22884059
22884060
22884061
22884062
22884063
22884064
22884065
22884066
22884067
22884068
22884069
22884070
22884071
22884072
22884073
22884074
22884075
22884076
22884077
22884078
22884079
22884080
22884081
22884082
22884083
22884084
22884086
22884091
22884093
22884094
22884095
22884096
22884097
22884101
22884106
22884107
22884108
22884109
22884110
22884116
22884118
22884119
22884120
22884121
22884123
22884125
22884126
22884131
22884132
22884133
22884134
22884135
22884136
22884137
22884138
22884139
22884140
22884141
22884142
22884143
22884144
22884145
22884146
22884147
22884148
22884149
22884150
22884151
22884152
22884153
22884154
22884155
22884156
22884157
22884158
22884159
22884160
22884161
22884162
22884171
22884172
22884175
22884176
22884177
22884178
22884200
22884201
22884202
22884205
22884207
22884208
22884209
22884210
22884211
22884212
22884224
22884243
22884244
22884245
22884246
22884247
22884250
22884253
22884261
22884265
22884266
22884267
22884268
22884269
22884271
22884272
22884278
22884280
22884288
22884289
22884292
22884293
22884297
22884298
22884305
22884312
22884313
22884314
22884361
22884362
22884372
22884373
22884374
22884380
22884381
22884382
22884383
22884384
22884385
22884386
22884387
22884388
22884407
22884410
22884413
22884414
22884420
22884421
22884422
22884423
22884425
22884430
22884431
22884438
22884440
22884443
22884446
22884448
22884456
22884457
22884459
22884465
22884466
22884467
22884468
22884469
22884470
22884478
22884492
22884493
22884503
22884508
22884512
22884522
22884523
22884526
22884527
22884537
22884560
22884564
22884569
22884570
22884571
22884592
22884593
22884594
22884595
22884596
22884597
22884598
22884599
22884600
22884601
22884603
22884614
22884615
22884616
22884617
22884618
22884621
22884622
22884631
22884632
22884642
22884643
22884644
22884645
22884646
22884648
22884650
22884652
22884653
22884654
22884656
22884658
22884659
22884660
22884661
22884662
22884664
22884669
22884670
22884671
22884673
22884674
22884675
22884676
22884677
22884681
22884682
22884683
22884711
22884721
22884726
22884727
22884729
22884731
22884732
22884733
22884741
22884742
22884743
22884744
22884745
22884746
22884747
22884748
22884749
22884750
22884752
22884762
22884768
22884769
22884770
22884771
22884776
22884779
22884781
22884782
22884783
22884798
22884799
22884800
22884801
22884802
22884804
22884806
22884807
22884810
22884812
22884813
22884814
22884816
22884817
22884819
22884820
22884821
22884822
22884823
22884824
22884831
22884833
22884834
22884836
22884838
22884851
22884854
22884855
22884866
22884867
22884868
22884869
22884870
22884871
22884872
22884899
22884903
22884915
22884924
22884926
22884927
22884928
22884929
22884930
22884931
22884932
22884933
22884934
22884940
22884941
22884942
22884943
22884944
22884945
22884946
22884947
22884950
22884955
22884964
22884975
22884976
22884977
22884988
22884989
22884990
22884991
22884993
22884994
22884995
22884998
22884999
22885000
22885001
22885002
22885003
22885004
22885005
22885006
22885007
22885008
22885009
22885011
22885012
22885013
22885016
22885021
22885025
22885026
22885031
22885033
22885034
22885036
22885037
22885038
22885039
22885040
22885041
22885042
22885043
22885044
22885045
22885046
22885048
22885049
22885050
22885051
22885052
22885053
22885054
22885067
22885070
22885071
22885072
22885073
22885096
22885097
22885098
22885100
22885112
22885114
22885118
22885122
22885123
22885124
22885125
22885126
22885127
22885129
22885130
22885132
22885133
22885134
22885137
22885143
22885146
22885153
22885159
22885163
22885164
22885171
22885172
22885175
22885177
22885178
22885179
22885180
22885181
22885182
22885183
22885184
22885185
22885187
22885189
22885190
22885191
22885192
22885193
22885194
22885195
22885196
22885197
22885198
22885199
22885200
22885201
22885202
22885203
22885205
22885206
22885207
22885208
22885209
22885210
22885211
22885212
22885213
22885214
22885215
22885216
22885218
22885219
22885220
22885221
22885222
22885241
22885255
22885256
22885257
22885258
22885259
22885260
22885261
22885262
22885263
22885264
22885265
22885266
22885267
22885268
22885269
22885270
22885271
22885274
22885275
22885287
22885291
22885293
22885294
22885295
22885296
22885297
22885299
22885300
22885301
22885302
22885303
22885304
22885305
22885322
22885324
22885325
22885326
22885327
22885329
22885330
22885331
22885332
22885333
22885334
22885335
22885339
22885341
22885342
22885344
22885345
22885355
22885356
22885357
22885358
22885359
22885360
22885361
22885362
22885363
22885364
22885365
22885366
22885367
22885373
22885375
22885376
22885378
22885379
22885380
22885381
22885382
22885383
22885394
22885402
22885411
22885416
22885417
22885418
22885419
22885420
22885421
22885422
22885423
22885424
22885425
22885426
22885427
22885428
22885429
22885430
22885431
22885468
22885472
22885519
22885520
22885538
22885539
22885540
22885541
22885542
22885543
22885544
22885545
22885546
22885547
22885576
22885581
22885584
22885598
22885599
22885612
22885619
22885624
22885631
22885632
22885633
22885634
22885654
22885667
22885668
22885674
22885675
22885680
22885687
22885689
22885696
22885697
22885699
22885706
22885710
22885711
22885714
22885732
22885738
22885739
22885761
22885772
22885776
22885778
22885782
22885783
22885784
22885785
22885786
22885789
22885794
22885795
22885796
22885797
22885798
22885802
22885804
22885806
22885807
22885808
22885818
22885821
22885822
22885826
22885847
22885853
22885875
22885876
22885878
22885879
22885880
22885885
22885886
22885887
22885888
22885889
22885890
22885891
22885892
22885922
22885923
22885924
22885925
22885956
22885957
22885958
22885959
22885983
22885987
22885989
22885997
22886000
22886001
22886002
22886005
22886007
22886031
22886032
22886035
22886036
22886037
22886042
22886072
22886073
22886076
22886078
22886079
22886080
22886081
22886086
22886087
22886088
22886109
22886110
22886151
22886156
22886157
22886159
22886160
22886161
22886162
22886163
22886164
22886165
22886166
22886167
22886168
22886170
22886171
22886177
22886191
22886192
22886193
22886194
22886195
22886196
22886197
22886198
22886199
22886200
22886201
22886202
22886203
22886239
22886240
22886242
22886243
22886244
22886245
22886246
22886247
22886248
22886249
22886250
22886251
22886252
22886253
22886254
22886255
22886256
22886257
22886258
22886259
22886260
22886261
22886262
22886263
22886264
22886265
22886266
22886267
22886268
22886269
22886270
22886271
22886272
22886273
22886274
22886275
22886276
22886277
22886300
22886301
22886302
22886303
22886304
22886305
22886306
22886315
22886339
22886340
22886341
22886354
22886365
22886374
22886378
22886382
22886398
22886400
22886401
22886407
22886408
22886409
22886410
22886411
22886412
22886413
22886414
22886415
22886416
22886417
22886418
22886420
22886425
22886431
22886432
22886437
22886442
22886443
22886444
22886445
22886449
22886463
22886477
22886487
22886491
22886497
22886498
22886500
22886501
22886502
22886503
22886504
22886505
22886522
22886523
22886525
22886526
22886538
22886545
22886547
22886548
22886551
22886559
22886561
22886581
22886582
22886588
22886610
22886612
22886634
22886637
22886686
22886689
22886690
22886696
22886706
22886710
22886712
22886721
22886723
22886739
22886744
22886749
22886770
22886775
22886785
22886786
22886787
22886788
22886837
22886838
22886839
22886840
22886841
22886842
22886843
22886844
22886845
22886853
22886870
22886871
22886908
22886910
22886952
22886986
22886997
22887013
22887019
22887036
22887038
22887055
22887067
22887079
22887121
22887124
22887143
22887176
22887349
22887437
22887462
22887595
22887596
22887611
22887644
22887645
22887651
22887687
22887689
22887690
22887691
22887703
22887704
22887722
22887728
22887736
22887739
22887751
22887752
22887759
22887770
22887783
22887803
22887813
22887824
22887825
22887826
22887827
22887828
22887831
22887835
22887839
22887844
22887851
22887854
22887861
22887864
22887866
22887872
22887873
22887876
22887880
22887891
22887892
22887917
22887921
22887922
22887923
22887927
22887942
22887959
22887962
22887971
22887973
22887974
22887975
22887976
22887980
22887982
22887986
22887988
22887995
22887996
22887997
22887998
22887999
22888000
22888001
22888002
22888003
22888004
22888005
22888006
22888008
22888010
22888011
22888014
22888015
22888018
22888020
22888024
22888025
22888027
22888048
22888053
22888059
22888066
22888071
22888076
22888081
22888082
22888083
22888096
22888100
22888108
22888109
22888113
22888123
22888129
22888131
22888134
22888135
22888136
22888137
22888138
22888139
22888143
22888144
22888145
22888156
22888158
22888160
22888161
22888162
22888163
22888164
22888198
22888199
22888200
22888201
22888221
22888308
22888453
22888454
22888493
22888494
22888495
22888496
22888498
22888679
22888680
22888681
22888682
22888683
22888684
22888685
22888686
22888687
22888688
22888689
22888690
22888691
22888692
22888693
22888761
22888768
22888772
22888774
22888781
22888782
22888783
22888784
22888785
22888786
22888789
22888790
22888792
22888799
22888804
22888823
22888828
22888831
22888834
22888836
22888837
22888838
22888839
22888840
22888841
22888842
22888843
22888847
22888848
22888849
22888850
22888851
22888855
22888856
22888862
22888904
22888914
22888917
22888949
22888951
22888957
22888959
22888965
22888977
22888984
22888985
22888986
22888989
22889001
22889009
22889010
22889011
22889012
22889017
22889019
22889046
22889049
22889051
22889055
22889056
22889057
22889063
22889066
22889069
22889076
22889077
22889078
22889081
22889087
22889089
22889094
22889097
22889103
22889105
22889111
22889113
22889114
22889116
22889117
22889122
22889126
22889129
22889131
22889141
22889143
22889152
22889153
22889156
22889159
22889167
22889170
22889172
22889174
22889190
22889195
22889198
22889199
22889230
22889233
22889241
22889251
22889260
22889263
22889268
22889275
22889276
22889281
22889282
22889293
22889297
22889303
22889304
22889307
22889313
22889316
22889317
22889322
22889323
22889329
22889330
22889331
22889340
22889341
22889342
22889343
22889344
22889345
22889348
22889351
22889360
22889363
22889367
22889371
22889372
22889374
22889375
22889380
22889385
22889386
22889387
22889399
22889412
22889415
22889416
22889420
22889421
22889442
22889443
22889444
22889445
22889446
22889447
22889448
22889449
22889450
22889451
22889452
22889465
22889469
22889471
22889473
22889474
22889475
22889480
22889483
22889484
22889485
22889486
22889487
22889488
22889489
22889494
22889495
22889514
22889515
22889516
22889517
22889518
22889519
22889522
22889535
22889536
22889537
22889538
22889539
22889540
22889541
22889542
22889543
22889544
22889550
22889556
22889557
22889558
22889559
22889560
22889562
22889567
22889578
22889593
22889594
22889600
22889603
22889613
22889614
22889623
22889626
22889643
22889665
22889667
22889674
22889682
22889687
22889688
22889689
22889690
22889691
22889692
22889693
22889718
22889722
22889737
22889739
22889744
22889746
22889757
22889758
22889759
22889760
22889761
22889762
22889769
22889770
22889771
22889772
22889773
22889774
22889775
22889776
22889777
22889778
22889779
22889780
22889781
22889782
22889783
22889784
22889785
22889786
22889787
22889788
22889789
22889790
22889791
22889792
22889793
22889794
22889795
22889796
22889797
22889798
22889799
22889800
22889801
22889802
22889803
22889806
22889810
22889813
22889814
22889815
22889821
22889824
22889826
22889827
22889830
22889832
22889836
22889840
22889849
22889850
22889851
22889852
22889853
22889854
22889855
22889856
22889862
22889865
22889868
22889869
22889870
22889871
22889872
22889876
22889877
22889878
22889880
22889881
22889882
22889884
22889902
22889903
22889904
22889905
22889906
22889907
22889908
22889909
22889910
22889911
22889912
22889913
22889914
22889917
22889918
22889930
22889931
22889932
22889934
22889935
22889936
22889937
22889942
22889946
22889959
22889973
22889977
22889980
22889989
22889990
22890010
22890011
22890013
22890015
22890033
22890034
22890035
22890036
22890037
22890044
22890045
22890083
22890089
22890090
22890091
22890104
22890115
22890116
22890117
22890118
22890119
22890122
22890131
22890135
22890136
22890137
22890138
22890139
22890140
22890148
22890152
22890153
22890155
22890156
22890157
22890158
22890159
22890160
22890161
22890162
22890163
22890164
22890165
22890166
22890169
22890170
22890171
22890172
22890173
22890174
22890196
22890199
22890201
22890202
22890203
22890204
22890205
22890206
22890207
22890212
22890221
22890223
22890224
22890225
22890226
22890227
22890228
22890229
22890234
22890239
22890240
22890245
22890247
22890248
22890249
22890250
22890251
22890252
22890253
22890254
22890255
22890256
22890257
22890258
22890259
22890260
22890261
22890262
22890263
22890264
22890265
22890266
22890267
22890268
22890269
22890270
22890271
22890272
22890273
22890274
22890291
22890294
22890298
22890302
22890305
22890308
22890313
22890314
22890327
22890330
22890368
22890390
22890406
22890408
22890411
22890413
22890417
22890424
22890436
22890446
22890447
22890448
22890449
22890450
22890451
22890452
22890453
22890454
22890455
22890456
22890457
22890458
22890460
22890461
22890462
22890463
22890464
22890465
22890466
22890469
22890476
22890480
22890488
22890491
22890492
22890493
22890544
22890552
22890553
22890554
22890555
22890556
22890557
22890575
22890576
22890584
22890605
22890609
22890627
22890629
22890634
22890635
22890636
22890637
22890638
22890639
22890640
22890641
22890642
22890643
22890644
22890645
22890646
22890647
22890648
22890649
22890650
22890651
22890652
22890653
22890654
22890655
22890656
22890657
22890658
22890659
22890660
22890661
22890662
22890663
22890664
22890665
22890666
22890667
22890668
22890669
22890670
22890671
22890672
22890673
22890674
22890675
22890676
22890677
22890678
22890679
22890680
22890681
22890682
22890685
22890689
22890693
22890696
22890699
22890721
22890723
22890727
22890732
22890733
22890734
22890735
22890736
22890737
22890738
22890739
22890740
22890741
22890742
22890743
22890744
22890751
22890755
22890756
22890758
22890766
22890779
22890788
22890789
22890798
22890800
22890810
22890815
22890816
22890818
22890827
22890828
22890829
22890830
22890831
22890832
22890838
22890839
22890841
22890842
22890843
22890844
22890845
22890846
22890853
22890866
22890884
22890889
22890890
22890892
22890918
22890919
22890920
22890921
22890922
22890923
22890924
22890925
22890926
22890927
22890928
22890929
22890930
22890931
22890932
22890933
22890934
22890935
22890936
22890937
22890941
22890942
22890943
22890944
22890945
22890946
22890947
22890948
22890949
22890958
22890959
22890960
22890961
22890968
22890973
22890974
22890975
22890976
22890978
22890980
22890983
22890984
22890985
22890989
22890998
22890999
22891001
22891043
22891044
22891045
22891046
22891047
22891080
22891081
22891082
22891083
22891084
22891085
22891086
22891087
22891088
22891089
22891090
22891091
22891092
22891093
22891094
22891095
22891096
22891097
22891098
22891099
22891100
22891101
22891103
22891104
22891105
22891106
22891107
22891108
22891109
22891110
22891111
22891112
22891119
22891120
22891121
22891122
22891123
22891124
22891125
22891126
22891127
22891128
22891129
22891130
22891135
22891136
22891139
22891173
22891174
22891175
22891176
22891177
22891178
22891179
22891180
22891203
22891204
22891205
22891206
22891208
22891209
22891210
22891211
22891212
22891214
22891215
22891216
22891217
22891218
22891219
22891220
22891221
22891232
22891239
22891240
22891241
22891242
22891243
22891244
22891245
22891246
22891247
22891248
22891249
22891250
22891251
22891252
22891266
22891270
22891277
22891278
22891279
22891280
22891281
22891282
22891283
22891284
22891285
22891287
22891289
22891290
22891294
22891295
22891296
22891297
22891298
22891299
22891300
22891301
22891302
22891303
22891304
22891305
22891306
22891307
22891308
22891310
22891311
22891313
22891314
22891315
22891316
22891317
22891318
22891319
22891320
22891321
22891322
22891323
22891324
22891325
22891326
22891327
22891330
22891331
22891333
22891334
22891335
22891336
22891337
22891338
22891339
22891340
22891341
22891343
22891344
22891345
22891346
22891347
22891348
22891349
22891351
22891352
22891353
22891354
22891355
22891356
22891357
22891358
22891359
22891360
22891361
22891362
22891608
22891610
22891613
22891622
22891626
22891635
22891636
22891645
22891647
22891648
22891650
22891653
22891657
22891675
22891681
22891682
22891683
22891685
22891686
22891692
22891693
22891696
22891701
22891703
22891705
22891706
22891709
22891714
22891748
22891749
22891752
22891755
22891757
22891772
22891784
22891786
22891800
22891801
22891802
22891803
22891805
22891808
22891809
22891813
22891815
22891816
22891817
22891824
22891826
22891827
22891829
22891831
22891833
22891834
22891836
22891838
22891840
22891841
22891843
22891849
22891854
22891858
22891870
22891874
22891879
22891882
22891901
22891905
22891906
22891907
22891908
22891909
22891910
22891911
22891912
22891921
22891930
22891932
22891951
22891953
22891975
22891978
22891989
22891990
22891991
22891992
22891993
22891994
22891996
22891997
22891998
22891999
22892000
22892001
22892002
22892003
22892004
22892005
22892013
22892015
22892029
22892035
22892047
22892056
22892068
22892070
22892071
22892073
22892097
22892100
22892104
22892106
22892107
22892114
22892115
22892116
22892117
22892118
22892119
22892120
22892121
22892127
22892128
22892129
22892130
22892131
22892132
22892134
22892139
22892148
22892149
22892151
22892153
22892154
22892161
22892162
22892163
22892164
22892165
22892166
22892167
22892168
22892169
22892170
22892175
22892177
22892178
22892179
22892187
22892188
22892201
22892204
22892205
22892226
22892239
22892240
22892241
22892242
22892245
22892246
22892247
22892269
22892273
22892274
22892279
22892280
22892281
22892282
22892283
22892288
22892290
22892297
22892298
22892299
22892300
22892301
22892302
22892303
22892304
22892305
22892306
22892307
22892308
22892324
22892337
22892338
22892339
22892340
22892341
22892342
22892344
22892345
22892346
22892351
22892365
22892374
22892375
22892376
22892377
22892378
22892379
22892386
22892389
22892391
22892392
22892393
22892398
22892399
22892401
22892402
22892403
22892440
22892442
22892449
22892450
22892451
22892452
22892453
22892454
22892455
22892466
22892475
22892476
22892477
22892482
22892483
22892484
22892485
22892486
22892487
22892488
22892489
22892490
22892491
22892492
22892493
22892494
22892495
22892496
22892497
22892498
22892499
22892500
22892501
22892502
22892503
22892504
22892505
22892506
22892507
22892508
22892509
22892510
22892511
22892512
22892513
22892514
22892515
22892516
22892517
22892518
22892524
22892525
22892543
22892545
22892547
22892548
22892558
22892559
22892560
22892561
22892566
22892567
22892571
22892572
22892573
22892574
22892575
22892582
22892588
22892597
22892598
22892601
22892603
22892604
22892605
22892606
22892607
22892608
22892609
22892610
22892611
22892612
22892614
22892615
22892616
22892617
22892618
22892619
22892620
22892621
22892622
22892623
22892624
22892625
22892626
22892627
22892628
22892629
22892630
22892631
22892632
22892633
22892645
22892649
22892650
22892651
22892652
22892686
22892701
22892703
22892709
22892710
22892711
22892712
22892723
22892724
22892755
22892756
22892760
22892763
22892764
22892765
22892766
22892767
22892768
22892769
22892770
22892771
22892772
22892773
22892774
22892775
22892776
22892777
22892778
22892779
22892780
22892781
22892782
22892783
22892784
22892785
22892787
22892788
22892789
22892790
22892791
22892792
22892793
22892795
22892802
22892803
22892804
22892805
22892806
22892807
22892808
22892810
22892811
22892812
22892813
22892814
22892815
22892821
22892827
22892832
22892833
22892836
22892861
22892862
22892867
22892868
22892869
22892882
22892889
22892890
22892894
22892895
22892901
22892903
22892907
22892908
22892950
22892951
22892952
22892953
22892954
22892955
22892958
22892983
22892984
22892989
22892990
22892991
22892992
22893000
22893001
22893002
22893009
22893011
22893012
22893017
22893019
22893020
22893021
22893022
22893031
22893032
22893033
22893040
22893136
22893184
22893206
22893225
22893229
22893239
22893270
22893271
22893280
22893281
22893282
22893283
22893284
22893285
22893286
22893287
22893288
22893289
22893290
22893291
22893292
22893293
22893294
22893295
22893296
22893297
22893298
22893299
22893352
22893358
22893361
22893382
22893383
22893384
22893385
22893390
22893396
22893397
22893398
22893399
22893400
22893401
22893402
22893403
22893404
22893405
22893406
22893407
22893408
22893409
22893410
22893411
22893412
22893413
22893414
22893415
22893416
22893417
22893418
22893442
22893447
22893456
22893457
22893458
22893460
22893461
22893462
22893463
22893464
22893465
22893466
22893467
22893468
22893469
22893470
22893471
22893472
22893473
22893474
22893475
22893484
22893485
22893486
22893488
22893489
22893497
22893501
22893506
22893507
22893515
22893523
22893545
22893559
22893575
22893590
22893598
22893600
22893606
22893607
22893609
22893619
22893625
22893627
22893635
22893671
22893672
22893673
22893674
22893675
22893676
22893677
22893678
22893682
22893683
22893684
22893685
22893686
22893687
22893688
22893689
22893693
22893694
22893695
22893698
22893699
22893700
22893701
22893702
22893703
22893704
22893705
22893706
22893707
22893708
22893709
22893710
22893711
22893713
22893714
22893715
22893716
22893717
22893718
22893719
22893720
22893721
22893722
22893723
22893724
22893725
22893726
22893727
22893728
22893734
22893735
22893737
22893738
22893739
22893740
22893741
22893742
22893743
22893744
22893745
22893746
22893747
22893748
22893764
22893765
22893766
22893767
22893768
22893769
22893770
22893771
22893772
22893773
22893774
22893775
22893776
22893777
22893778
22893779
22893780
22893865
22893866
22893868
22893869
22893870
22893871
22893872
22893873
22893874
22893875
22893876
22893877
22893889
22894025
22894026
22894027
22894028
22894029
22894030
22894031
22894032
22894033
22894034
22894035
22894036
22894037
22894038
22894039
22894040
22894041
22894057
22894058
22894059
22894060
22894061
22894062
22894063
22894064
22894065
22894066
22894067
22894068
22894069
22894070
22894071
22894072
22894073
22894074
22894075
22894076
22894077
22894078
22894079
22894080
22894081
22894082
22894083
22894084
22894085
22894086
22894087
22894088
22894131
22894132
22894136
22894139
22894140
22894142
22894145
22894175
22894178
22894179
22894181
22894182
22894183
22894184
22894185
22894186
22894187
22894188
22894189
22894190
22894191
22894192
22894193
22894194
22894195
22894196
22894197
22894198
22894199
22894200
22894201
22894202
22894203
22894204
22894205
22894206
22894207
22894208
22894209
22894210
22894211
22894212
22894213
22894214
22894215
22894216
22894217
22894218
22894219
22894220
22894221
22894222
22894223
22894224
22894225
22894226
22894227
22894228
22894229
22894230
22894231
22894232
22894233
22894234
22894235
22894236
22894237
22894238
22894239
22894240
22894241
22894306
22894307
22894308
22894309
22894310
22894311
22894312
22894313
22894314
22894315
22894316
22894317
22894318
22894319
22894320
22894321
22894322
22894329
22894331
22894336
22894339
22894341
22894344
22894350
22894355
22894360
22894365
22894368
22894382
22894383
22894384
22894385
22894386
22894457
22894458
22894459
22894460
22894461
22894462
22894463
22894464
22894465
22894466
22894467
22894468
22894469
22894470
22894471
22894472
22894473
22894474
22894475
22894476
22894477
22894478
22894479
22894480
22894481
22894482
22894483
22894484
22894485
22894486
22894487
22894488
22894489
22894490
22894491
22894492
22894493
22894494
22894495
22894496
22894497
22894498
22894499
22894500
22894501
22894502
22894503
22894504
22894505
22894506
22894507
22894508
22894509
22894510
22894511
22894512
22894513
22894514
22894515
22894516
22894517
22894518
22894519
22894520
22894521
22894522
22894523
22894524
22894525
22894542
22894543
22894551
22894562
22894567
22894569
22894605
22894606
22894619
22894620
22894621
22894622
22894624
22894625
22894626
22894627
22894628
22894629
22894630
22894631
22894632
22894633
22894634
22894635
22894640
22894647
22894653
22894662
22894663
22894664
22894666
22894667
22894669
22894670
22894671
22894672
22894673
22894674
22894675
22894676
22894678
22894686
22894687
22894690
22894691
22894692
22894693
22894694
22894695
22894696
22894697
22894701
22894718
22894724
22894727
22894728
22894729
22894730
22894731
22894732
22894734
22894736
22894738
22894739
22894740
22894741
22894747
22894750
22894751
22894754
22894756
22894757
22894761
22894765
22894767
22894774
22894775
22894776
22894777
22894778
22894779
22894780
22894781
22894782
22894783
22894784
22894813
22894815
22894828
22894834
22894835
22894836
22894852
22894853
22894859
22894878
22894880
22894914
22894921
22894922
22894923
22894924
22894925
22894926
22894927
22894928
22894939
22894940
22894942
22894943
22894989
22894990
22894991
22894992
22894993
22894994
22894995
22894996
22894997
22894998
22894999
22895000
22895001
22895008
22895014
22895019
22895020
22895025
22895026
22895027
22895028
22895036
22895048
22895056
22895120
22895121
22895122
22895123
22895124
22895125
22895126
22895127
22895128
22895129
22895130
22895131
22895132
22895133
22895134
22895137
22895138
22895139
22895140
22895141
22895142
22895143
22895144
22895145
22895146
22895147
22895148
22895149
22895152
22895153
22895154
22895213
22895214
22895215
22895216
22895217
22895218
22895222
22895256
22895259
22895260
22895261
22895262
22895277
22895347
22895357
22895358
22895359
22895365
22895392
22895394
22895396
22895436
22895437
22895438
22895454
22895455
22895456
22895486
22895487
22895490
22895494
22895496
22895497
22895498
22895499
22895500
22895501
22895502
22895503
22895504
22895505
22895510
22895511
22895512
22895525
22895526
22895554
22895555
22895556
22895568
22895578
22895582
22895588
22895589
22895592
22895611
22895612
22895613
22895624
22895625
22895626
22895627
22895638
22895643
22895644
22895645
22895646
22895647
22895687
22895688
22895689
22895690
22895694
22895700
22895735
22895742
22895743
22895744
22895779
22895780
22895781
22895782
22895783
22895784
22895787
22895790
22895791
22895793
22895798
22895812
22895813
22895817
22895820
22895825
22895839
22895840
22895841
22895852
22895853
22895857
22895858
22895859
22895864
22895865
22895866
22895878
22895879
22895880
22895881
22895887
22895892
22895893
22895897
22895898
22895901
22895902
22895903
22895904
22895905
22895906
22895907
22895994
22895995
22895996
22895999
22896000
22896001
22896002
22896003
22896004
22896005
22896006
22896007
22896008
22896009
22896010
22896037
22896038
22896039
22896040
22896041
22896042
22896043
22896337
22896338
22896555
22896572
22896575
22896576
22896577
22896578
22896579
22896584
22896585
22896586
22896587
22896588
22896589
22896593
22896596
22896597
22896598
22896599
22896600
22896601
22896602
22896603
22896604
22896605
22896606
22896607
22896608
22896609
22896610
22896611
22896612
22896613
22896614
22896615
22896616
22896617
22896618
22896619
22896620
22896621
22896622
22896623
22896624
22896625
22896626
22896627
22896628
22896629
22896630
22896631
22896632
22896633
22896634
22896635
22896636
22896637
22896638
22896639
22896640
22896659
22896660
22896664
22896665
22896685
22896690
22896691
22896692
22896693
22896694
22896695
22896696
22896697
22896698
22896699
22896700
22896701
22896702
22896703
22896704
22896705
22896706
22896707
22896708
22896709
22896710
22896711
22896714
22896715
22896730
22896731
22896732
22896733
22896734
22896735
22896736
22896737
22896741
22896834
22896835
22896836
22896838
22896855
22896925
22896926
22896927
22896928
22896929
22896930
22896931
22896932
22896933
22896934
22896935
22896936
22896937
22897107
22897110
22897115
22897121
22897131
22897133
22897139
22897140
22897145
22897152
22897155
22897165
22897167
22897173
22897174
22897175
22897176
22897180
22897181
22897182
22897183
22897184
22897185
22897186
22897187
22897188
22897189
22897190
22897191
22897192
22897193
22897194
22897195
22897196
22897197
22897198
22897201
22897206
22897207
22897211
22897212
22897213
22897214
22897215
22897227
22897232
22897240
22897242
22897252
22897254
22897256
22897257
22897262
22897272
22897276
22897278
22897281
22897291
22897293
22897300
22897305
22897307
22897308
22897310
22897312
22897313
22897314
22897315
22897320
22897324
22897332
22897336
22897340
22897342
22897352
22897355
22897356
22897357
22897358
22897359
22897362
22897393
22897407
22897411
22897412
22897414
22897421
22897429
22897430
22897432
22897433
22897443
22897445
22897449
22897451
22897452
22897457
22897458
22897459
22897460
22897461
22897462
22897463
22897464
22897465
22897466
22897467
22897468
22897470
22897478
22897479
22897481
22897492
22897495
22897496
22897497
22897508
22897509
22897522
22897523
22897524
22897525
22897526
22897527
22897528
22897529
22897531
22897533
22897534
22897536
22897537
22897539
22897540
22897541
22897542
22897543
22897544
22897545
22897546
22897547
22897548
22897549
22897550
22897551
22897552
22897553
22897554
22897556
22897557
22897558
22897559
22897565
22897570
22897589
22897606
22897610
22897611
22897612
22897618
22897620
22897623
22897627
22897632
22897635
22897640
22897645
22897646
22897658
22897664
22897665
22897667
22897668
22897669
22897671
22897673
22897675
22897677
22897679
22897682
22897684
22897687
22897701
22897706
22897722
22897739
22897741
22897751
22897764
22897765
22897766
22897767
22897768
22897769
22897770
22897772
22897780
22897781
22897782
22897783
22897784
22897787
22897791
22897793
22897803
22897823
22897824
22897833
22897834
22897837
22897859
22897860
22897862
22897863
22897864
22897865
22897870
22897871
22897873
22897874
22897875
22897876
22897877
22897889
22897891
22897892
22897901
22897903
22897910
22897911
22897918
22897922
22897929
22897936
22897945
22897946
22897951
22897952
22897955
22897956
22897957
22897958
22897959
22897960
22897961
22897962
22897963
22897969
22897970
22897980
22897981
22898009
22898010
22898011
22898012
22898013
22898014
22898015
22898016
22898017
22898018
22898019
22898020
22898021
22898023
22898024
22898025
22898026
22898027
22898028
22898029
22898043
22898045
22898046
22898047
22898048
22898049
22898050
22898051
22898061
22898062
22898063
22898064
22898065
22898066
22898067
22898080
22898081
22898082
22898083
22898097
22898098
22898099
22898104
22898113
22898115
22898116
22898117
22898118
22898119
22898120
22898121
22898122
22898123
22898124
22898125
22898126
22898127
22898128
22898129
22898130
22898133
22898144
22898153
22898154
22898155
22898156
22898157
22898158
22898159
22898160
22898161
22898162
22898163
22898164
22898165
22898166
22898167
22898168
22898169
22898170
22898171
22898172
22898174
22898180
22898181
22898182
22898186
22898187
22898188
22898189
22898191
22898206
22898207
22898209
22898210
22898211
22898213
22898214
22898215
22898216
22898217
22898218
22898219
22898220
22898221
22898222
22898223
22898224
22898226
22898227
22898228
22898229
22898230
22898231
22898232
22898233
22898234
22898235
22898236
22898237
22898249
22898263
22898272
22898273
22898274
22898275
22898276
22898277
22898278
22898279
22898280
22898281
22898282
22898283
22898284
22898285
22898286
22898287
22898288
22898289
22898290
22898291
22898302
22898304
22898305
22898306
22898311
22898319
22898320
22898321
22898349
22898350
22898353
22898369
22898371
22898372
22898373
22898380
22898381
22898382
22898383
22898388
22898402
22898403
22898404
22898405
22898406
22898407
22898408
22898409
22898410
22898411
22898412
22898413
22898414
22898415
22898416
22898417
22898419
22898420
22898421
22898422
22898423
22898424
22898425
22898426
22898429
22898431
22898452
22898456
22898467
22898475
22898476
22898477
22898478
22898479
22898480
22898481
22898482
22898483
22898484
22898485
22898486
22898487
22898499
22898500
22898502
22898503
22898505
22898522
22898524
22898525
22898526
22898527
22898528
22898529
22898531
22898537
22898573
22898574
22898575
22898576
22898577
22898578
22898579
22898580
22898581
22898582
22898583
22898584
22898585
22898597
22898598
22898599
22898600
22898601
22898602
22898603
22898604
22898605
22898611
22898619
22898622
22898623
22898624
22898626
22898628
22898629
22898630
22898631
22898632
22898633
22898634
22898635
22898636
22898637
22898638
22898639
22898640
22898641
22898642
22898643
22898660
22898661
22898662
22898663
22898666
22898667
22898668
22898669
22898670
22898671
22898702
22898703
22898704
22898709
22898719
22898720
22898737
22898739
22898740
22898745
22898746
22898753
22898761
22898791
22898796
22898808
22898811
22898812
22898813
22898814
22898815
22898816
22898817
22898818
22898819
22898820
22898821
22898822
22898824
22898833
22898867
22898873
22898874
22898877
22898884
22898888
22898889
22898894
22898895
22898905
22898908
22898921
22898933
22898953
22898957
22898959
22898960
22898962
22898963
22898965
22898966
22898984
22898985
22898986
22898987
22898988
22898997
22899004
22899008
22899009
22899010
22899017
22899018
22899019
22899096
22899112
22899113
22899115
22899116
22899117
22899118
22899119
22899121
22899128
22899129
22899130
22899132
22899133
22899134
22899135
22899136
22899137
22899138
22899139
22899140
22899141
22899142
22899143
22899144
22899145
22899146
22899147
22899148
22899149
22899150
22899151
22899152
22899153
22899154
22899155
22899156
22899157
22899158
22899159
22899160
22899164
22899169
22899174
22899180
22899181
22899182
22899190
22899191
22899192
22899193
22899194
22899195
22899196
22899197
22899198
22899199
22899200
22899201
22899202
22899203
22899204
22899205
22899221
22899223
22899225
22899238
22899251
22899254
22899255
22899256
22899257
22899258
22899259
22899260
22899261
22899262
22899263
22899264
22899265
22899266
22899267
22899268
22899269
22899270
22899283
22899304
22899310
22899318
22899319
22899322
22899330
22899331
22899332
22899333
22899334
22899335
22899343
22899347
22899353
22899375
22899377
22899383
22899386
22899401
22899405
22899406
22899407
22899408
22899409
22899410
22899411
22899412
22899413
22899414
22899415
22899416
22899417
22899418
22899423
22899428
22899429
22899430
22899431
22899432
22899433
22899434
22899435
22899436
22899441
22899443
22899445
22899462
22899485
22899488
22899489
22899492
22899493
22899494
22899495
22899497
22899498
22899503
22899504
22899505
22899506
22899509
22899510
22899511
22899512
22899513
22899514
22899515
22899516
22899517
22899518
22899520
22899524
22899526
22899527
22899528
22899529
22899530
22899533
22899534
22899536
22899537
22899539
22899544
22899553
22899554
22899559
22899560
22899561
22899564
22899588
22899590
22899591
22899592
22899602
22899603
22899604
22899605
22899606
22899607
22899608
22899609
22899610
22899611
22899612
22899613
22899614
22899615
22899616
22899617
22899618
22899619
22899620
22899621
22899638
22899639
22899645
22899702
22899703
22899704
22899705
22899729
22899730
22899731
22899732
22899733
22899734
22899735
22899736
22899737
22899738
22899739
22899740
22899741
22899742
22899743
22899744
22899745
22899746
22899747
22899751
22899752
22899753
22899754
22899755
22899756
22899757
22899758
22899759
22899760
22899761
22899762
22899763
22899764
22899766
22899767
22899768
22899771
22899772
22899774
22899775
22899777
22899778
22899779
22899780
22899781
22899782
22899811
22899815
22899820
22899821
22899822
22899823
22899824
22899825
22899844
22899845
22899846
22899847
22899848
22899849
22899850
22899851
22899852
22899859
22899860
22899861
22899862
22899863
22899864
22899865
22899878
22899879
22899882
22899883
22899884
22899885
22899886
22899887
22899888
22899889
22899890
22899891
22899893
22899894
22899900
22899901
22899902
22899945
22899946
22899947
22899948
22899949
22900206
22900207
22900208
22900236
22900237
22900238
22900239
22900241
22900242
22900244
22900245
22900246
22900247
22900248
22900249
22900250
22900251
22900252
22900253
22900254
22900255
22900256
22900258
22900261
22900262
22900263
22900474
22900477
22900483
22900484
22900485
22900487
22900488
22900491
22900500
22900503
22900505
22900506
22900507
22900508
22900526
22900539
22900541
22900542
22900548
22900551
22900552
22900553
22900554
22900555
22900556
22900557
22900558
22900559
22900560
22900562
22900563
22900569
22900571
22900575
22900585
22900587
22900589
22900590
22900597
22900603
22900606
22900613
22900617
22900620
22900623
22900624
22900625
22900626
22900635
22900641
22900642
22900643
22900664
22900666
22900672
22900675
22900680
22900702
22900708
22900710
22900714
22900737
22900738
22900739
22900740
22900743
22900744
22900746
22900747
22900750
22900757
22900764
22900784
22900787
22900795
22900796
22900817
22900818
22900823
22900833
22900837
22900839
22900840
22900841
22900843
22900844
22900846
22900847
22900848
22900849
22900884
22900891
22900903
22900906
22900915
22900921
22900928
22900930
22900932
22900940
22900945
22900946
22900947
22900949
22900950
22900951
22900965
22900971
22900972
22900973
22900987
22900989
22900991
22900994
22900995
22900997
22901001
22901003
22901007
22901008
22901010
22901012
22901013
22901016
22901018
22901019
22901020
22901024
22901028
22901033
22901035
22901043
22901044
22901046
22901055
22901059
22901062
22901063
22901064
22901065
22901066
22901067
22901068
22901069
22901070
22901071
22901072
22901073
22901074
22901076
22901083
22901084
22901099
22901103
22901109
22901110
22901111
22901112
22901113
22901114
22901115
22901116
22901117
22901118
22901119
22901120
22901121
22901122
22901123
22901124
22901125
22901126
22901127
22901128
22901129
22901130
22901131
22901132
22901133
22901134
22901135
22901136
22901137
22901138
22901139
22901140
22901141
22901142
22901143
22901144
22901145
22901146
22901147
22901148
22901149
22901150
22901151
22901152
22901153
22901154
22901155
22901156
22901157
22901158
22901159
22901160
22901161
22901162
22901163
22901164
22901165
22901166
22901167
22901168
22901169
22901170
22901171
22901172
22901173
22901174
22901175
22901176
22901177
22901178
22901179
22901180
22901181
22901182
22901183
22901184
22901185
22901186
22901187
22901188
22901189
22901190
22901191
22901192
22901193
22901194
22901195
22901196
22901197
22901198
22901199
22901200
22901201
22901202
22901203
22901204
22901205
22901206
22901207
22901208
22901209
22901210
22901211
22901212
22901213
22901214
22901215
22901216
22901217
22901218
22901219
22901220
22901221
22901222
22901223
22901224
22901225
22901226
22901227
22901228
22901229
22901230
22901231
22901232
22901233
22901238
22901240
22901245
22901248
22901277
22901281
22901287
22901288
22901289
22901290
22901291
22901294
22901295
22901296
22901297
22901298
22901299
22901300
22901301
22901302
22901303
22901304
22901305
22901308
22901310
22901311
22901327
22901340
22901381
22901384
22901385
22901386
22901387
22901388
22901389
22901390
22901391
22901392
22901393
22901394
22901396
22901397
22901398
22901406
22901407
22901408
22901409
22901433
22901444
22901445
22901446
22901447
22901448
22901449
22901460
22901498
22901499
22901500
22901507
22901508
22901509
22901523
22901524
22901535
22901536
22901537
22901538
22901539
22901540
22901541
22901542
22901543
22901544
22901553
22901554
22901555
22901556
22901557
22901558
22901559
22901560
22901561
22901562
22901563
22901566
22901567
22901568
22901569
22901571
22901572
22901573
22901574
22901575
22901576
22901577
22901578
22901581
22901583
22901586
22901589
22901590
22901591
22901595
22901596
22901603
22901604
22901605
22901606
22901607
22901608
22901609
22901610
22901611
22901612
22901613
22901614
22901615
22901616
22901617
22901619
22901622
22901627
22901663
22901666
22901667
22901669
22901674
22901675
22901695
22901700
22901703
22901706
22901710
22901715
22901738
22901740
22901758
22901759
22901765
22901766
22901768
22901780
22901781
22901782
22901783
22901784
22901785
22901792
22901795
22901797
22901816
22901817
22901818
22901819
22901820
22901821
22901822
22901823
