22901824
22901825
22901846
22901847
22901848
22901849
22901850
22901851
22901852
22901856
22901857
22901863
22901894
22901895
22901896
22901897
22901898
22901899
22901900
22901904
22901905
22901906
22901907
22901908
22901909
22901910
22901911
22901912
22901913
22901914
22901915
22901916
22901917
22901918
22901919
22901920
22901921
22901922
22901923
22901924
22901925
22901926
22901927
22901928
22901929
22901930
22901931
22901935
22901936
22901937
22901938
22901939
22901940
22901941
22901942
22901943
22901946
22901947
22901948
22901949
22901950
22901951
22901952
22901959
22901960
22901961
22901962
22901964
22901969
22901970
22901971
22901976
22901979
22901981
22901986
22902004
22902008
22902011
22902012
22902013
22902014
22902015
22902016
22902017
22902018
22902021
22902022
22902023
22902026
22902027
22902028
22902029
22902030
22902033
22902036
22902041
22902043
22902044
22902046
22902049
22902050
22902051
22902052
22902054
22902056
22902057
22902058
22902060
22902061
22902067
22902068
22902069
22902070
22902071
22902073
22902075
22902076
22902077
22902081
22902082
22902084
22902085
22902086
22902087
22902088
22902089
22902090
22902096
22902100
22902101
22902102
22902103
22902108
22902109
22902110
22902111
22902112
22902113
22902114
22902115
22902116
22902117
22902118
22902119
22902120
22902121
22902122
22902129
22902130
22902131
22902132
22902133
22902134
22902141
22902142
22902143
22902150
22902152
22902153
22902159
22902160
22902188
22902204
22902232
22902233
22902234
22902236
22902238
22902243
22902248
22902249
22902263
22902265
22902266
22902270
22902272
22902303
22902304
22902317
22902350
22902351
22902366
22902367
22902368
22902369
22902370
22902371
22902372
22902373
22902374
22902375
22902376
22902377
22902378
22902379
22902380
22902381
22902382
22902401
22902411
22902412
22902413
22902414
22902415
22902416
22902417
22902418
22902419
22902420
22902421
22902422
22902425
22902478
22902479
22902488
22902489
22902490
22902491
22902499
22902502
22902505
22902509
22902520
22902521
22902530
22902531
22902533
22902535
22902536
22902537
22902544
22902545
22902555
22902556
22902557
22902558
22902559
22902560
22902561
22902562
22902565
22902588
22902609
22902619
22902620
22902621
22902622
22902623
22902624
22902625
22902626
22902627
22902628
22902629
22902631
22902632
22902633
22902634
22902635
22902636
22902637
22902638
22902639
22902644
22902647
22902652
22902653
22902654
22902655
22902656
22902657
22902658
22902659
22902660
22902661
22902662
22902663
22902664
22902665
22902666
22902667
22902668
22902669
22902670
22902671
22902672
22902673
22902674
22902677
22902679
22902680
22902682
22902711
22902712
22902713
22902714
22902715
22902716
22902717
22902721
22902722
22902723
22902731
22902732
22902733
22902734
22902735
22902736
22902739
22902740
22902745
22902746
22902747
22902748
22902773
22902780
22902781
22902783
22902784
22902786
22902787
22902788
22902790
22902791
22902792
22902793
22902830
22902832
22902833
22902835
22902836
22902860
22902866
22902871
22902872
22902874
22902875
22902876
22902882
22902883
22902884
22902885
22902886
22902898
22902902
22902903
22902906
22902907
22902908
22902909
22902911
22902912
22902913
22902935
22902952
22902958
22902962
22902963
22902965
22902967
22902969
22902972
22902974
22902975
22902976
22902977
22902978
22902979
22902980
22902981
22902982
22902990
22902991
22902992
22902993
22902995
22903005
22903017
22903026
22903028
22903029
22903030
22903032
22903033
22903034
22903035
22903053
22903054
22903058
22903061
22903062
22903063
22903064
22903066
22903071
22903072
22903091
22903145
22903149
22903150
22903154
22903155
22903158
22903160
22903161
22903186
22903190
22903195
22903196
22903205
22903206
22903207
22903208
22903210
22903212
22903213
22903214
22903215
22903216
22903224
22903226
22903228
22903229
22903231
22903232
22903236
22903237
22903239
22903240
22903262
22903264
22903268
22903276
22903281
22903283
22903286
22903295
22903299
22903313
22903347
22903356
22903377
22903380
22903395
22903397
22903403
22903453
22903463
22903466
22903494
22903495
22903501
22903511
22903512
22903513
22903514
22903531
22903533
22903535
22903536
22903537
22903551
22903587
22903596
22903610
22903611
22903612
22903613
22903614
22903615
22903616
22903617
22903618
22903621
22903648
22903649
22903653
22903654
22903655
22903687
22903688
22903690
22903694
22903705
22903706
22903707
22903708
22903709
22903710
22903711
22903712
22903713
22903714
22903715
22903716
22903717
22903718
22903719
22903720
22903721
22903722
22903723
22903724
22903725
22903732
22903733
22903749
22903750
22903759
22903775
22903797
22903800
22903803
22903810
22903827
22903828
22903829
22903830
22903831
22903832
22903833
22903839
22903840
22903841
22903842
22903850
22903851
22903852
22903853
22903854
22903855
22903856
22903857
22903858
22903859
22903866
22903867
22903868
22903869
22903870
22903871
22903872
22903873
22903875
22903880
22903881
22903882
22903883
22903884
22903885
22903886
22903887
22903901
22903902
22903904
22903905
22903906
22903907
22903908
22903909
22903910
22903911
22903912
22903916
22903917
22903918
22903919
22903920
22903921
22903922
22903923
22903925
22903926
22904063
22904064
22904065
22904066
22904067
22904068
22904069
22904070
22904071
22904072
22904073
22904074
22904075
22904076
22904077
22904079
22904080
22904082
22904083
22904084
22904087
22904088
22904090
22904091
22904092
22904093
22904094
22904155
22904156
22904157
22904158
22904159
22904160
22904161
22904168
22904169
22904170
22904171
22904172
22904173
22904174
22904175
22904176
22904177
22904179
22904180
22904181
22904182
22904183
22904185
22904186
22904187
22904188
22904189
22904190
22904191
22904192
22904193
22904194
22904195
22904196
22904197
22904198
22904203
22904204
22904205
22904206
22904209
22904210
22904237
22904244
22904245
22904246
22904247
22904248
22904249
22904250
22904251
22904253
22904254
22904255
22904257
22904261
22904266
22904270
22904271
22904272
22904273
22904274
22904275
22904276
22904277
22904278
22904279
22904280
22904281
22904282
22904283
22904284
22904285
22904286
22904287
22904288
22904289
22904290
22904291
22904296
22904297
22904298
22904299
22904300
22904301
22904302
22904303
22904304
22904305
22904306
22904307
22904308
22904309
22904310
22904311
22904312
22904313
22904317
22904318
22904319
22904320
22904321
22904322
22904323
22904324
22904325
22904326
22904327
22904328
22904329
22904335
22904336
22904337
22904338
22904339
22904341
22904342
22904347
22904348
22904350
22904351
22904352
22904353
22904354
22904355
22904356
22904357
22904358
22904366
22904367
22904368
22904369
22904370
22904371
22904372
22904373
22904374
22904375
22904666
22904667
22904668
22904669
22904670
22904671
22904672
22904685
22904686
22904687
22904688
22904689
22904691
22905273
22905274
22905275
22905276
22905277
22905343
22905344
22905650
22905655
22905656
22905657
22905658
22905659
22905660
22905661
22905663
22905664
22905665
22905666
22905672
22905679
22905683
22905686
22905687
22905688
22905691
22905692
22905696
22905707
22905713
22905714
22905723
22905734
22905736
22905742
22905743
22905747
22905751
22905763
22905780
22905781
22905782
22905787
22905794
22905796
22905799
22905802
22905812
22905831
22905859
22905863
22905886
22905894
22905900
22905901
22905942
22905943
22905944
22905945
22905946
22905947
22905966
22905973
22905974
22905975
22905976
22905977
22905978
22905979
22905980
22905984
22905991
22905995
22905996
22906002
22906005
22906009
22906010
22906011
22906012
22906013
22906014
22906015
22906016
22906038
22906048
22906049
22906055
22906059
22906065
22906069
22906072
22906073
22906074
22906076
22906093
22906096
22906097
22906098
22906108
22906109
22906116
22906125
22906127
22906128
22906148
22906150
22906164
22906167
22906168
22906169
22906170
22906171
22906172
22906173
22906174
22906183
22906185
22906198
22906201
22906204
22906215
22906222
22906227
22906233
22906239
22906244
22906245
22906246
22906248
22906249
22906250
22906251
22906252
22906255
22906256
22906257
22906258
22906259
22906260
22906261
22906262
22906263
22906264
22906265
22906266
22906267
22906268
22906269
22906270
22906271
22906272
22906273
22906274
22906275
22906276
22906277
22906278
22906279
22906280
22906281
22906282
22906283
22906284
22906285
22906286
22906287
22906288
22906289
22906290
22906291
22906292
22906293
22906294
22906295
22906298
22906300
22906301
22906305
22906312
22906316
22906360
22906368
22906369
22906370
22906396
22906397
22906398
22906399
22906409
22906412
22906417
22906418
22906427
22906428
22906429
22906430
22906436
22906437
22906473
22906474
22906475
22906481
22906487
22906488
22906494
22906495
22906496
22906497
22906512
22906523
22906524
22906525
22906526
22906527
22906536
22906540
22906541
22906550
22906556
22906562
22906593
22906600
22906601
22906615
22906616
22906622
22906627
22906628
22906631
22906632
22906633
22906634
22906635
22906642
22906643
22906644
22906645
22906646
22906647
22906651
22906655
22906656
22906657
22906659
22906660
22906661
22906662
22906663
22906664
22906665
22906666
22906668
22906669
22906671
22906676
22906677
22906679
22906680
22906681
22906694
22906696
22906698
22906699
22906700
22906711
22906712
22906713
22906720
22906723
22906724
22906725
22906728
22906733
22906736
22906739
22906740
22906741
22906742
22906743
22906755
22906757
22906773
22906778
22906781
22906782
22906783
22906801
22906802
22906803
22906810
22906826
22906837
22906843
22906844
22906847
22906848
22906866
22906867
22906875
22906876
22906893
22906894
22906895
22906921
22906922
22906956
22906961
22906972
22906973
22906975
22906982
22906983
22906984
22906985
22906986
22906987
22906996
22907011
22907012
22907016
22907018
22907020
22907025
22907027
22907032
22907041
22907042
22907043
22907044
22907045
22907061
22907070
22907071
22907074
22907077
22907101
22907103
22907104
22907107
22907108
22907109
22907110
22907111
22907112
22907113
22907114
22907115
22907116
22907117
22907123
22907128
22907131
22907155
22907156
22907157
22907158
22907170
22907173
22907177
22907186
22907187
22907192
22907203
22907204
22907257
22907267
22907275
22907277
22907278
22907279
22907280
22907281
22907282
22907285
22907286
22907294
22907314
22907331
22907337
22907338
22907339
22907340
22907341
22907342
22907343
22907344
22907345
22907346
22907347
22907348
22907349
22907350
22907351
22907352
22907353
22907354
22907355
22907356
22907357
22907358
22907359
22907360
22907361
22907362
22907363
22907364
22907365
22907366
22907367
22907368
22907369
22907370
22907371
22907372
22907373
22907374
22907375
22907376
22907377
22907378
22907379
22907380
22907381
22907382
22907384
22907389
22907398
22907399
22907400
22907401
22907402
22907403
22907404
22907405
22907406
22907407
22907408
22907409
22907410
22907411
22907412
22907413
22907441
22907442
22907443
22907444
22907445
22907446
22907447
22907448
22907449
22907450
22907451
22907452
22907453
22907454
22907455
22907456
22907457
22907458
22907459
22907460
22907461
22907462
22907463
22907464
22907465
22907466
22907467
22907468
22907469
22907470
22907471
22907473
22907475
22907482
22907483
22907487
22907488
22907489
22907490
22907491
22907492
22907493
22907494
22907495
22907496
22907497
22907498
22907499
22907500
22907501
22907502
22907503
22907504
22907505
22907527
22907529
22907560
22907562
22907572
22907573
22907574
22907575
22907576
22907577
22907578
22907579
22907580
22907581
22907582
22907584
22907607
22907628
22907635
22907645
22907648
22907651
22907654
22907676
22907679
22907680
22907681
22907682
22907683
22907684
22907685
22907716
22907722
22907733
22907734
22907740
22907743
22907750
22907751
22907752
22907753
22907754
22907755
22907756
22907757
22907758
22907759
22907767
22907768
22907771
22907786
22907795
22907798
22907802
22907810
22907831
22907837
22907840
22907842
22907843
22907844
22907874
22907892
22907896
22907897
22907902
22907903
22907917
22907919
22907920
22907929
22907934
22907935
22907936
22907946
22907955
22907956
22908032
22908047
22908048
22908049
22908050
22908051
22908052
22908094
22908095
22908119
22908122
22908129
22908130
22908134
22908135
22908136
22908137
22908138
22908139
22908141
22908142
22908143
22908145
22908147
22908148
22908207
22908219
22908220
22908221
22908222
22908223
22908224
22908225
22908226
22908227
22908228
22908229
22908230
22908231
22908232
22908234
22908235
22908237
22908238
22908239
22908240
22908241
22908242
22908243
22908244
22908245
22908246
22908247
22908248
22908249
22908250
22908251
22908252
22908253
22908254
22908255
22908256
22908257
22908258
22908259
22908260
22908261
22908262
22908263
22908264
22908265
22908266
22908267
22908268
22908269
22908270
22908271
22908272
22908273
22908274
22908275
22908276
22908277
22908278
22908279
22908280
22908282
22908283
22908284
22908285
22908286
22908287
22908288
22908290
22908291
22908292
22908294
22908295
22908296
22908297
22908298
22908299
22908300
22908302
22908303
22908326
22908327
22908328
22908329
22908330
22908331
22908332
22908333
22908395
22908397
22908398
22908399
22908400
22908401
22908402
22908403
22908404
22908405
22908406
22908407
22908844
22908845
22908848
22908849
22908851
22908854
22908857
22908877
22908880
22908882
22908884
22908885
22908895
22908896
22908907
22908912
22908913
22908915
22908916
22908919
22908920
22908921
22908922
22908923
22908924
22908925
22908926
22908930
22908932
22908937
22908949
22908950
22908951
22908952
22908953
22908955
22908957
22908959
22908969
22908970
22908971
22908972
22908973
22908974
22908975
22908976
22908987
22908992
22908996
22909011
22909017
22909019
22909039
22909040
22909041
22909042
22909043
22909044
22909045
22909049
22909050
22909053
22909062
22909067
22909073
22909088
22909095
22909097
22909102
22909119
22909127
22909132
22909134
22909135
22909136
22909137
22909138
22909139
22909140
22909145
22909146
22909147
22909148
22909152
22909159
22909160
22909161
22909162
22909163
22909164
22909165
22909166
22909167
22909168
22909169
22909174
22909191
22909192
22909195
22909215
22909219
22909226
22909231
22909232
22909237
22909238
22909239
22909240
22909241
22909242
22909243
22909244
22909247
22909257
22909263
22909271
22909276
22909284
22909289
22909292
22909313
22909318
22909319
22909325
22909326
22909341
22909346
22909347
22909352
22909382
22909387
22909389
22909390
22909392
22909397
22909406
22909414
22909415
22909423
22909443
22909788
22909790
22909791
22909799
22909800
22909819
22909820
22909821
22909890
22909892
22909898
22909900
22909951
22909953
22909954
22909961
22909965
22909969
22909975
22909977
22909978
22909979
22909980
22909981
22909996
22910000
22910002
22910020
22910021
22910022
22910023
22910024
22910025
22910026
22910027
22910028
22910029
22910030
22910038
22910039
22910060
22910061
22910062
22910082
22910083
22910084
22910085
22910086
22910087
22910088
22910089
22910090
22910091
22910092
22910093
22910101
22910123
22910149
22910150
22910152
22910153
22910154
22910155
22910156
22910157
22910158
22910159
22910160
22910161
22910162
22910163
22910164
22910165
22910166
22910167
22910168
22910169
22910171
22910180
22910181
22910191
22910192
22910194
22910200
22910201
22910202
22910203
22910204
22910205
22910206
22910207
22910208
22910209
22910210
22910211
22910212
22910218
22910233
22910235
22910237
22910239
22910241
22910242
22910244
22910247
22910249
22910250
22910252
22910255
22910256
22910257
22910259
22910260
22910261
22910262
22910263
22910264
22910265
22910268
22910271
22910272
22910297
22910299
22910304
22910305
22910324
22910329
22910330
22910331
22910332
22910333
22910334
22910337
22910338
22910375
22910408
22910409
22910411
22910412
22910413
22910414
22910415
22910416
22910417
22910418
22910419
22910420
22910436
22910437
22910438
22910439
22910440
22910441
22910442
22910443
22910444
22910449
22910451
22910452
22910453
22910487
22910531
22910532
22910541
22910542
22910543
22910562
22910565
22910566
22910567
22910568
22910569
22910570
22910571
22910572
22910575
22910593
22910608
22910609
22910610
22910611
22910612
22910613
22910631
22910633
22910643
22910662
22910663
22910664
22910665
22910666
22910667
22910668
22910669
22910670
22910671
22910672
22910673
22910713
22910714
22910718
22910719
22910720
22910721
22910722
22910723
22910724
22910725
22910726
22910727
22910728
22910729
22910730
22910731
22910767
22910769
22910790
22910798
22910810
22910833
22910874
22910880
22910888
22910893
22910894
22910895
22910903
22910904
22910905
22910906
22910907
22910908
22910909
22910910
22910911
22910912
22910913
22910914
22910915
22910975
22910976
22910977
22911001
22911005
22911011
22911014
22911019
22911022
22911023
22911024
22911025
22911045
22911052
22911055
22911056
22911059
22911097
22911098
22911099
22911102
22911108
22911112
22911119
22911130
22911135
22911155
22911156
22911157
22911162
22911163
22911167
22911172
22911175
22911176
22911177
22911221
22911239
22911240
22911241
22911245
22911246
22911247
22911266
22911267
22911272
22911277
22911328
22911331
22911332
22911333
22911334
22911335
22911336
22911338
22911340
22911342
22911348
22911350
22911351
22911352
22911353
22911355
22911356
22911357
22911359
22911369
22911370
22911376
22911399
22911400
22911401
22911402
22911403
22911404
22911405
22911406
22911407
22911408
22911409
22911410
22911411
22911412
22911413
22911414
22911415
22911416
22911417
22911418
22911419
22911420
22911421
22911422
22911423
22911424
22911429
22911431
22911440
22911446
22911457
22911479
22911480
22911481
22911482
22911483
22911484
22911485
22911498
22911536
22911537
22911538
22911539
22911565
22911581
22911582
22911583
22911584
22911585
22911586
22911587
22911588
22911589
22911590
22911591
22911592
22911593
22911594
22911595
22911596
22911597
22911598
22911599
22911600
22911601
22911602
22911603
22911604
22911605
22911606
22911607
22911615
22911630
22911651
22911669
22911670
22911671
22911675
22911882
22911888
22911894
22911895
22911903
22911906
22911925
22911967
22911968
22911969
22911973
22911978
22912247
22912339
22912340
22912364
22912365
22912366
22912367
22912368
22912372
22912382
22912383
22912384
22912385
22912386
22912396
22912397
22912398
22912399
22912400
22912401
22912402
22912403
22912404
22912405
22912406
22912408
22912419
22912420
22912484
22912485
22912486
22912487
22912488
22912489
22912490
22912491
22912492
22912493
22912494
22912563
22912564
22912565
22912566
22912567
22912568
22912569
22912570
22912571
22912572
22912573
22912574
22912575
22912576
22912577
22912578
22912579
22912580
22912581
22912582
22912583
22912584
22912585
22912586
22912587
22912588
22912589
22912590
22912591
22912592
22912593
22912594
22912595
22912596
22912597
22912598
22912599
22912963
22912967
22912968
22912989
22913233
22913272
22913277
22913284
22913285
22913286
22913295
22913314
22913328
22913345
22913348
22913349
22913350
22913353
22913354
22913355
22913356
22913357
22913358
22913359
22913363
22913367
22913378
22913382
22913387
22913390
22913395
22913399
22913400
22913409
22913414
22913425
22913429
22913434
22913436
22913438
22913439
22913440
22913441
22913442
22913443
22913444
22913445
22913446
22913447
22913448
22913449
22913460
22913465
22913470
22913481
22913484
22913487
22913488
22913491
22913494
22913495
22913496
22913501
22913502
22913503
22913509
22913511
22913513
22913516
22913522
22913525
22913526
22913530
22913531
22913532
22913540
22913541
22913542
22913545
22913550
22913551
22913554
22913555
22913556
22913557
22913558
22913559
22913560
22913569
22913574
22913577
22913583
22913587
22913593
22913594
22913595
22913596
22913597
22913600
22913608
22913611
22913618
22913621
22913626
22913627
22913630
22913632
22913633
22913637
22913638
22913646
22913647
22913648
22913653
22913656
22913659
22913668
22913670
22913671
22913672
22913675
22913713
22913714
22913716
22913718
22913725
22913732
22913733
22913735
22913742
22913744
22913753
22913758
22913764
22913765
22913772
22913776
22913786
22913787
22913788
22913789
22913790
22913791
22913793
22913795
22913800
22913809
22913811
22913876
22913888
22913889
22913890
22913891
22913892
22913893
22913894
22913895
22913896
22913897
22913898
22913899
22913900
22913901
22913902
22913903
22913904
22913905
22913906
22913907
22913908
22913909
22913910
22913911
22913912
22913913
22913922
22913923
22913924
22913962
22913963
22913989
22913990
22913991
22913992
22913993
22913994
22913995
22913996
22913997
22913998
22913999
22914000
22914001
22914016
22914017
22914019
22914020
22914022
22914023
22914028
22914029
22914030
22914033
22914034
22914035
22914036
22914037
22914038
22914039
22914046
22914048
22914049
22914050
22914051
22914073
22914074
22914075
22914076
22914077
22914078
22914083
22914098
22914099
22914117
22914174
22914175
22914203
22914295
22914296
22914300
22914301
22914302
22914320
22914321
22914322
22914341
22914343
22914346
22914347
22914348
22914351
22914352
22914353
22914354
22914355
22914356
22914357
22914358
22914359
22914383
22914384
22914387
22914388
22914389
22914390
22914391
22914392
22914393
22914394
22914395
22914396
22914397
22914398
22914399
22914400
22914401
22914402
22914403
22914404
22914405
22914406
22914407
22914408
22914421
22914422
22914423
22914427
22914429
22914430
22914431
22914432
22914441
22914443
22914444
22914445
22914453
22914454
22914498
22914499
22914501
22914503
22914507
22914508
22914509
22914510
22914511
22914512
22914513
22914514
22914515
22914516
22914517
22914518
22914519
22914520
22914521
22914522
22914523
22914524
22914525
22914526
22914527
22914528
22914529
22914532
22914533
22914536
22914537
22914538
22914539
22914540
22914542
22914544
22914550
22914551
22914552
22914562
22914563
22914564
22914565
22914575
22914577
22914583
22914595
22914604
22914628
22914629
22914630
22914631
22914632
22914633
22914634
22914635
22914636
22914637
22914638
22914639
22914640
22914641
22914642
22914643
22914644
22914645
22914646
22914647
22914648
22914662
22914665
22914666
22914667
22914668
22914687
22914690
22914691
22914692
22914693
22914694
22914695
22914696
22914697
22914742
22914747
22914748
22914749
22914750
22914751
22914752
22914753
22914762
22914774
22914778
22914779
22914780
22914781
22914782
22914783
22914784
22914786
22914787
22914788
22914790
22914791
22914792
22914794
22914797
22914807
22914814
22914818
22914819
22914820
22914821
22914822
22914823
22914824
22914825
22914827
22914828
22914831
22914838
22914840
22914842
22914861
22914869
22914892
22914957
22914994
22914995
22914996
22914997
22914998
22914999
22915000
22915001
22915003
22915004
22915014
22915015
22915017
22915019
22915020
22915021
22915022
22915023
22915024
22915029
22915030
22915031
22915032
22915033
22915034
22915035
22915036
22915037
22915038
22915039
22915043
22915044
22915045
22915056
22915057
22915058
22915062
22915064
22915093
22915097
22915098
22915099
22915100
22915101
22915102
22915103
22915104
22915105
22915106
22915107
22915108
22915109
22915110
22915111
22915112
22915113
22915114
22915115
22915116
22915117
22915118
22915119
22915120
22915121
22915122
22915123
22915124
22915125
22915126
22915127
22915128
22915129
22915134
22915153
22915159
22915171
22915175
22915176
22915177
22915178
22915180
22915182
22915183
22915187
22915196
22915201
22915208
22915225
22915231
22915241
22915242
22915246
22915252
22915258
22915259
22915260
22915261
22915262
22915265
22915266
22915283
22915294
22915295
22915296
22915297
22915298
22915299
22915301
22915302
22915303
22915310
22915318
22915319
22915333
22915336
22915344
22915362
22915363
22915378
22915379
22915440
22915468
22915476
22915479
22915480
22915481
22915489
22915502
22915507
22915511
22915512
22915513
22915516
22915528
22915529
22915530
22915531
22915532
22915533
22915534
22915535
22915536
22915537
22915538
22915554
22915558
22915560
22915561
22915562
22915563
22915564
22915565
22915566
22915567
22915568
22915570
22915572
22915581
22915582
22915583
22915584
22915585
22915586
22915587
22915588
22915589
22915590
22915591
22915592
22915593
22915594
22915595
22915598
22915599
22915600
22915601
22915615
22915616
22915622
22915637
22915638
22915639
22915640
22915642
22915643
22915645
22915646
22915647
22915648
22915649
22915650
22915651
22915652
22915655
22915656
22915657
22915658
22915659
22915661
22915662
22915678
22915679
22915680
22915681
22915682
22915683
22915684
22915692
22915693
22915694
22915695
22915696
22915697
22915698
22915699
22915700
22915701
22915702
22915703
22915704
22915709
22915710
22915711
22915712
22915713
22915714
22915735
22915753
22915754
22915755
22915756
22915757
22915758
22915759
22915760
22915761
22915762
22915763
22915764
22915767
22915768
22915769
22915773
22915774
22915775
22915796
22915797
22915798
22915799
22915800
22915801
22915802
22915803
22915804
22915805
22915806
22915807
22915808
22915809
22915810
22915811
22915812
22915813
22915814
22915815
22915816
22915817
22915818
22915819
22915820
22915821
22915822
22915996
22915997
22915998
22915999
22916000
22916001
22916002
22916003
22916004
22916005
22916006
22916007
22916008
22916009
22916010
22916011
22916012
22916013
22916014
22916015
22916016
22916017
22916018
22916019
22916020
22916021
22916022
22916023
22916024
22916025
22916026
22916027
22916028
22916029
22916030
22916031
22916032
22916033
22916034
22916035
22916036
22916037
22916038
22916040
22916041
22916187
22916189
22916190
22916191
22916192
22916193
22916194
22916195
22916196
22916197
22916198
22916199
22916200
22916201
22916202
22916203
22916204
22916205
22916206
22916207
22916208
22916209
22916210
22916211
22916212
22916213
22916214
22916215
22916216
22916217
22916218
22916219
22916220
22916221
22916222
22916223
22916224
22916225
22916226
22916227
22916228
22916229
22916230
22916231
22916232
22916233
22916234
22916235
22916236
22916237
22916238
22916239
22916240
22916241
22916242
22916243
22916244
22916245
22916246
22916247
22916248
22916249
22916250
22916251
22916252
22916253
22916254
22916255
22916256
22916257
22916258
22916259
22916260
22916261
22916262
22916263
22916264
22916265
22916266
22916267
22916268
22916269
22916270
22916271
22916272
22916273
22916274
22916275
22916276
22916277
22916278
22916279
22916280
22916281
22916282
22916283
22916284
22916285
22916286
22916287
22916288
22916289
22916290
22916291
22916292
22916293
22916294
22916295
22916296
22916297
22916298
22916299
22916300
22916301
22916302
22916303
22916304
22916305
22916306
22916307
22916308
22916309
22916338
22916339
22916340
22916341
22916342
22916343
22916350
22916351
22916561
22916562
22916563
22916564
22916565
22916566
22916567
22916568
22916569
22916570
22916571
22916679
22916694
22916695
22916696
22916697
22916698
22916699
22916700
22916701
22916702
22916707
22916709
22916727
22916730
22916795
22916830
22916833
22916834
22916839
22916841
22916849
22916850
22916851
22916852
22916853
22916854
22916855
22916856
22916857
22916858
22916859
22916860
22916864
22916865
22916866
22916867
22916868
22916869
22916876
22916877
22916878
22916879
22916880
22916881
22916882
22916883
22916884
22916885
22916886
22916887
22916888
22916889
22916890
22916891
22916892
22916893
22916894
22916895
22916896
22916897
22916898
22916899
22916900
22916901
22916902
22916903
22916904
22916905
22916906
22916907
22916908
22916909
22916910
22916911
22916912
22916913
22916914
22916915
22916916
22916917
22916918
22916919
22916920
22916921
22916922
22916923
22916924
22916925
22916926
22916927
22916928
22916929
22916930
22916931
22916932
22916933
22916934
22916935
22916936
22916937
22916938
22916939
22916940
22916941
22916942
22916943
22916944
22916945
22916946
22916947
22916948
22916949
22916950
22916951
22916954
22916955
22916966
22916968
22916970
22916971
22916972
22916973
22916974
22916975
22916976
22916995
22916996
22916998
22917000
22917016
22917020
22917026
22917027
22917028
22917029
22917030
22917031
22917032
22917033
22917034
22917035
22917036
22917060
22917063
22917081
22917082
22917083
22917088
22917104
22917105
22917106
22917107
22917108
22917115
22917116
22917117
22917118
22917119
22917120
22917121
22917122
22917123
22917124
22917125
22917126
22917127
22917128
22917129
22917131
22917132
22917133
22917134
22917136
22917137
22917138
22917139
22917140
22917141
22917142
22917143
22917144
22917145
22917146
22917147
22917148
22917149
22917150
22917151
22917153
22917154
22917155
22917156
22917180
22917181
22917182
22917195
22917196
22917197
22917200
22917201
22917202
22917203
22917204
22917205
22917206
22917207
22917208
22917211
22917224
22917225
22917226
22917227
22917228
22917229
22917230
22917231
22917232
22917233
22917234
22917235
22917236
22917237
22917238
22917241
22917242
22917243
22917244
22917245
22917246
22917247
22917248
22917249
22917253
22917273
22917451
22917452
22917453
22917454
22917455
22917457
22917458
22917459
22917460
22917461
22917462
22917465
22917466
22917468
22917470
22917473
22917474
22917482
22917484
22917487
22917493
22917494
22917496
22917497
22917504
22917505
22917506
22917507
22917511
22917512
22917516
22917517
22917518
22917519
22917520
22917522
22917523
22917525
22917530
22917535
22917536
22917537
22917544
22917545
22917548
22917551
22917552
22917553
22917554
22917555
22917558
22917559
22917566
22917574
22917575
22917577
22917578
22917579
22917582
22917587
22917588
22917605
22917607
22917608
22917627
22917628
22917629
22917630
22917644
22917645
22917646
22917661
22917663
22917668
22917670
22917671
22917672
22917674
22917675
22917676
22917684
22917686
22917750
22917751
22917764
22917765
22917767
22917768
22917769
22917770
22917776
22917777
22917808
22917813
22917818
22917819
22917820
22917821
22917822
22917823
22917824
22917825
22917826
22917827
22917828
22917829
22917830
22917831
22917832
22917833
22917837
22917860
22917868
22917871
22917883
22917884
22917886
22917890
22917893
22917918
22917919
22917920
22917930
22917932
22917934
22917970
22917971
22917981
22918042
22918043
22918045
22918047
22918048
22918053
22918054
22918080
22918110
22918111
22918112
22918113
22918115
22918116
22918122
22918131
22918154
22918155
22918156
22918157
22918158
22918191
22918194
22918197
22918216
22918217
22918218
22918258
22918263
22918293
22918300
22918301
22918302
22918303
22918379
22918380
22918387
22918388
22918389
22918397
22918399
22918452
22918466
22918467
22918468
22918470
22918477
22918478
22918480
22918486
22918487
22918488
22918610
22918615
22918628
22918629
22918630
22918631
22918632
22918633
22918634
22918635
22918636
22918637
22918638
22918639
22918640
22918641
22918642
22918643
22918644
22918645
22918646
22918648
22918649
22918651
22918652
22918653
22918656
22918724
22918725
22918726
22918727
22918728
22918729
22918730
22918731
22918732
22918733
22918734
22918735
22918736
22918737
22918738
22918739
22918740
22918741
22918742
22918743
22918744
22918745
22918746
22918747
22918798
22918799
22918800
22918801
22918802
22918803
22918804
22918805
22918806
22918807
22918808
22918809
22918810
22918811
22918812
22918813
22918814
22918815
22918816
22918817
22918818
22918823
22918824
22918825
22918826
22918827
22918828
22918829
22918830
22918831
22918832
22918833
22918834
22918842
22918843
22918844
22918845
22918846
22918847
22918854
22918855
22918856
22918858
22918864
22918865
22918866
22918867
22918868
22918869
22918870
22918871
22918872
22918873
22918879
22918885
22918898
22918899
22919001
22919024
22919025
22919026
22919028
22919029
22919030
22919031
22919032
22919033
22919036
22919037
22919038
22919039
22919040
22919041
22919043
22919048
22919049
22919050
22919051
22919052
22919053
22919054
22919055
22919056
22919057
22919058
22919059
22919060
22919061
22919062
22919063
22919064
22919065
22919067
22919068
22919077
22919078
22919079
22919080
22919081
22919082
22919083
22919084
22919085
22919086
22919087
22919088
22919089
22919090
22919091
22919092
22919093
22919094
22919095
22919096
22919097
22919098
22919099
22919124
22919264
22919265
22919266
22919267
22919268
22919269
22919270
22919271
22919272
22919273
22919274
22919275
22919276
22919277
22919278
22919367
22919368
22919369
22919370
22919371
22919372
22919373
22919404
22919405
22919406
22919426
22919427
22919428
22919429
22919430
22919431
22919432
22919433
22919434
22919518
22919703
22919710
22920036
22920039
22920041
22920042
22920043
22920046
22920047
22920048
22920049
22920068
22920069
22920070
22920071
22920072
22920073
22920074
22920075
22920076
22920077
22920078
22920079
22920080
22920081
22920082
22920083
22920084
22920085
22920086
22920098
22920099
22920108
22920116
22920117
22920128
22920135
22920141
22920142
22920143
22920150
22920161
22920174
22920175
22920178
22920179
22920180
22920181
22920182
22920183
22920184
22920186
22920187
22920194
22920218
22920219
22920220
22920224
22920232
22920233
22920234
22920275
22920276
22920278
22920279
22920280
22920287
22920288
22920291
22920292
22920294
22920295
22920296
22920299
22920300
22920301
22920302
22920303
22920304
22920305
22920306
22920328
22920329
22920332
22920333
22920334
22920335
22920336
22920337
22920338
22920339
22920340
22920341
22920386
22920401
22920406
22920407
22920414
22920443
22920447
22920462
22920463
22920464
22920465
22920466
22920467
22920468
22920469
22920470
22920471
22920472
22920473
22920491
22920493
22920503
22920504
22920505
22920507
22920509
22920511
22920521
22920522
22920523
22920524
22920525
22920526
22920527
22920528
22920529
22920530
22920531
22920532
22920542
22920564
22920568
22920583
22920585
22920593
22920594
22920597
22920598
22920599
22920606
22920610
22920611
22920613
22920614
22920615
22920616
22920617
22920618
22920619
22920620
22920621
22920622
22920623
22920624
22920625
22920626
22920627
22920628
22920629
22920655
22920669
22920670
22920671
22920676
22920682
22920685
22920688
22920715
22920716
22920726
22920727
22920755
22920796
22920797
22920798
22920799
22920800
22920801
22920802
22920803
22920804
22920805
22920806
22920807
22920808
22920809
22920810
22920811
22920812
22920813
22920814
22920815
22920816
22920817
22920818
22920820
22920821
22920822
22920823
22920824
22920825
22920826
22920827
22920828
22920829
22920830
22920884
22920895
22920909
22920914
22920917
22920922
22920927
22920928
22920929
22920936
22920943
22920944
22920949
22920953
22920955
22920956
22920957
22920960
22920962
22920963
22920970
22920971
22920974
22920994
22920995
22920996
22920997
22920998
22920999
22921000
22921001
22921002
22921003
22921004
22921005
22921006
22921007
22921008
22921009
22921010
22921015
22921018
22921019
22921025
22921057
22921062
22921063
22921064
22921065
22921066
22921067
22921068
22921069
22921070
22921071
22921072
22921073
22921075
22921077
22921078
22921085
22921086
22921087
22921088
22921089
22921090
22921092
22921093
22921094
22921095
22921096
22921097
22921098
22921111
22921112
22921118
22921119
22921120
22921121
22921125
22921126
22921129
22921130
22921131
22921132
22921133
22921134
22921135
22921136
22921137
22921138
22921139
22921140
22921141
22921142
22921143
22921144
22921147
22921150
22921151
22921165
22921173
22921186
22921191
22921196
22921201
22921202
22921231
22921232
22921233
22921234
22921235
22921236
22921237
22921238
22921241
22921245
22921246
22921278
22921303
22921304
22921307
22921314
22921315
22921316
22921321
22921322
22921323
22921325
22921326
22921327
22921328
22921329
22921354
22921358
22921359
22921360
22921361
22921379
22921391
22921392
22921393
22921394
22921395
22921396
22921397
22921411
22921412
22921414
22921415
22921416
22921418
22921422
22921436
22921458
22921459
22921460
22921461
22921462
22921463
22921478
22921485
22921489
22921496
22921497
22921498
22921504
22921511
22921517
22921526
22921527
22921533
22921534
22921536
22921540
22921557
22921571
22921573
22921582
22921583
22921584
22921585
22921587
22921605
22921638
22921643
22921651
22921653
22921663
22921664
22921665
22921666
22921669
22921671
22921685
22921693
22921694
22921695
22921696
22921697
22921698
22921699
22921700
22921702
22921703
22921704
22921707
22921708
22921713
22921732
22921736
22921737
22921746
22921752
22921754
22921756
22921757
22921758
22921785
22921786
22921787
22921811
22921812
22921816
22921819
22921823
22921850
22921851
22921864
22921865
22921868
22921869
22921872
22921874
22921876
22921891
22921892
22921893
22921894
22921895
22921896
22921897
22921898
22921911
22921912
22921916
22921921
22921934
22921935
22921936
22921937
22921945
22921946
22921947
22921948
22921949
22921953
22921960
22921961
22921962
22921967
22921968
22921969
22921971
22921973
22921975
22921976
22921977
22921978
22921979
22921980
22921981
22921982
22921983
22921984
22921986
22921993
22921994
22921995
22921996
22921997
22921998
22921999
22922000
22922001
22922005
22922007
22922010
22922016
22922031
22922032
22922033
22922046
22922059
22922063
22922065
22922091
22922102
22922103
22922104
22922129
22922164
22922206
22922207
22922215
22922216
22922254
22922255
22922256
22922257
22922258
22922259
22922260
22922270
22922271
22922298
22922300
22922303
22922304
22922305
22922314
22922315
22922325
22922333
22922335
22922341
22922342
22922344
22922345
22922346
22922347
22922362
22922363
22922364
22922365
22922366
22922367
22922390
22922391
22922392
22922393
22922403
22922404
22922409
22922410
22922411
22922412
22922417
22922430
22922431
22922432
22922434
22922435
22922436
22922440
22922448
22922453
22922455
22922456
22922458
22922462
22922463
22922464
22922465
22922472
22922478
22922482
22922483
22922484
22922485
22922489
22922496
22922497
22922501
22922509
22922510
22922514
22922518
22922519
22922521
22922528
22922538
22922543
22922560
22922574
22922575
22922576
22922577
22922578
22922579
22922580
22922581
22922582
22922583
22922611
22922612
22922613
22922614
22922615
22922616
22922617
22922618
22922619
22922620
22922621
22922622
22922623
22922624
22922625
22922626
22922627
22922628
22922629
22922630
22922631
22922632
22922633
22922650
22922668
22922706
22922707
22922708
22922714
22922715
22922716
22922717
22922721
22922722
22922723
22922735
22922742
22922743
22922760
22922772
22922775
22922780
22922782
22922783
22922784
22922785
22922786
22922793
22922806
22922808
22922814
22922815
22922816
22922817
22922818
22922844
22922846
22922847
22922848
22922849
22922871
22922872
22922873
22922874
22922875
22922876
22922877
22922883
22922884
22922894
22922895
22922896
22922897
22922898
22922899
22922900
22922901
22922902
22922903
22922904
22922905
22922906
22922941
22922957
22922958
22922959
22922960
22922961
22922962
22922963
22922966
22922968
22922983
22922987
22923014
22923015
22923039
22923050
22923051
22923053
22923101
22923102
22923103
22923104
22923105
22923106
22923107
22923108
22923109
22923110
22923111
22923112
22923113
22923114
22923115
22923116
22923117
22923118
22923119
22923120
22923121
22923122
22923123
22923124
22923125
22923133
22923149
22923164
22923270
22923271
22923272
22923273
22923274
22923275
22923315
22923316
22923341
22923342
22923343
22923354
22923355
22923356
22923357
22923358
22923359
22923389
22923426
22923431
22923432
22923440
22923444
22923445
22923446
22923447
22923448
22923452
22923456
22923461
22923468
22923469
22923471
22923472
22923474
22923475
22923484
22923486
22923493
22923494
22923495
22923496
22923497
22923510
22923513
22923514
22923515
22923516
22923517
22923518
22923519
22923520
22923522
22923523
22923526
22923527
22923528
22923530
22923531
22923532
22923534
22923537
22923538
22923539
22923540
22923584
22923585
22923586
22923587
22923588
22923589
22923590
22923591
22923592
22923593
22923594
22923595
22923596
22923597
22923598
22923600
22923609
22923610
22923611
22923612
22923613
22923614
22923615
22923616
22923617
22923618
22923619
22923620
22923621
22923634
22923635
22923636
22923637
22923639
22923640
22923641
22923642
22923643
22923644
22923659
22923660
22923661
22923662
22923663
22923683
22923685
22923686
22923687
22923691
22923692
22923693
22923694
22923712
22923713
22923714
22923715
22923716
22923717
22923718
22923719
22923720
22923721
22923722
22923724
22923725
22923726
22923727
22923728
22923735
22923736
22923737
22923749
22923750
22923751
22923752
22923753
22923754
22923757
22923758
22923762
22923763
22923765
22923767
22923768
22923771
22923772
22923774
22923791
22923792
22923793
22923794
22923795
22923796
22923797
22923798
22923799
22923800
22923801
22923802
22923803
22923804
22923805
22923806
22923807
22923808
22923809
22923810
22923811
22923995
22924035
22924036
22924051
22924058
22924059
22924060
22924061
22924062
22924089
22924172
22924183
22924274
22924275
22924276
22924277
22924278
22924342
22924344
22924369
22924370
22924371
22924372
22924373
22924374
22924375
22924376
22924377
22924378
22924379
22924380
22924381
22924390
22924392
22924393
22924394
22924395
22924396
22924403
22924404
22924405
22924406
22924410
22924413
22924414
22924415
22924420
22924431
22924432
22924436
22924438
22924439
22924455
22924458
22924461
22924463
22924467
22924469
22924473
22924474
22924475
22924477
22924480
22924486
22924489
22924492
22924493
22924494
22924496
22924497
22924500
22924501
22924502
22924503
22924504
22924505
22924506
22924507
22924508
22924509
22924510
22924511
22924516
22924519
22924530
22924531
22924532
22924533
22924536
22924541
22924543
22924544
22924546
22924554
22924555
22924556
22924574
22924581
22924582
22924584
22924589
22924594
22924601
22924603
22924607
22924610
22924612
22924617
22924621
22924623
22924626
22924627
22924628
22924631
22924635
22924636
22924639
22924648
22924649
22924657
22924660
22924671
22924672
22924674
22924677
22924682
22924684
22924694
22924695
22924696
22924699
22924711
22924713
22924714
22924715
22924716
22924717
22924718
22924719
22924720
22924721
22924722
22924723
22924724
22924725
22924726
22924727
22924728
22924729
22924730
22924731
22924732
22924734
22924735
22924737
22924738
22924739
22924752
22924753
22924755
22924757
22924760
22924777
22924784
22924785
22924805
22924806
22924813
22924814
22924819
22924831
22924832
22924842
22924843
22924844
22924845
22924846
22924847
22924848
22924849
22924850
22924859
22924866
22924877
22924890
22924891
22924892
22924896
22924902
22924949
22924950
22924959
22924961
22924965
22924967
22924980
22924985
22924986
22925009
22925028
22925029
22925031
22925040
22925044
22925050
22925051
22925052
22925053
22925054
22925055
22925056
22925057
22925058
22925059
22925060
22925062
22925063
22925071
22925072
22925073
22925074
22925075
22925078
22925080
22925116
22925119
22925131
22925133
22925134
22925135
22925138
22925142
22925149
22925161
22925163
22925164
22925179
22925180
22925186
22925191
22925201
22925207
22925208
22925230
22925280
22925281
22925282
22925283
22925284
22925285
22925286
22925287
22925288
22925289
22925290
22925291
22925292
22925293
22925294
22925295
22925296
22925297
22925298
22925299
22925300
22925302
22925303
22925304
22925305
22925306
22925307
22925308
22925310
22925316
22925317
22925318
22925319
22925320
22925321
22925322
22925323
22925324
22925325
22925326
22925334
22925335
22925336
22925337
22925365
22925375
22925378
22925381
22925382
22925383
22925384
22925385
22925386
22925387
22925388
22925389
22925392
22925393
22925394
22925428
22925429
22925454
22925482
22925486
22925487
22925488
22925489
22925490
22925491
22925492
22925493
22925497
22925506
22925529
22925564
22925565
22925566
22925577
22925578
22925580
22925581
22925589
22925597
22925599
22925602
22925610
22925612
22925613
22925614
22925615
22925616
22925617
22925618
22925619
22925625
22925631
22925658
22925659
22925660
22925661
22925662
22925663
22925664
22925665
22925666
22925667
22925668
22925669
22925670
22925671
22925672
22925673
22925674
22925675
22925676
22925677
22925678
22925679
22925680
22925689
22925698
22925720
22925721
22925731
22925732
22925733
22925734
22925735
22925743
22925745
22925746
22925747
22925748
22925749
22925750
22925751
22925752
22925753
22925754
22925756
22925757
22925758
22925759
22925760
22925761
22925762
22925763
22925764
22925765
22925766
22925767
22925768
22925769
22925770
22925771
22925772
22925773
22925774
22925780
22925782
22925783
22925784
22925785
22925786
22925787
22925789
22925790
22925792
22925793
22925795
22925796
22925797
22925799
22925800
22925801
22925803
22925804
22925805
22925809
22925827
22925828
22925840
22925851
22925852
22925853
22925854
22925855
22925856
22925857
22925858
22925859
22925860
22925861
22925862
22925863
22925864
22925865
22925866
22925867
22925868
22925869
22925870
22925871
22925872
22925873
22925874
22925875
22925876
22925877
22925878
22925879
22925880
22925883
22925884
22925885
22925886
22925887
22925888
22925889
22925890
22925891
22925892
22925894
22925895
22925925
22925926
22925927
22925928
22925929
22925930
22925941
22925945
22925996
22925998
22926003
22926009
22926034
22926051
22926053
22926054
22926055
22926056
22926064
22926065
22926071
22926072
22926073
22926074
22926075
22926077
22926078
22926079
22926102
22926103
22926111
22926113
22926117
22926118
22926119
22926120
22926121
22926122
22926123
22926124
22926125
22926136
22926138
22926139
22926160
22926161
22926186
22926187
22926188
22926199
22926200
22926205
22926219
22926248
22926249
22926250
22926251
22926257
22926258
22926260
22926273
22926274
22926275
22926298
22926330
22926331
22926332
22926333
22926334
22926335
22926408
22926413
22926414
