22926415
22926422
22926426
22926444
22926446
22926455
22926458
22926487
22926489
22926490
22926493
22926494
22926531
22926535
22926542
22926555
22926556
22926557
22926558
22926559
22926560
22926589
22926590
22926591
22926592
22926593
22926594
22926595
22926596
22926597
22926598
22926599
22926600
22926601
22926602
22926603
22926604
22926605
22926606
22926607
22926608
22926609
22926610
22926611
22926612
22926613
22926614
22926615
22926616
22926617
22926618
22926619
22926620
22926621
22926622
22926623
22926624
22926625
22926637
22926638
22926645
22926650
22926654
22926655
22926692
22926715
22926731
22926746
22926747
22926748
22926749
22926755
22926765
22926766
22926787
22926788
22926790
22926791
22926792
22926793
22926794
22926798
22926799
22926815
22926816
22926817
22926818
22926819
22926820
22926825
22926835
22926836
22926924
22926928
22926949
22926950
22926951
22926952
22926954
22926958
22926961
22926964
22926965
22926972
22926974
22926978
22926979
22926995
22926998
22926999
22927000
22927001
22927002
22927003
22927004
22927005
22927006
22927010
22927025
22927034
22927036
22927041
22927068
22927069
22927070
22927071
22927072
22927073
22927074
22927075
22927076
22927077
22927078
22927079
22927080
22927081
22927082
22927083
22927084
22927085
22927110
22927122
22927129
22927133
22927142
22927145
22927146
22927147
22927148
22927149
22927150
22927151
22927152
22927153
22927154
22927155
22927156
22927162
22927238
22927241
22927244
22927245
22927246
22927247
22927248
22927249
22927250
22927251
22927292
22927293
22927294
22927295
22927296
22927298
22927311
22927331
22927332
22927339
22927359
22927363
22927371
22927372
22927373
22927374
22927375
22927376
22927377
22927378
22927379
22927380
22927381
22927382
22927383
22927384
22927385
22927386
22927387
22927388
22927389
22927390
22927392
22927393
22927394
22927395
22927396
22927397
22927399
22927400
22927401
22927402
22927403
22927404
22927405
22927406
22927407
22927408
22927409
22927410
22927411
22927412
22927413
22927414
22927415
22927416
22927417
22927418
22927419
22927420
22927423
22927424
22927425
22927426
22927427
22927428
22927429
22927430
22927431
22927432
22927433
22927434
22927435
22927436
22927437
22927438
22927439
22927440
22927441
22927442
22927443
22927444
22927445
22927446
22927448
22927449
22927450
22927451
22927452
22927453
22927454
22927457
22927481
22927493
22927494
22927495
22927496
22927497
22927498
22927499
22927505
22927506
22927508
22927509
22927511
22927512
22927513
22927515
22927516
22927517
22927520
22927521
22927522
22927523
22927525
22927526
22927527
22927529
22927530
22927531
22927532
22927533
22927534
22927544
22927545
22927549
22927550
22927551
22927565
22927566
22927567
22927568
22927569
22927570
22927571
22927572
22927573
22927574
22927575
22927576
22927577
22927578
22927584
22927585
22927586
22927587
22927595
22927597
22927600
22927601
22927602
22927606
22927610
22927615
22927616
22927617
22927618
22927619
22927620
22927621
22927623
22927624
22927625
22927626
22927628
22927632
22927638
22927639
22927640
22927641
22927642
22927643
22927644
22927645
22927646
22927647
22927661
22927691
22927692
22927699
22927704
22927708
22927709
22927710
22927713
22927714
22927715
22927716
22927717
22927718
22927719
22927720
22927721
22927722
22927723
22927724
22927725
22927751
22927752
22927753
22927754
22927771
22927772
22927773
22927774
22927775
22927776
22927777
22927778
22927779
22927794
22927795
22927797
22927798
22927799
22927800
22927801
22927802
22927803
22927804
22927805
22927806
22927807
22927808
22927809
22927810
22927811
22927812
22927813
22927814
22927815
22927816
22927817
22927818
22927819
22927820
22927821
22927822
22927823
22927832
22927833
22927834
22927870
22927871
22927872
22927873
22927887
22927888
22927889
22927890
22927898
22927899
22927900
22927901
22927902
22927903
22927904
22927905
22927906
22927907
22927908
22927909
22927910
22927911
22927912
22927913
22927914
22927915
22927916
22927917
22927918
22927919
22927920
22927921
22927922
22927923
22927924
22927925
22927926
22927927
22927928
22927929
22927930
22927931
22927932
22927933
22927934
22927935
22927936
22927937
22927938
22927939
22927940
22927941
22927942
22927943
22927944
22927945
22927946
22927947
22927948
22927949
22927950
22927951
22927952
22927953
22927954
22927955
22927956
22927957
22927958
22927959
22927960
22927961
22927962
22927963
22927964
22927965
22927966
22927967
22927968
22927969
22927970
22927971
22927972
22927973
22927974
22927975
22927976
22927977
22927978
22927979
22927980
22927981
22927982
22927983
22927984
22927985
22927986
22927987
22927988
22927989
22927990
22927991
22927992
22927993
22927994
22927995
22927996
22927997
22927998
22927999
22928000
22928001
22928002
22928003
22928004
22928005
22928006
22928007
22928008
22928009
22928010
22928011
22928012
22928013
22928014
22928015
22928016
22928017
22928018
22928019
22928020
22928021
22928022
22928023
22928024
22928025
22928026
22928027
22928028
22928029
22928030
22928031
22928032
22928033
22928034
22928035
22928036
22928037
22928038
22928039
22928040
22928041
22928042
22928043
22928044
22928045
22928046
22928047
22928048
22928049
22928050
22928051
22928052
22928053
22928054
22928055
22928056
22928057
22928170
22928172
22928174
22928474
22928475
22928485
22928488
22928504
22928505
22928506
22928507
22928508
22928509
22928510
22928511
22928512
22928513
22928514
22928519
22928549
22928557
22928559
22928560
22928561
22928562
22928563
22928564
22928565
22928566
22928567
22928568
22928569
22928570
22928571
22928572
22928573
22928574
22928575
22928576
22928577
22928578
22928614
22928615
22928618
22928623
22928625
22928626
22928637
22928638
22928647
22928650
22928652
22928662
22928692
22928695
22928696
22928708
22928721
22928729
22928730
22928732
22928743
22928746
22928747
22928748
22928749
22928755
22928756
22928757
22928758
22928759
22928760
22928761
22928762
22928765
22928767
22928769
22928770
22928773
22928790
22928793
22928795
22928796
22928797
22928798
22928799
22928800
22928805
22928807
22928810
22928814
22928820
22928822
22928823
22928824
22928825
22928826
22928827
22928828
22928829
22928830
22928831
22928832
22928833
22928834
22928835
22928836
22928837
22928843
22928859
22928876
22928879
22928890
22928891
22928893
22928894
22928898
22928899
22928900
22928901
22928902
22928903
22928916
22928917
22928944
22928949
22928967
22928974
22928993
22928999
22929001
22929009
22929011
22929017
22929020
22929040
22929041
22929042
22929043
22929044
22929054
22929055
22929061
22929080
22929081
22929085
22929087
22929088
22929110
22929112
22929113
22929116
22929119
22929161
22929165
22929168
22929176
22929182
22929184
22929185
22929192
22929194
22929196
22929197
22929198
22929199
22929200
22929202
22929203
22929204
22929205
22929213
22929214
22929220
22929223
22929235
22929236
22929237
22929238
22929239
22929240
22929242
22929243
22929244
22929245
22929246
22929248
22929249
22929250
22929251
22929253
22929254
22929256
22929257
22929263
22929264
22929265
22929266
22929267
22929268
22929269
22929271
22929272
22929273
22929285
22929288
22929289
22929290
22929294
22929295
22929299
22929302
22929303
22929305
22929306
22929315
22929316
22929317
22929318
22929319
22929320
22929321
22929322
22929323
22929324
22929325
22929326
22929327
22929330
22929331
22929332
22929333
22929334
22929370
22929396
22929397
22929398
22929399
22929400
22929402
22929403
22929404
22929412
22929416
22929419
22929424
22929425
22929426
22929428
22929430
22929431
22929432
22929436
22929437
22929438
22929439
22929440
22929442
22929443
22929445
22929446
22929447
22929448
22929449
22929450
22929451
22929452
22929453
22929454
22929455
22929456
22929457
22929478
22929482
22929483
22929484
22929485
22929486
22929487
22929488
22929489
22929490
22929491
22929492
22929493
22929494
22929495
22929496
22929497
22929498
22929499
22929500
22929501
22929502
22929503
22929504
22929505
22929506
22929509
22929510
22929514
22929519
22929534
22929535
22929537
22929552
22929562
22929593
22929594
22929595
22929600
22929601
22929602
22929603
22929604
22929608
22929609
22929615
22929616
22929617
22929621
22929627
22929628
22929629
22929630
22929631
22929632
22929633
22929634
22929635
22929636
22929637
22929638
22929639
22929640
22929641
22929642
22929643
22929688
22929689
22929690
22929691
22929692
22929693
22929694
22929695
22929696
22929702
22929703
22929704
22929705
22929706
22929707
22929708
22929709
22929710
22929711
22929712
22929713
22929714
22929715
22929716
22929717
22929718
22929719
22929720
22929721
22929722
22929723
22929724
22929759
22929763
22929764
22929765
22929766
22929767
22929768
22929769
22929770
22929771
22929772
22929773
22929774
22929775
22929776
22929777
22929791
22929792
22929793
22929794
22929795
22929796
22929797
22929798
22929799
22929800
22929810
22929836
22929860
22929861
22929866
22929867
22929868
22929869
22929870
22929871
22929872
22929873
22929874
22929875
22929876
22929877
22929880
22929881
22929886
22929887
22929890
22929892
22929893
22929894
22929895
22929896
22929897
22929898
22929899
22929901
22929922
22929923
22929960
22929965
22929966
22929971
22929991
22929992
22929993
22929994
22929995
22930000
22930039
22930040
22930041
22930042
22930043
22930044
22930045
22930046
22930047
22930048
22930049
22930050
22930051
22930052
22930053
22930054
22930055
22930056
22930057
22930097
22930102
22930104
22930105
22930106
22930107
22930108
22930109
22930110
22930111
22930117
22930118
22930119
22930120
22930121
22930122
22930123
22930124
22930125
22930126
22930127
22930136
22930137
22930138
22930139
22930140
22930141
22930142
22930144
22930153
22930162
22930165
22930210
22930234
22930263
22930287
22930288
22930289
22930290
22930291
22930292
22930293
22930294
22930295
22930296
22930297
22930298
22930299
22930300
22930301
22930302
22930303
22930304
22930305
22930307
22930308
22930309
22930310
22930317
22930321
22930322
22930332
22930338
22930339
22930350
22930357
22930358
22930359
22930373
22930374
22930375
22930376
22930377
22930378
22930379
22930380
22930381
22930382
22930383
22930384
22930385
22930386
22930387
22930394
22930401
22930408
22930409
22930418
22930440
22930447
22930448
22930451
22930476
22930481
22930485
22930487
22930495
22930496
22930497
22930498
22930499
22930500
22930501
22930502
22930503
22930504
22930505
22930506
22930507
22930508
22930509
22930510
22930511
22930512
22930513
22930514
22930515
22930516
22930517
22930518
22930519
22930521
22930528
22930529
22930533
22930535
22930536
22930537
22930538
22930542
22930546
22930547
22930548
22930555
22930556
22930557
22930567
22930568
22930576
22930577
22930579
22930585
22930591
22930639
22930652
22930659
22930681
22930697
22930698
22930699
22930700
22930703
22930704
22930705
22930712
22930713
22930714
22930715
22930716
22930719
22930720
22930721
22930722
22930723
22930724
22930725
22930726
22930727
22930728
22930730
22930737
22930743
22930750
22930751
22930752
22930753
22930754
22930755
22930756
22930757
22930758
22930759
22930763
22930764
22930765
22930766
22930767
22930768
22930769
22930770
22930771
22930772
22930773
22930774
22930775
22930776
22930782
22930783
22930784
22930785
22930786
22930800
22930802
22930803
22930804
22930805
22930806
22930807
22930809
22930814
22930815
22930817
22930818
22930819
22930820
22930822
22930823
22930843
22930844
22931046
22931053
22931054
22931065
22931067
22931068
22931069
22931070
22931071
22931072
22931073
22931074
22931075
22931076
22931077
22931078
22931079
22931080
22931081
22931082
22931083
22931084
22931085
22931086
22931087
22931088
22931112
22931137
22931155
22931156
22931157
22931158
22931159
22931184
22931199
22931202
22931210
22931215
22931218
22931219
22931220
22931221
22931222
22931223
22931224
22931225
22931231
22931234
22931236
22931242
22931245
22931247
22931252
22931253
22931291
22931294
22931295
22931296
22931301
22931348
22931349
22931376
22931393
22931431
22931443
22931444
22931445
22931446
22931447
22931448
22931449
22931450
22931461
22931469
22931472
22931474
22931475
22931476
22931477
22931478
22931479
22931480
22931481
22931489
22931515
22931519
22931520
22931521
22931522
22931526
22931542
22931543
22931548
22931558
22931561
22931562
22931683
22931684
22931687
22931747
22931752
22931753
22931759
22931790
22931809
22931850
22931853
22931855
22931856
22931864
22931865
22931868
22931869
22931870
22931891
22931892
22931896
22931897
22931898
22931903
22931904
22931905
22931906
22931909
22931910
22931922
22931953
22931955
22931959
22931961
22931962
22931966
22932005
22932030
22932031
22932060
22932061
22932062
22932063
22932064
22932065
22932069
22932115
22932116
22932117
22932124
22932125
22932129
22932219
22932220
22932223
22932224
22932225
22932226
22932227
22932256
22932257
22932258
22932272
22932273
22932274
22932275
22932278
22932279
22932280
22932281
22932282
22932298
22932303
22932304
22932305
22932306
22932307
22932309
22932318
22932320
22932321
22932322
22932394
22932397
22932398
22932399
22932400
22932421
22932422
22932423
22932424
22932425
22932426
22932431
22932442
22932443
22932444
22932445
22932472
22932477
22932478
22932496
22932508
22932509
22932510
22932511
22932512
22932513
22932514
22932515
22932516
22932517
22932519
22932520
22932522
22932523
22932644
22932649
22932651
22932652
22932653
22932654
22932655
22932656
22932657
22932658
22932659
22932660
22932661
22932662
22932663
22932671
22932672
22932683
22932684
22932694
22932696
22932697
22932699
22932700
22932701
22932702
22932709
22932710
22932718
22932723
22932724
22932725
22932726
22932732
22932743
22932762
22932770
22932771
22932781
22932782
22932783
22932784
22932785
22932786
22932787
22932788
22932789
22932790
22932792
22932793
22932794
22932795
22932796
22932797
22932798
22932800
22932801
22932802
22932803
22932804
22932805
22932806
22932832
22932833
22932834
22932835
22932836
22932837
22932844
22932866
22932870
22932871
22932872
22932878
22932879
22932880
22932881
22932882
22932883
22932884
22932885
22932886
22932887
22932888
22932889
22932890
22932892
22932893
22932894
22932895
22932896
22932897
22932898
22932899
22932900
22932901
22932902
22932903
22932904
22932905
22932912
22932919
22932927
22932929
22932961
22932979
22932983
22933018
22933022
22933023
22933025
22933031
22933033
22933041
22933047
22933048
22933049
22933060
22933062
22933063
22933064
22933065
22933066
22933067
22933068
22933069
22933070
22933071
22933072
22933073
22933074
22933075
22933076
22933077
22933078
22933079
22933080
22933081
22933082
22933083
22933084
22933088
22933089
22933090
22933091
22933092
22933093
22933094
22933095
22933096
22933097
22933098
22933099
22933100
22933101
22933110
22933112
22933115
22933116
22933118
22933119
22933138
22933139
22933140
22933141
22933142
22933143
22933144
22933145
22933146
22933147
22933148
22933149
22933150
22933151
22933152
22933153
22933154
22933155
22933156
22933157
22933178
22933193
22933194
22933195
22933196
22933197
22933198
22933199
22933200
22933201
22933202
22933204
22933205
22933207
22933209
22933210
22933211
22933212
22933214
22933215
22933217
22933218
22933219
22933220
22933221
22933222
22933223
22933225
22933226
22933228
22933231
22933233
22933236
22933241
22933246
22933270
22933271
22933272
22933273
22933274
22933275
22933276
22933277
22933278
22933279
22933280
22933281
22933282
22933283
22933284
22933285
22933286
22933287
22933288
22933289
22933290
22933291
22933292
22933293
22933294
22933295
22933296
22933297
22933298
22933299
22933300
22933301
22933302
22933307
22933314
22933318
22933330
22933353
22933387
22933406
22933419
22933467
22933468
22933479
22933480
22933521
22933523
22933539
22933540
22933541
22933542
22933543
22933544
22933545
22933546
22933558
22933559
22933560
22933561
22933562
22933563
22933564
22933565
22933581
22933582
22933583
22933584
22933585
22933587
22933588
22933589
22933590
22933606
22933607
22933608
22933613
22933618
22933624
22933625
22933626
22933627
22933628
22933629
22933630
22933631
22933632
22933633
22933634
22933635
22933657
22933658
22933659
22933660
22933663
22933664
22933665
22933666
22933698
22933699
22933700
22933701
22933710
22933712
22933716
22933731
22933736
22933737
22933738
22933739
22933740
22933741
22933743
22933744
22933745
22933746
22933747
22933748
22933749
22933750
22933751
22933752
22933753
22933754
22933755
22933756
22933757
22933758
22933759
22933760
22933761
22933762
22933763
22933764
22933765
22933766
22933767
22933768
22933769
22933770
22933771
22933772
22933773
22933774
22933775
22933776
22933787
22933812
22933813
22933816
22933818
22933819
22933820
22933821
22933830
22933831
22933832
22933833
22933834
22933835
22933836
22933837
22933838
22933839
22933840
22933841
22934122
22934537
22934538
22934540
22934543
22934554
22934558
22934560
22934564
22934569
22934570
22934572
22934575
22934577
22934597
22934600
22934604
22934608
22934614
22934615
22934626
22934636
22934637
22934656
22934665
22934669
22934671
22934679
22934680
22934690
22934715
22934721
22934722
22934724
22934725
22934726
22934727
22934728
22934729
22934730
22934731
22934732
22934734
22934750
22934789
22934795
22934796
22934797
22934813
22934816
22934817
22934827
22934828
22934889
22934891
22934897
22934898
22934899
22934900
22934901
22934902
22934903
22934904
22934905
22934906
22934909
22934910
22934925
22934934
22934936
22934938
22934959
22934964
22934965
22934966
22934967
22934970
22934975
22934976
22934988
22934989
22934990
22934991
22934992
22934993
22934994
22934995
22934996
22934997
22934998
22934999
22935002
22935003
22935004
22935005
22935017
22935018
22935026
22935029
22935031
22935034
22935041
22935053
22935076
22935080
22935084
22935094
22935095
22935105
22935106
22935131
22935132
22935144
22935145
22935149
22935150
22935151
22935152
22935153
22935154
22935155
22935156
22935157
22935158
22935159
22935160
22935161
22935162
22935164
22935173
22935174
22935175
22935176
22935177
22935178
22935179
22935180
22935181
22935182
22935183
22935184
22935185
22935186
22935187
22935188
22935189
22935192
22935205
22935206
22935207
22935208
22935209
22935210
22935211
22935212
22935226
22935228
22935241
22935251
22935252
22935253
22935254
22935255
22935256
22935257
22935258
22935259
22935260
22935262
22935272
22935275
22935276
22935300
22935301
22935302
22935303
22935304
22935305
22935306
22935307
22935308
22935309
22935310
22935311
22935312
22935313
22935337
22935338
22935339
22935340
22935341
22935342
22935343
22935344
22935345
22935346
22935354
22935396
22935397
22935398
22935399
22935400
22935401
22935402
22935403
22935404
22935405
22935414
22935415
22935417
22935418
22935420
22935421
22935422
22935423
22935436
22935447
22935448
22935450
22935462
22935474
22935481
22935482
22935483
22935490
22935499
22935500
22935501
22935505
22935506
22935507
22935515
22935517
22935518
22935519
22935520
22935521
22935522
22935523
22935525
22935526
22935527
22935532
22935533
22935534
22935535
22935539
22935556
22935557
22935568
22935569
22935578
22935580
22935597
22935598
22935599
22935600
22935601
22935617
22935618
22935619
22935636
22935642
22935644
22935648
22935649
22935655
22935656
22935657
22935659
22935662
22935664
22935665
22935666
22935673
22935674
22935675
22935678
22935691
22935726
22935727
22935728
22935730
22935731
22935733
22935746
22935747
22935748
22935751
22935759
22935808
22935809
22935810
22935811
22935812
22935813
22935814
22935815
22935816
22935843
22935848
22935849
22935850
22935894
22935895
22935896
22935897
22935898
22935899
22935900
22935905
22935906
22935908
22935914
22935919
22935920
22935929
22935930
22935931
22935933
22935934
22935935
22935937
22935938
22935939
22935940
22935941
22935942
22935943
22935944
22935954
22935964
22935965
22935966
22935967
22935968
22936036
22936037
22936040
22936041
22936042
22936043
22936044
22936046
22936048
22936049
22936051
22936055
22936056
22936057
22936058
22936059
22936073
22936074
22936075
22936101
22936104
22936113
22936127
22936130
22936131
22936132
22936133
22936134
22936135
22936136
22936137
22936138
22936139
22936140
22936141
22936142
22936143
22936144
22936145
22936146
22936147
22936148
22936149
22936150
22936151
22936152
22936153
22936154
22936157
22936158
22936171
22936175
22936178
22936182
22936183
22936184
22936185
22936186
22936187
22936188
22936189
22936190
22936191
22936192
22936193
22936194
22936195
22936196
22936197
22936198
22936199
22936200
22936201
22936202
22936207
22936215
22936216
22936217
22936221
22936222
22936223
22936224
22936225
22936226
22936227
22936228
22936229
22936230
22936231
22936232
22936233
22936234
22936235
22936236
22936252
22936253
22936254
22936255
22936256
22936257
22936258
22936259
22936260
22936261
22936262
22936263
22936264
22936265
22936266
22936267
22936268
22936270
22936271
22936272
22936273
22936296
22936304
22936316
22936328
22936337
22936340
22936341
22936342
22936343
22936344
22936350
22936352
22936355
22936356
22936357
22936360
22936361
22936384
22936394
22936404
22936405
22936415
22936420
22936421
22936443
22936444
22936445
22936446
22936447
22936448
22936449
22936450
22936451
22936452
22936453
22936454
22936469
22936470
22936473
22936474
22936475
22936476
22936477
22936478
22936479
22936480
22936481
22936482
22936483
22936484
22936485
22936486
22936487
22936488
22936489
22936490
22936537
22936575
22936610
22936611
22936620
22936639
22936643
22936644
22936647
22936655
22936656
22936657
22936658
22936659
22936660
22936662
22936663
22936664
22936665
22936671
22936681
22936682
22936741
22936742
22936743
22936797
22936798
22936799
22936800
22936801
22936802
22936803
22936804
22936805
22936806
22936807
22936808
22936809
22936810
22936811
22936823
22936824
22936828
22936829
22936830
22936831
22936832
22936834
22936892
22936893
22937183
22937184
22937185
22937186
22937187
22937188
22937189
22937190
22937191
22937192
22937193
22937194
22937195
22937196
22937197
22937198
22937199
22937200
22937201
22937202
22937551
22937552
22937553
22937556
22937726
22937729
22937730
22937731
22937741
22937750
22937754
22937763
22937765
22937770
22937778
22937794
22937795
22937796
22937807
22937812
22937832
22937833
22937840
22937841
22937843
22937844
22937845
22937846
22937847
22937848
22937849
22937850
22937851
22937852
22937853
22937854
22937855
22937856
22937857
22937858
22937859
22937860
22937861
22937862
22937865
22937873
22937888
22937890
22937893
22937894
22937903
22937912
22937916
22937919
22937925
22937927
22937928
22937929
22937930
22937934
22937935
22937950
22937952
22937953
22937961
22937964
22937974
22937976
22937978
22937991
22937995
22937997
22938015
22938022
22938024
22938030
22938037
22938041
22938049
22938052
22938076
22938077
22938078
22938079
22938080
22938081
22938082
22938088
22938093
22938135
22938136
22938139
22938140
22938141
22938148
22938151
22938154
22938155
22938160
22938165
22938166
22938167
22938168
22938169
22938170
22938174
22938176
22938183
22938190
22938203
22938212
22938213
22938214
22938217
22938221
22938226
22938230
22938237
22938240
22938250
22938251
22938260
22938263
22938265
22938266
22938383
22938384
22938391
22938393
22938503
22938511
22938512
22938518
22938519
22938536
22938540
22938541
22938542
22938543
22938544
22938545
22938546
22938547
22938548
22938549
22938556
22938557
22938558
22938559
22938560
22938561
22938562
22938563
22938567
22938575
22938576
22938577
22938578
22938579
22938580
22938581
22938585
22938586
22938587
22938592
22938600
22938601
22938603
22938604
22938607
22938609
22938610
22938611
22938612
22938613
22938614
22938615
22938616
22938617
22938618
22938619
22938626
22938627
22938636
22938637
22938638
22938639
22938640
22938641
22938642
22938643
22938644
22938645
22938646
22938647
22938651
22938653
22938674
22938694
22938695
22938708
22938723
22938725
22938728
22938740
22938742
22938744
22938745
22938746
22938747
22938748
22938749
22938750
22938752
22938760
22938777
22938779
22938780
22938781
22938791
22938793
22938818
22938825
22938830
22938831
22938832
22938833
22938834
22938835
22938836
22938839
22938840
22938841
22938842
22938847
22938912
22938916
22938917
22938918
22938919
22938920
22938921
22938922
22938939
22938941
22938942
22938944
22938947
22938948
22938950
22938951
22938952
22938953
22938954
22938955
22938956
22938961
22938962
22938963
22938964
22938965
22938966
22938967
22938968
22938969
22938970
22938971
22938972
22938973
22938974
22938975
22938976
22938977
22938978
22938979
22938980
22938981
22938982
22938983
22938984
22938985
22938986
22938987
22938988
22938989
22938992
22939007
22939009
22939013
22939014
22939015
22939016
22939017
22939018
22939019
22939020
22939021
22939022
22939023
22939024
22939025
22939026
22939027
22939028
22939029
22939035
22939036
22939037
22939038
22939039
22939040
22939041
22939042
22939043
22939044
22939045
22939050
22939051
22939052
22939053
22939054
22939055
22939056
22939057
22939058
22939059
22939060
22939061
22939062
22939063
22939064
22939065
22939066
22939067
22939068
22939069
22939070
22939071
22939072
22939073
22939074
22939075
22939076
22939077
22939078
22939079
22939080
22939081
22939089
22939090
22939091
22939098
22939099
22939118
22939120
22939121
22939122
22939123
22939124
22939125
22939126
22939127
22939128
22939129
22939130
22939131
22939132
22939133
22939134
22939135
22939136
22939137
22939138
22939139
22939140
22939141
22939142
22939143
22939145
22939146
22939147
22939148
22939149
22939150
22939151
22939152
22939153
22939154
22939155
22939156
22939157
22939158
22939159
22939160
22939181
22939182
22939186
22939203
22939204
22939206
22939207
22939208
22939209
22939210
22939211
22939212
22939214
22939220
22939221
22939222
22939223
22939227
22939228
22939229
22939244
22939245
22939246
22939247
22939248
22939264
22939285
22939286
22939368
22939376
22939377
22939378
22939379
22939380
22939396
22939397
22939398
22939399
22939400
22939401
22939402
22939448
22939453
22939454
22939459
22939460
22939512
22939513
22939532
22939550
22939555
22939556
22939557
22939558
22939559
22939560
22939561
22939571
22939579
22939580
22939581
22939607
22939633
22939634
22939635
22939636
22939637
22939639
22939641
22939642
22939643
22939646
22939657
22939658
22939659
22939660
22939661
22939662
22939663
22939664
22939665
22939666
22939690
22939713
22939745
22939746
22939747
22939748
22939749
22939750
22939755
22939757
22939758
22939768
22939800
22939801
22939802
22939803
22939804
22939805
22939806
22939807
22939808
22939809
22939810
22939811
22939812
22939813
22939814
22939815
22939833
22939852
22939856
22939861
22939862
22939868
22939869
22939870
22939871
22939881
22939883
22939884
22939901
22939913
22939915
22939930
22939984
22939994
22939995
22939997
22940002
22940003
22940011
22940012
22940016
22940017
22940024
22940025
22940027
22940062
22940077
22940078
22940080
22940081
22940087
22940097
22940098
22940106
22940112
22940113
22940114
22940130
22940131
22940133
22940134
22940143
22940146
22940147
22940148
22940198
22940207
22940224
22940225
22940226
22940227
22940246
22940247
22940248
22940249
22940250
22940257
22940258
22940259
22940260
22940262
22940266
22940269
22940272
22940273
22940274
22940275
22940366
22940367
22940369
22940370
22940405
22940431
22940441
22940460
22940467
22940552
22940558
22940574
22940602
22940606
22940607
22940617
22940618
22940619
22940621
22940622
22940623
22940624
22940625
22940633
22940634
22940635
22940652
22940653
22940654
22940655
22940656
22940657
22940658
22940659
22940660
22940661
22940662
22940663
22940664
22940665
22940666
22940667
22940679
22940690
22940691
22940692
22940713
22940717
22940718
22940735
22940737
22940746
22940774
22940789
22940811
22940812
22940813
22940814
22940815
22940827
22940828
22940829
22940830
22940831
22940858
22940859
22940864
22940865
22940866
22940880
22940881
22940906
22940907
22940914
22940924
22940935
22940941
22940945
22940948
22940952
22940953
22940963
22940965
22940988
22940989
22940990
22940993
22940995
22940998
22941000
22941004
22941010
22941011
22941012
22941013
22941014
22941015
22941016
22941017
22941018
22941019
22941020
22941021
22941022
22941023
22941024
22941025
22941107
22941108
22941109
22941110
22941111
22941182
22941188
22941189
22941190
22941191
22941192
22941194
22941195
22941206
22941207
22941208
22941245
22941246
22941260
22941261
22941262
22941263
22941264
22941265
22941266
22941275
22941276
22941277
22941283
22941284
22941285
22941287
22941288
22941332
22941337
22941338
22941346
22941363
22941364
22941365
22941374
22941375
22941400
22941410
22941416
22941417
22941419
22941427
22941428
22941455
22941456
22941457
22941466
22941467
22941468
22941473
22941474
22941475
22941476
22941477
22941478
22941479
22941480
22941481
22941482
22941483
22941484
22941485
22941486
22941487
22941488
22941489
22941490
22941491
22941492
22941493
22941504
22941505
22941522
22941557
22941586
22941587
22941592
22941593
22941594
22941595
22941596
22941597
22941598
22941599
22941600
22941601
22941602
22941603
22941604
22941605
22941606
22941607
22941608
22941609
22941610
22941611
22941612
22941613
22941614
22941615
22941616
22941617
22941618
22941619
22941620
22941621
22941622
22941623
22941624
22941625
22941626
22941627
22941628
22941629
22941630
22941631
22941632
22941635
22941636
22941637
22941638
22941639
22941641
22941642
22941644
22941645
22941646
22941649
22941650
22941651
22941652
22941653
22941656
22941657
22941658
22941659
22941660
22941662
22941664
22941675
22941678
22941698
22941703
22941704
22941705
22941706
22941707
22941708
22941709
22941710
22941711
22941712
22941727
22941735
22941736
22941747
22941755
22941756
22941760
22941769
22941795
22941808
22941809
22941836
22941837
22941838
22941839
22941840
22941841
22941842
22941843
22941844
22941880
22941882
22941883
22941884
22941885
22941886
22941887
22941888
22941889
22941890
22941891
22941892
22941909
22941910
22941936
22941937
22941943
22941959
22941975
22942082
22942083
22942084
22942085
22942086
22942087
22942088
22942089
22942090
22942091
22942092
22942093
22942094
22942095
22942096
22942097
22942098
22942099
22942100
22942101
22942102
22942103
22942106
22942107
22942108
22942109
22942110
22942111
22942112
22942113
22942114
22942115
22942116
22942117
22942118
22942119
22942158
22942160
22942161
22942165
22942166
22942178
22942179
22942180
22942181
22942182
22942183
22942184
22942185
22942199
22942218
22942219
22942234
22942239
22942241
22942242
22942244
22942245
22942246
22942247
22942248
22942249
22942252
22942253
22942254
22942257
22942258
22942266
22942274
22942275
22942276
22942277
22942278
22942279
22942280
22942281
22942282
22942283
22942284
22942285
22942286
22942287
22942288
22942289
22942290
22942292
22942294
22942295
22942296
22942297
22942298
22942321
22942322
22942323
22942324
22942325
22942326
22942327
22942328
22942329
22942330
22942331
22942332
22942333
22942334
22942355
22942386
22942387
22942391
22942401
22942403
22942404
22942405
22942406
22942407
22942408
22942409
22942410
22942411
22942412
22942413
22942414
22942415
22942416
22942417
22942418
22942419
22942420
22942421
22942422
22942423
22942424
22942425
22942426
22942427
22942428
22942429
22942430
22942431
22942432
22942433
22942434
22942435
22942453
22942454
22942455
22942456
22942457
22942458
22942462
22942464
22942465
22942466
22942467
22942468
22942469
22942470
22942472
22942474
22942476
22942648
22942788
22942789
22942790
22943051
22943111
22943113
22943114
22943116
22943117
22943118
22943119
22943120
22943121
22943122
22943123
22943124
22943125
22943137
22943164
22943166
22943167
22943168
22943169
22943170
22943171
22943172
22943173
22943174
22943175
22943176
22943177
22943178
22943179
22943180
22943181
22943182
22943183
22943184
22943185
22943187
22943188
22943195
22943196
22943197
22943198
22943199
22943200
22943201
22943202
22943203
22943204
22943205
22943206
22943218
22943219
22943220
22943221
22943222
22943223
22943224
22943225
22943226
22943227
22943228
22943229
22943230
22943231
22943232
22943233
22943234
22943235
22943236
22943237
22943238
22943239
22943240
22943241
22943242
22943243
22943244
22943245
22943246
22943247
22943248
22943249
22943250
22943251
22943252
22943253
22943254
22943255
22943256
22943262
22943267
22943268
22943269
22943270
22943271
22943272
22943273
22943274
22943275
22943276
22943277
22943278
22943279
22943280
22943282
22943284
22943295
22943296
22943299
22943300
22943301
22943302
22943303
22943304
22943314
22943363
22943372
22943373
22943374
22943375
22943376
22943377
22943378
22943379
22943380
22943381
22943382
22943383
22943407
22943440
22943456
22943462
22943467
22943470
22943478
22943479
22943483
22943491
22943499
22943520
22943521
22943524
22943525
22943527
22943538
22943539
22943540
22943541
22943542
22943543
22943544
22943545
22943546
22943547
22943548
22943549
22943550
22943553
22943554
22943564
22943569
22943573
22943597
22943606
22943612
22943613
22943615
22943616
22943617
22943618
22943619
22943620
22943621
22943622
22943623
22943658
22943659
22943666
22943699
22943701
22943702
22943703
22943704
22943705
22943706
22943707
22943708
22943709
22943710
22943711
22943712
22943713
22943714
22943715
22943716
22943717
22943718
22943719
22943720
22943721
22943722
22943723
22943724
22943725
22943726
22943727
22943728
22943729
22943730
22943731
22943732
22943733
22943734
22943735
22943736
22943738
22943743
22943765
22943777
22943778
22943779
22943780
22943781
22943782
22943783
22943784
22943785
22943786
22943787
22943789
22943837
22943840
22943841
22943842
22943843
22943844
22943850
22943852
22943855
22943856
22943857
22943887
22943908
22943924
22943925
22943926
22943927
22943928
22943930
22943931
22943932
22943933
22943979
22944005
22944006
22944025
22944042
22944081
22944082
22944084
22944089
22944092
22944097
22944098
22944099
22944100
22944108
22944109
22944110
22944111
22944175
22944176
22944208
22944254
22944255
22944263
22944282
22944283
22944320
22944324
22944325
22944326
22944327
22944328
22944329
22944361
22944362
22944364
22944365
22944368
22944369
22944382
22944383
22944385
22944389
22944455
22944456
22944457
22944460
22944479
22944480
22944482
22944483
22944484
22944496
22944497
22944498
22944499
22944500
22944559
22944560
22944561
22944587
22944588
22944604
22944621
22944656
22944657
22944670
22944671
22944672
22944673
22944674
22944675
22944676
22944677
22944678
22944679
22944680
22944681
22944682
22944683
22944684
22944714
22944715
22944716
22944717
22944718
22944719
22944720
22944721
22944722
22944723
22944734
22944771
22944866
22944867
22944870
22944888
22944889
22944890
22944891
22944892
22944894
22944895
22944896
22944905
22944906
22945018
22945023
22945141
22945142
22945156
22945164
22945174
22945176
22945228
22945229
22945279
22945294
22945298
22945299
22945311
22945321
22945324
22945333
22945340
22945341
22945393
22945394
22945395
22945401
22945402
22945403
22945404
22945405
22945406
22945407
22945408
22945409
22945410
22945411
22945412
22945413
22945414
22945415
22945418
22945420
22945436
22945453
22945458
22945459
22945464
22945468
22945481
22945492
22945513
22945551
22945616
22945617
22945618
22945619
22945620
22945621
22945622
22945623
22945628
22945629
22945630
22945631
22945632
22945633
22945634
22945635
22945636
22945639
22945661
22945687
22945697
22945698
22945699
22945700
22945701
22945702
22945703
22945704
22945705
22945706
22945707
22945708
22945709
22945710
22945711
22945712
22945713
22945714
22945715
22945716
22945717
22945718
22945719
22945720
22945721
22945722
22945723
22945724
22945725
22945726
22945727
22945729
22945730
22945731
22945732
22945733
22945734
22945735
22945736
22945737
22945738
22945757
22945771
22945800
22945812
22945815
22945816
22945817
22945818
22945819
22945820
22945821
22945822
22945823
22945824
22945830
22945832
22945860
22945866
22945878
22945887
22945894
22945907
22945908
22945909
22945919
22945920
22945921
22945922
22945926
22945948
22945960
22945966
22945967
22945969
22946065
22946066
22946067
22946068
22946069
22946070
22946071
22946072
22946073
22946074
22946075
22946076
22946077
22946078
22946080
22946087
22946088
22946089
22946090
22946091
22946093
22946107
22946108
22946111
22946124
22946128
22946135
22946137
22946143
22946144
22946450
22946457
22946483
22946493
22946494
22946495
22946499
22946509
22946510
22946515
22946539
22946555
22946557
22946568
22946569
22946571
22946572
22946573
22946574
22946575
22946576
22946577
22946578
22946579
22946580
22946581
22946585
22946590
22946591
22946592
22946593
22946594
22946595
22946596
22946597
22946614
22946620
22946630
22946634
22946638
22946642
22946649
22946651
22946654
22946658
22946661
22946666
22946672
22946684
22946685
22946686
22946687
22946688
22946689
22946690
22946693
22946694
22946695
22946699
22946703
22946706
22946707
22946708
22946713
22946715
22946716
22946717
22946718
22946719
22946720
22946721
22946722
22946723
22946724
22946725
22946726
22946727
22946728
22946729
22946730
22946733
22946734
22946735
22946736
22946740
22946746
22946748
22946749
22946752
22946753
22946754
22946758
22946760
22946763
22946769
22946772
22946778
22946791
22946794
22946795
22946796
22946797
22946798
22946799
22946800
22946801
22946802
22946803
22946804
22946805
22946806
22946807
22946808
22946809
22946810
22946811
22946812
22946813
22946814
22946815
22946816
22946817
22946818
22946819
22946838
22946840
22946848
22946849
22946850
22946851
22946852
22946853
22946854
22946859
22946883
22946905
22946910
22946911
22946912
22946914
22946915
22946916
22946917
22946918
22946919
22946920
22946921
22946922
22946923
22946928
22946936
22946937
22946938
22946939
22946940
22946941
22946942
22946943
22946944
22946945
22946946
22946947
22946948
22946949
22946950
22946952
22946956
22946963
22946968
22946969
22946971
22946973
22946974
22946975
22946996
22947000
22947001
22947003
22947004
22947007
22947008
22947009
22947010
22947011
22947031
22947032
22947034
22947035
22947036
22947051
22947052
22947056
22947060
22947062
22947075
22947077
22947078
22947098
22947102
22947110
22947116
22947121
22947148
22947150
22947151
22947152
22947153
22947154
22947155
22947157
22947158
22947159
22947160
22947161
22947162
22947163
22947187
22947195
22947198
22947199
22947200
22947205
22947208
22947210
22947220
22947229
22947242
22947245
22947251
22947255
22947256
22947265
22947269
22947296
22947297
22947299
22947309
22947310
22947311
22947313
22947314
22947315
22947316
22947317
22947318
22947321
22947327
22947341
22947344
22947346
22947369
22947379
22947380
22947381
22947382
22947383
22947384
22947397
22947398
22947414
22947415
22947416
22947430
22947460
22947461
22947462
22947463
22947464
22947465
22947466
22947467
22947468
22947469
22947470
22947471
22947472
22947473
22947474
22947475
22947476
22947477
22947478
22947479
22947480
22947481
22947482
22947490
22947505
22947511
22947521
22947522
22947523
22947524
22947525
22947526
22947527
22947528
22947529
22947530
22947531
22947532
22947533
22947534
22947535
22947536
22947537
22947538
22947555
22947556
22947562
22947564
22947566
22947567
22947568
22947569
22947570
22947571
22947575
22947576
22947577
22947578
22947579
22947580
22947581
22947582
22947583
22947584
22947585
22947586
22947587
22947588
22947589
22947591
22947592
22947595
22947598
22947619
22947620
22947650
22947660
22947661
22947662
22947664
22947695
22947698
22947769
22947771
22947772
22947852
22947853
22947854
22947855
22947856
22947857
22947858
22947859
22947860
22947861
22947862
22947863
22947864
22947865
22947866
22947867
22947868
22947869
22947870
22947871
22947872
22947873
22947874
22947875
22947876
22947877
22947878
22947879
22947880
22947918
22947924
22947925
22947926
22947927
22947928
22947929
22947930
22947931
22947932
22947933
22947934
22947935
22947936
22947937
22947938
22947939
22947940
22947941
22947942
22947943
22947944
22947945
22947946
22948000
22948006
22948007
22948008
22948033
22948035
22948041
22948043
22948044
22948045
22948046
22948047
22948048
22948049
22948071
22948073
22948074
22948083
22948086
22948089
22948098
22948110
22948111
22948119
22948123
22948124
22948129
22948135
22948139
22948140
22948141
22948142
22948143
22948144
22948145
22948146
22948147
22948148
22948149
22948150
22948151
22948152
22948153
22948154
22948155
22948156
22948158
22948159
22948160
22948162
22948172
22948177
22948182
22948192
22948193
22948207
22948210
22948211
22948212
22948213
22948214
22948215
22948216
22948217
22948218
22948219
22948220
22948221
22948222
22948244
22948245
22948246
22948247
22948251
22948254
22948255
22948282
22948298
22948310
22948311
22948312
22948321
22948322
22948324
22948326
22948327
22948328
22948329
22948330
22948331
22948334
22948348
22948349
22948350
22948351
22948352
22948353
22948354
22948355
22948356
22948357
22948358
22948362
22948363
22948364
22948365
22948366
22948367
22948368
22948369
22948370
22948371
22948372
22948373
22948374
22948375
22948396
22948397
22948398
22948399
22948400
22948401
22948402
22948403
22948420
22948421
22948422
22948423
22948424
22948425
22948426
22948427
22948428
22948429
22948430
22948431
22948432
22948433
22948434
22948435
22948436
22948443
22948444
22948486
22948488
22948489
22948490
22948520
22948526
22948529
22948544
22948545
22948563
22948575
22948576
22948577
22948578
22948579
22948580
22948581
22948582
22948583
22948584
22948585
22948586
22948587
22948598
22948600
22948607
22948614
22948617
22948618
22948619
22948620
22948621
22948622
22948623
22948624
22948625
22948626
22948627
22948628
22948629
22948630
22948631
22948632
22948633
22948634
22948635
22948636
22948637
22948638
22948639
22948640
22948641
22948642
22948643
22948644
22948645
22948646
22948647
22948648
22948649
22948650
22948651
22948652
22948653
22948654
22948655
22948656
22948657
22948658
22948660
22948661
22948662
22948663
22948666
22948667
22948670
22948674
22948716
22948720
22948721
22948723
22948725
22948726
22948727
22948728
22948729
22948730
22948751
22948754
22948755
22948756
22948757
22948758
22948759
22948760
22948761
22948762
22948763
22948764
22948765
22948766
22948767
22948776
22948777
22948778
22948779
22948780
22948781
22948800
22948801
22948802
22948848
22948849
22948850
22948851
22948852
22948857
22948859
22948889
22948890
22948891
22948892
22948893
22948894
22948895
22948896
22948897
22948901
22948902
22948929
22948969
22948971
22949005
22949007
22949015
22949017
22949018
22949019
22949020
22949021
22949024
22949025
22949029
22949030
22949032
22949045
22949057
22949129
22949131
22949132
22949137
22949141
22949142
22949145
22949147
22949149
22949150
22949151
22949152
22949154
22949162
22949180
22949181
22949182
22949183
22949184
22949185
22949186
22949187
22949188
22949189
22949190
22949191
22949192
22949193
22949194
22949195
22949196
22949197
22949198
22949199
22949200
22949201
22949202
22949203
22949204
22949205
22949206
22949207
22949208
22949209
22949210
22949211
22949212
22949213
22949226
22949232
22949233
22949234
22949235
22949236
22949237
22949238
22949239
22949240
22949241
22949242
22949243
22949244
22949245
22949246
22949247
22949248
22949249
22949250
22949251
22949252
22949253
22949254
22949255
22949256
22949257
22949258
22949259
22949260
22949261
22949266
22949267
22949270
22949272
22949299
22949304
22949307
22949308
22949314
22949388
22949412
22949413
22949416
22949417
22949418
22949419
22949420
22949421
22949422
22949423
22949424
22949425
22949426
22949427
22949428
22949432
22949437
22949438
22949439
22949441
22949442
22949443
22949444
22949445
22949446
22949447
22949448
22949449
22949450
22949451
22949452
22949453
22949454
22949455
22949456
22949457
22949458
22949459
22949460
22949461
22949462
22949470
22949471
22949472
22949473
22949475
22949476
22949477
22949478
22949487
22949489
22949490
22949491
22949492
22949493
22949494
22949495
22949498
22949501
22949502
22949503
22949504
22949505
22949506
22949507
22949508
22949515
22949516
22949517
22949518
22949519
22949520
22949526
22949528
22949529
22949530
22949531
22949532
22949533
22949534
22949535
22949537
22949539
22949540
22949541
22949542
22949543
22949546
22949558
22949559
22949560
22949561
22949563
22949587
22949588
22949589
22949590
22949591
22949592
22949593
22949594
22949595
22949596
22949597
22949598
22949599
22949600
22949601
22949602
22949603
22949604
22949610
22949611
22949612
22949613
22949614
22949615
22949616
22949617
22949618
22949619
22949620
22949631
22949632
22949633
22949634
22949635
22949636
22949637
22949638
22949639
22949640
22949641
22949642
22949643
22949644
22949645
22949646
22949647
22949648
22949649
22949650
22949651
22949652
22949653
22949654
22949655
22949656
22949657
22949658
22949659
22949660
22949661
22949663
22949664
22949665
22949666
22949667
22949668
22949669
22949670
22949671
22949672
22949673
22949674
22949675
22949677
22949678
22949679
22949680
22949682
22949683
22949686
22949687
22949688
22949689
22949690
22949691
22949692
22949693
22949694
22949695
22949696
22949697
22949698
22949699
22949700
22949701
22949702
22949703
22949704
22949705
22949706
22949707
22949708
22949709
22949710
22949711
22949712
22949713
22949714
22949715
22949716
22949717
22949718
22949719
22949720
22949721
22949722
22949732
22949734
22949735
22949736
22949745
22949746
22949747
22949748
22949749
22949750
22949751
