22949752
22949753
22949754
22949755
22949756
22949757
22949758
22949759
22949760
22949761
22949762
22949763
22949764
22949765
22949766
22949767
22949768
22949769
22949770
22949771
22949772
22949773
22949774
22949775
22949776
22949777
22949778
22949779
22949780
22949781
22949782
22949783
22949784
22949785
22949786
22949787
22949788
22949789
22949790
22949791
22949792
22949793
22949888
22949889
22949890
22949930
22949931
22949932
22949933
22949934
22949935
22949936
22949937
22949938
22949939
22949940
22949941
22949942
22949943
22949944
22949945
22949946
22950066
22950067
22950068
22950069
22950070
22950071
22950072
22950073
22950074
22950075
22950076
22950077
22950082
22950083
22950087
22950136
22950139
22950153
22950154
22950155
22950156
22950157
22950158
22950352
22950357
22950360
22950366
22950369
22950371
22950387
22950390
22950391
22950392
22950417
22950435
22950437
22950438
22950442
22950446
22950454
22950456
22950458
22950469
22950471
22950472
22950473
22950481
22950482
22950484
22950512
22950513
22950514
22950516
22950518
22950525
22950526
22950528
22950533
22950534
22950535
22950536
22950570
22950574
22950583
22950584
22950585
22950586
22950587
22950588
22950589
22950590
22950591
22950592
22950593
22950594
22950604
22950607
22950630
22950651
22950671
22950675
22950682
22950686
22950687
22950704
22950711
22950716
22950717
22950721
22950726
22950727
22950728
22950729
22950730
22950731
22950732
22950733
22950746
22950752
22950783
22950803
22950847
22950899
22950900
22950901
22950902
22950964
22950971
22950974
22950980
22950981
22950983
22950984
22950989
22950990
22950991
22950993
22950996
22950997
22950998
22950999
22951001
22951002
22951003
22951004
22951006
22951007
22951008
22951009
22951010
22951011
22951032
22951033
22951034
22951048
22951057
22951058
22951070
22951074
22951084
22951096
22951107
22951114
22951123
22951124
22951125
22951126
22951128
22951129
22951130
22951132
22951133
22951134
22951138
22951140
22951220
22951221
22951223
22951224
22951225
22951235
22951236
22951237
22951238
22951239
22951240
22951241
22951242
22951256
22951270
22951271
22951272
22951273
22951274
22951287
22951301
22951305
22951316
22951326
22951329
22951330
22951340
22951350
22951357
22951361
22951376
22951377
22951381
22951390
22951391
22951408
22951409
22951410
22951411
22951412
22951414
22951424
22951425
22951429
22951431
22951432
22951433
22951450
22951451
22951452
22951467
22951488
22951492
22951493
22951494
22951512
22951526
22951530
22951533
22951544
22951568
22951571
22951576
22951577
22951580
22951587
22951593
22951597
22951599
22951600
22951626
22951639
22951640
22951641
22951642
22951643
22951644
22951645
22951751
22951752
22951753
22951754
22951755
22951756
22951757
22951758
22951759
22951760
22951761
22951762
22951763
22951764
22951765
22951770
22951771
22951772
22951773
22951775
22951776
22951777
22951778
22951779
22951780
22951781
22951782
22951783
22951784
22951785
22951786
22951787
22951788
22951789
22951804
22951805
22951806
22951807
22951808
22951809
22951821
22951822
22951823
22951824
22951825
22951826
22951827
22951828
22951829
22951830
22951831
22951832
22951833
22951834
22951835
22951836
22951837
22951838
22951839
22951840
22951841
22951842
22951843
22951868
22951869
22951870
22951871
22951882
22951883
22951884
22951888
22951894
22951895
22951896
22951897
22951899
22951900
22951910
22951911
22951920
22951921
22951922
22951930
22951932
22951933
22951950
22951953
22951968
22951972
22951981
22951982
22951983
22951984
22951985
22951986
22951988
22951994
22951995
22952005
22952007
22952011
22952016
22952026
22952028
22952029
22952030
22952032
22952033
22952034
22952038
22952049
22952061
22952070
22952071
22952072
22952073
22952074
22952075
22952076
22952082
22952113
22952116
22952117
22952118
22952119
22952120
22952121
22952122
22952123
22952124
22952125
22952126
22952130
22952131
22952132
22952134
22952135
22952169
22952171
22952172
22952173
22952174
22952175
22952176
22952177
22952178
22952179
22952180
22952181
22952182
22952183
22952184
22952185
22952186
22952187
22952202
22952216
22952218
22952219
22952220
22952221
22952222
22952223
22952224
22952225
22952226
22952227
22952228
22952229
22952230
22952231
22952232
22952233
22952234
22952235
22952236
22952237
22952238
22952239
22952240
22952241
22952242
22952254
22952255
22952256
22952257
22952258
22952259
22952260
22952261
22952262
22952263
22952279
22952280
22952282
22952283
22952284
22952293
22952294
22952295
22952296
22952297
22952308
22952309
22952310
22952311
22952312
22952317
22952318
22952323
22952340
22952342
22952343
22952348
22952349
22952379
22952380
22952382
22952383
22952390
22952391
22952392
22952393
22952394
22952395
22952396
22952397
22952398
22952399
22952400
22952401
22952403
22952404
22952405
22952433
22952434
22952435
22952436
22952437
22952438
22952439
22952440
22952441
22952442
22952443
22952451
22952452
22952453
22952454
22952455
22952456
22952471
22952554
22952558
22952559
22953003
22953004
22953005
22953006
22953007
22953008
22953009
22953010
22953011
22953012
22953013
22953014
22953015
22953016
22953017
22953018
22953019
22953020
22953333
22953334
22953337
22953338
22953367
22953695
22953699
22953702
22953703
22953705
22953706
22953707
22953708
22953709
22953710
22953715
22953732
22953747
22953749
22953757
22953765
22953766
22953767
22953768
22953769
22953770
22953771
22953772
22953773
22953774
22953776
22953789
22953793
22953796
22953996
22953998
22954000
22954001
22954002
22954003
22954004
22954005
22954006
22954007
22954011
22954016
22954022
22954028
22954029
22954030
22954034
22954038
22954056
22954057
22954071
22954072
22954073
22954074
22954075
22954076
22954077
22954078
22954079
22954080
22954081
22954082
22954092
22954138
22954141
22954149
22954153
22954163
22954164
22954165
22954166
22954167
22954168
22954172
22954174
22954190
22954192
22954193
22954194
22954198
22954209
22954210
22954211
22954212
22954213
22954214
22954215
22954216
22954217
22954218
22954219
22954220
22954221
22954222
22954223
22954224
22954228
22954231
22954241
22954248
22954255
22954259
22954282
22954286
22954289
22954306
22954315
22954320
22954331
22954334
22954337
22954338
22954339
22954340
22954341
22954342
22954343
22954344
22954350
22954355
22954360
22954381
22954387
22954388
22954389
22954391
22954392
22954405
22954419
22954424
22954452
22954453
22954459
22954467
22954482
22954484
22954500
22954502
22954507
22954508
22954523
22954526
22954607
22954608
22954609
22954610
22954611
22954612
22954613
22954615
22954618
22954640
22954641
22954642
22954643
22954645
22954646
22954655
22954661
22954662
22954705
22954734
22954745
22954746
22954747
22954758
22954761
22954762
22954763
22954764
22954765
22954766
22954767
22954786
22954799
22954801
22954804
22954813
22954814
22954817
22954818
22954819
22954820
22954821
22954822
22954823
22954824
22954825
22954826
22954828
22954829
22954830
22954831
22954832
22954833
22954834
22954835
22954836
22954837
22954838
22954839
22954840
22954841
22954842
22954843
22954844
22954845
22954846
22954847
22954849
22954850
22954851
22954852
22954853
22954854
22954855
22954856
22954857
22954858
22954859
22954860
22954861
22954862
22954863
22954864
22954865
22954866
22954868
22954869
22954870
22954871
22954872
22954873
22954874
22954875
22954877
22954878
22954879
22954880
22954881
22954882
22954883
22954884
22954962
22954963
22954964
22954965
22954966
22954967
22954968
22955026
22955027
22955034
22955043
22955044
22955045
22955054
22955065
22955066
22955067
22955068
22955069
22955070
22955071
22955072
22955073
22955074
22955075
22955076
22955077
22955078
22955079
22955080
22955081
22955082
22955083
22955084
22955085
22955086
22955087
22955088
22955089
22955090
22955091
22955092
22955093
22955096
22955097
22955098
22955099
22955100
22955101
22955102
22955104
22955110
22955114
22955115
22955124
22955125
22955126
22955127
22955128
22955130
22955131
22955133
22955134
22955135
22955136
22955138
22955149
22955150
22955151
22955152
22955153
22955154
22955155
22955169
22955170
22955171
22955172
22955173
22955176
22955186
22955188
22955189
22955191
22955192
22955193
22955194
22955195
22955210
22955211
22955212
22955213
22955214
22955215
22955216
22955217
22955218
22955219
22955220
22955221
22955222
22955223
22955224
22955225
22955226
22955227
22955228
22955229
22955230
22955250
22955256
22955257
22955258
22955261
22955262
22955263
22955264
22955269
22955270
22955271
22955272
22955273
22955274
22955275
22955276
22955277
22955278
22955279
22955280
22955281
22955282
22955283
22955284
22955285
22955286
22955287
22955308
22955309
22955313
22955314
22955316
22955317
22955318
22955319
22955349
22955350
22955351
22955352
22955353
22955354
22955355
22955356
22955357
22955358
22955359
22955360
22955361
22955362
22955363
22955364
22955365
22955366
22955367
22955368
22955370
22955371
22955374
22955377
22955448
22955492
22955512
22955513
22955514
22955515
22955516
22955517
22955551
22955552
22955553
22955554
22955555
22955556
22955557
22955558
22955574
22955638
22955639
22955640
22955641
22955642
22955643
22955644
22955645
22955646
22955647
22955648
22955649
22955650
22955651
22955652
22955653
22955654
22955655
22955656
22955657
22955658
22955659
22955660
22955661
22955662
22955663
22955664
22955665
22955666
22955692
22955693
22955694
22955695
22955707
22955708
22955709
22955711
22955712
22955713
22955715
22955716
22955717
22955728
22955731
22955835
22955842
22955843
22955849
22955850
22955851
22955852
22955853
22955854
22955858
22955881
22955882
22955883
22955884
22955885
22955886
22955911
22955912
22955913
22955915
22955916
22955917
22955918
22955919
22955920
22955922
22955924
22955925
22955926
22955927
22955928
22955930
22955965
22955971
22955972
22955973
22955974
22955975
22955976
22955977
22955978
22955979
22955980
22955981
22955982
22955983
22955984
22955985
22955986
22955987
22955988
22955989
22955990
22955991
22956017
22956038
22956079
22956080
22956081
22956082
22956083
22956084
22956085
22956086
22956087
22956088
22956089
22956090
22956091
22956092
22956093
22956094
22956095
22956096
22956097
22956098
22956099
22956100
22956101
22956102
22956103
22956104
22956105
22956106
22956107
22956108
22956109
22956176
22956181
22956218
22956219
22956220
22956221
22956222
22956223
22956224
22956225
22956226
22956227
22956228
22956237
22956245
22956246
22956247
22956248
22956249
22956271
22956312
22956315
22956316
22956318
22956319
22956321
22956322
22956323
22956324
22956325
22956326
22956327
22956328
22956330
22956350
22956351
22956356
22956367
22956368
22956396
22956406
22956418
22956419
22956420
22956421
22956422
22956451
22956453
22956454
22956455
22956456
22956457
22956458
22956472
22956494
22956495
22956496
22956497
22956498
22956499
22956500
22956501
22956502
22956503
22956504
22956505
22956506
22956507
22956508
22956514
22956530
22956531
22956549
22956550
22956551
22956554
22956555
22956556
22956557
22956559
22956561
22956576
22956577
22956578
22956579
22956580
22956581
22956582
22956583
22956584
22956585
22956586
22956587
22956589
22956590
22956595
22956601
22956602
22956603
22956604
22956605
22956606
22956607
22956608
22956609
22956610
22956611
22956612
22956613
22956614
22956615
22956616
22956617
22956618
22956619
22956620
22956621
22956622
22956623
22956624
22956625
22956634
22956635
22956636
22956640
22956642
22956643
22956650
22956651
22956688
22956690
22956691
22956692
22956693
22956694
22956695
22956696
22956697
22956698
22956699
22956700
22956701
22956702
22956703
22956704
22956705
22956706
22956707
22956708
22956709
22956710
22956716
22956717
22956722
22956723
22956725
22956726
22956727
22956728
22956729
22956730
22956733
22956734
22956735
22956736
22956737
22956738
22956745
22956746
22956747
22956748
22956749
22956750
22956751
22956752
22956753
22956754
22956755
22956760
22956781
22956816
22956818
22956819
22956820
22956821
22956822
22956823
22956824
22956825
22956826
22956827
22956828
22956829
22956830
22956831
22956832
22956833
22956834
22956835
22956836
22956837
22956838
22956839
22956840
22956841
22956842
22956843
22956844
22956845
22956846
22956847
22956848
22956849
22956850
22956851
22956852
22956853
22956862
22956863
22956864
22956865
22956866
22956867
22956868
22956869
22956870
22956871
22956872
22956878
22956894
22956895
22956896
22956897
22956898
22956899
22956900
22956901
22956902
22956903
22956904
22956908
22956909
22956910
22956911
22956912
22956913
22956914
22956915
22956916
22956917
22956966
22956992
22956993
22956994
22956995
22956996
22956997
22956998
22956999
22957000
22957001
22957002
22957003
22957004
22957005
22957006
22957007
22957008
22957315
22957317
22957344
22957392
22957393
22957394
22957395
22957470
22957485
22957486
22957487
22957488
22957489
22957490
22957492
22957495
22957499
22957505
22957510
22957524
22957525
22957526
22957527
22957528
22957529
22957530
22957531
22957532
22957534
22957537
22957649
22957651
22957663
22957664
22957673
22957674
22957677
22957678
22957679
22957680
22957682
22957686
22957697
22957701
22957707
22957732
22957735
22957740
22957753
22957754
22957755
22957756
22957768
22957772
22957773
22957796
22957798
22957803
22957810
22957834
22957860
22957861
22957862
22957863
22957864
22957865
22957866
22957867
22957868
22957869
22957870
22957871
22957872
22957873
22957874
22957875
22957876
22957877
22957878
22957879
22957880
22957881
22957882
22957883
22957890
22957893
22957912
22957915
22957916
22957917
22957923
22957931
22957946
22957947
22957961
22957976
22957978
22958000
22958055
22958070
22958072
22958079
22958083
22958086
22958088
22958094
22958112
22958115
22958122
22958126
22958128
22958132
22958139
22958148
22958149
22958150
22958151
22958152
22958153
22958154
22958155
22958156
22958157
22958163
22958164
22958165
22958166
22958167
22958186
22958188
22958190
22958207
22958220
22958223
22958229
22958230
22958234
22958284
22958285
22958286
22958287
22958288
22958289
22958290
22958291
22958292
22958293
22958294
22958325
22958329
22958347
22958365
22958369
22958375
22958393
22958415
22958421
22958441
22958453
22958460
22958513
22958514
22958539
22958555
22958556
22958557
22958558
22958559
22958560
22958561
22958562
22958563
22958564
22958565
22958566
22958567
22958568
22958569
22958606
22958607
22958608
22958641
22958642
22958643
22958659
22958660
22958661
22958662
22958663
22958664
22958665
22958678
22958762
22958763
22958764
22958765
22958766
22958767
22958768
22958769
22958770
22958771
22958772
22958773
22958774
22958775
22958776
22958777
22958778
22958789
22958790
22958791
22958792
22958795
22958796
22958817
22958818
22958819
22958820
22958821
22958822
22958823
22958824
22958825
22958826
22958827
22958828
22958829
22958830
22958858
22958859
22958861
22958862
22958863
22958864
22958865
22958866
22958867
22958868
22958869
22958870
22958892
22958893
22958895
22958899
22958900
22958901
22958902
22958903
22958904
22958912
22958918
22958919
22958920
22958921
22958922
22958946
22958953
22958954
22958956
22958957
22958958
22958959
22958960
22958987
22958988
22958989
22958990
22958991
22958992
22958993
22958994
22958995
22958996
22958998
22958999
22959001
22959003
22959038
22959060
22959064
22959076
22959104
22959130
22959134
22959135
22959136
22959151
22959157
22959158
22959159
22959160
22959161
22959168
22959172
22959173
22959174
22959175
22959186
22959208
22959217
22959227
22959232
22959267
22959268
22959271
22959317
22959321
22959324
22959325
22959326
22959335
22959356
22959357
22959359
22959360
22959361
22959362
22959410
22959416
22959452
22959455
22959456
22959461
22959462
22959463
22959464
22959483
22959493
22959509
22959510
22959511
22959539
22959540
22959541
22959542
22959543
22959544
22959545
22959546
22959547
22959548
22959549
22959550
22959551
22959552
22959553
22959554
22959563
22959564
22959565
22959566
22959567
22959568
22959569
22959570
22959572
22959575
22959577
22959578
22959579
22959580
22959592
22959593
22959594
22959623
22959625
22959635
22959636
22959651
22959653
22959664
22959676
22959714
22959721
22959744
22959759
22959761
22959762
22959763
22959773
22959774
22959775
22959776
22959778
22959812
22959813
22959814
22959823
22959824
22959825
22959831
22959832
22959833
22959846
22959847
22959858
22959864
22959865
22959876
22959877
22959878
22959879
22959880
22959881
22959882
22959894
22959895
22959921
22959925
22959926
22959927
22959928
22959971
22959972
22960005
22960054
22960095
22960107
22960131
22960132
22960156
22960158
22960159
22960185
22960186
22960187
22960197
22960198
22960219
22960220
22960221
22960222
22960223
22960232
22960233
22960234
22960235
22960242
22960244
22960245
22960262
22960264
22960265
22960267
22960268
22960273
22960274
22960278
22960279
22960280
22960282
22960283
22960284
22960285
22960286
22960287
22960304
22960306
22960316
22960317
22960318
22960328
22960329
22960330
22960331
22960332
22960333
22960347
22960365
22960366
22960376
22960377
22960378
22960379
22960380
22960394
22960395
22960400
22960401
22960412
22960422
22960462
22960463
22960464
22960465
22960474
22960475
22960476
22960478
22960479
22960480
22960481
22960482
22960483
22960484
22960485
22960486
22960487
22960488
22960489
22960490
22960491
22960492
22960497
22960498
22960539
22960540
22960544
22960553
22960554
22960574
22960584
22960585
22960587
22960588
22960633
22960634
22960638
22960641
22960647
22960648
22960671
22960712
22960713
22960714
22960715
22960716
22960717
22960718
22960719
22960720
22960721
22960722
22960724
22960725
22960726
22960731
22960746
22960763
22960764
22960765
22960785
22960788
22960931
22960932
22960933
22960934
22960937
22960950
22960951
22960955
22960956
22960957
22960958
22960959
22960960
22960961
22960962
22960963
22960964
22960965
22960966
22960967
22960968
22960969
22960970
22960971
22960972
22960973
22960974
22960975
22960976
22960977
22960978
22960979
22960984
22960985
22960986
22960987
22960999
22961000
22961001
22961002
22961014
22961016
22961017
22961018
22961019
22961020
22961021
22961022
22961023
22961024
22961025
22961026
22961027
22961028
22961029
22961030
22961031
22961032
22961033
22961034
22961035
22961046
22961052
22961053
22961068
22961077
22961079
22961081
22961103
22961104
22961106
22961107
22961109
22961136
22961137
22961138
22961139
22961140
22961142
22961143
22961144
22961145
22961146
22961147
22961148
22961150
22961151
22961163
22961164
22961165
22961181
22961202
22961203
22961235
22961245
22961246
22961247
22961256
22961293
22961294
22961318
22961333
22961340
22961341
22961342
22961349
22961367
22961368
22961389
22961393
22961401
22961407
22961414
22961415
22961416
22961417
22961418
22961449
22961450
22961451
22961452
22961453
22961454
22961455
22961456
22961457
22961494
22961507
22961508
22961509
22961510
22961511
22961513
22961514
22961516
22961517
22961518
22961519
22961520
22961522
22961524
22961525
22961527
22961528
22961529
22961537
22961539
22961543
22961544
22961545
22961546
22961547
22961548
22961549
22961550
22961551
22961552
22961553
22961554
22961593
22961598
22961643
22961644
22961645
22961646
22961657
22961663
22961664
22961666
22961692
22961743
22961785
22961786
22961789
22961790
22961793
22961794
22961796
22961800
22961801
22961802
22961803
22961804
22961805
22961821
22961822
22961823
22961824
22961825
22961826
22961827
22961828
22961829
22961830
22961831
22961846
22961847
22961849
22961850
22961851
22961852
22961853
22961854
22961855
22961856
22961857
22961858
22961865
22961866
22961867
22961914
22961926
22961937
22961941
22961960
22961961
22961962
22961963
22961964
22961966
22961980
22961981
22961982
22961983
22961984
22961985
22961986
22961987
22962007
22962010
22962011
22962012
22962013
22962014
22962015
22962017
22962029
22962044
22962045
22962062
22962063
22962064
22962065
22962066
22962199
22962200
22962201
22962202
22962203
22962204
22962205
22962206
22962207
22962208
22962209
22962210
22962213
22962214
22962216
22962217
22962218
22962219
22962220
22962221
22962222
22962223
22962224
22962225
22962226
22962227
22962228
22962229
22962230
22962231
22962232
22962233
22962250
22962253
22962254
22962255
22962256
22962257
22962258
22962259
22962260
22962262
22962263
22962264
22962267
22962268
22962269
22962270
22962275
22962276
22962282
22962285
22962288
22962289
22962292
22962293
22962295
22962296
22962297
22962298
22962308
22962327
22962328
22962329
22962361
22962365
22962419
22962420
22962421
22962422
22962423
22962424
22962425
22962426
22962427
22962428
22962429
22962430
22962431
22962433
22962574
22962575
22962576
22962577
22962578
22962579
22962580
22962581
22962582
22962583
22962584
22962585
22962586
22962587
22962588
22962589
22962590
22962591
22962592
22962593
22962594
22962595
22962596
22962597
22962598
22962599
22962600
22962601
22962602
22962603
22962604
22962605
22962606
22962607
22962608
22962609
22962610
22962611
22962612
22962613
22962614
22962615
22962616
22962617
22962618
22962619
22962620
22962621
22962622
22962623
22962637
22962638
22962639
22962640
22962641
22962642
22962643
22962644
22962645
22962646
22962647
22962648
22962649
22962650
22962651
22962652
22962653
22962654
22962655
22962665
22962666
22962669
22962670
22962678
22962681
22962682
22962683
22962684
22962685
22962686
22962687
22962688
22962689
22962693
22962695
22962699
22962714
22962715
22962850
22962851
22962858
22962863
22962864
22962886
22962906
22962908
22962909
22962910
22962911
22962912
22962913
22962914
22962915
22962916
22962918
22962919
22962920
22962921
22962922
22962925
22962927
22962928
22962929
22962931
22962932
22962933
22962934
22962935
22962936
22962939
22962947
22962950
22962955
22962961
22962962
22962983
22962986
22962987
22962988
22962989
22962991
22962992
22962994
22962995
22962997
22962999
22963000
22963022
22963023
22963024
22963025
22963026
22963029
22963030
22963034
22963036
22963038
22963041
22963057
22963059
22963060
22963061
22963062
22963063
22963064
22963065
22963067
22963068
22963078
22963079
22963087
22963125
22963130
22963134
22963147
22963153
22963155
22963156
22963157
22963158
22963159
22963160
22963161
22963166
22963180
22963181
22963182
22963183
22963184
22963185
22963190
22963193
22963223
22963227
22963250
22963254
22963255
22963256
22963257
22963263
22963274
22963275
22963284
22963328
22963334
22963335
22963354
22963355
22963356
22963357
22963358
22963359
22963360
22963361
22963362
22963363
22963364
22963370
22963372
22963397
22963406
22963444
22963445
22963446
22963468
22963469
22963472
22963474
22963475
22963476
22963477
22963478
22963479
22963480
22963517
22963522
22963527
22963534
22963538
22963544
22963589
22963598
22963603
22963604
22963605
22963606
22963613
22963641
22963648
22963652
22963669
22963677
22963682
22963686
22963689
22963692
22963693
22963694
22963695
22963696
22963697
22963698
22963699
22963700
22963701
22963702
22963703
22963704
22963705
22963708
22963770
22963771
22963772
22963773
22963774
22963775
22963776
22963777
22963778
22963779
22963780
22963781
22963782
22963783
22963784
22963785
22963786
22963810
22963825
22963843
22963858
22963859
22963861
22963887
22963924
22963925
22963949
22963950
22963954
22963955
22963956
22963958
22963959
22963960
22963961
22963962
22963963
22963964
22963965
22963966
22963967
22963968
22963969
22963970
22963971
22963972
22963973
22963974
22963975
22963976
22963977
22963978
22963979
22963986
22964046
22964047
22964048
22964049
22964052
22964066
22964067
22964070
22964085
22964106
22964107
22964135
22964140
22964144
22964145
22964146
22964147
22964148
22964149
22964150
22964151
22964152
22964153
22964154
22964162
22964170
22964171
22964172
22964173
22964174
22964175
22964176
22964177
22964178
22964179
22964180
22964181
22964182
22964183
22964184
22964185
22964186
22964187
22964188
22964189
22964190
22964191
22964192
22964193
22964194
22964195
22964196
22964197
22964198
22964199
22964200
22964201
22964202
22964203
22964204
22964205
22964206
22964207
22964208
22964209
22964210
22964211
22964212
22964213
22964214
22964215
22964216
22964217
22964218
22964219
22964220
22964265
22964271
22964273
22964274
22964275
22964297
22964351
22964352
22964355
22964357
22964358
22964359
22964361
22964366
22964367
22964371
22964372
22964379
22964403
22964404
22964405
22964406
22964407
22964408
22964409
22964410
22964411
22964412
22964415
22964416
22964426
22964427
22964477
22964479
22964480
22964481
22964482
22964486
22964492
22964517
22964554
22964557
22964558
22964559
22964560
22964580
22964581
22964582
22964583
22964597
22964600
22964601
22964603
22964604
22964605
22964606
22964607
22964608
22964709
22964714
22964718
22964719
22964720
22964721
22964722
22964723
22964729
22964730
22964731
22964732
22964733
22964734
22964735
22964736
22964737
22964740
22964741
22964749
22964758
22964760
22964784
22964785
22964786
22964787
22964788
22964801
22964822
22964826
22964828
22964833
22964834
22964835
22964836
22964837
22964838
22964839
22964843
22964848
22964849
22964850
22964851
22964852
22964853
22964854
22964855
22964863
22964877
22964903
22964910
22964911
22964912
22964913
22964914
22964915
22964943
22964952
22964953
22964954
22964955
22964956
22964957
22964958
22964959
22964960
22964961
22964962
22964963
22964964
22964965
22964980
22964990
22964991
22964992
22964993
22964994
22964995
22964996
22964997
22964998
22964999
22965011
22965012
22965013
22965014
22965015
22965016
22965017
22965018
22965076
22965077
22965078
22965079
22965080
22965081
22965082
22965083
22965084
22965085
22965086
22965087
22965088
22965089
22965090
22965091
22965092
22965093
22965094
22965095
22965096
22965097
22965098
22965099
22965100
22965101
22965102
22965103
22965104
22965105
22965106
22965115
22965116
22965117
22965118
22965119
22965120
22965121
22965122
22965124
22965125
22965126
22965127
22965128
22965129
22965130
22965132
22965134
22965135
22965145
22965191
22965225
22965228
22965229
22965230
22965231
22965232
22965233
22965243
22965260
22965263
22965265
22965267
22965278
22965281
22965313
22965336
22965337
22965343
22965344
22965345
22965346
22965347
22965348
22965349
22965350
22965351
22965354
22965355
22965356
22965399
22965400
22965401
22965402
22965403
22965404
22965405
22965406
22965407
22965408
22965423
22965424
22965435
22965463
22965547
22965584
22965586
22965587
22965588
22965589
22965590
22965591
22965592
22965593
22965594
22965595
22965596
22965597
22965598
22965600
22965601
22965602
22965603
22965604
22965606
22965607
22965608
22965609
22965610
22965611
22965612
22965646
22965647
22965656
22965674
22965675
22965676
22965677
22965678
22965679
22965705
22965706
22965707
22965708
22965709
22965710
22965711
22965712
22965713
22965714
22965715
22965716
22965717
22965718
22965719
22965720
22965721
22965722
22965723
22965724
22965725
22965726
22965727
22965767
22965771
22965779
22965780
22965781
22965782
22965796
22965797
22965802
22965822
22965834
22965860
22965869
22965879
22965880
22965881
22965887
22965905
22965913
22965922
22965928
22965939
22965940
22965941
22965951
22965952
22965953
22965955
22965960
22965961
22965962
22965965
22965966
22965967
22965969
22965970
22965971
22965972
22965973
22965974
22965975
22965976
22965977
22965978
22965979
22965980
22965981
22965982
22965983
22965984
22965985
22965986
22965987
22965988
22965989
22965990
22965991
22965992
22965993
22965994
22965995
22965996
22965997
22965998
22965999
22966000
22966001
22966002
22966003
22966004
22966006
22966008
22966009
22966012
22966014
22966015
22966021
22966022
22966023
22966024
22966025
22966026
22966027
22966028
22966029
22966030
22966031
22966032
22966033
22966034
22966035
22966036
22966054
22966055
22966056
22966057
22966059
22966060
22966061
22966066
22966068
22966072
22966075
22966083
22966084
22966085
22966086
22966087
22966099
22966100
22966101
22966102
22966103
22966104
22966105
22966106
22966107
22966108
22966109
22966110
22966111
22966112
22966113
22966114
22966115
22966119
22966120
22966121
22966122
22966123
22966124
22966125
22966126
22966127
22966128
22966129
22966130
22966131
22966134
22966135
22966136
22966137
22966138
22966139
22966140
22966141
22966142
22966143
22966144
22966145
22966146
22966152
22966153
22966165
22966166
22966167
22966169
22966170
22966172
22966175
22966176
22966177
22966178
22966182
22966183
22966184
22966185
22966186
22966187
22966188
22966189
22966190
22966191
22966192
22966193
22966194
22966195
22966196
22966197
22966198
22966199
22966200
22966201
22966202
22966203
22966204
22966205
22966206
22966207
22966208
22966214
22966239
22966240
22966241
22966412
22966413
22966414
22966415
22966416
22966417
22966495
22966502
22966503
22966504
22966751
22966754
22966762
22966770
22966774
22966776
22966778
22966785
22966786
22966788
22966810
22966812
22966823
22966849
22966862
22966869
22966873
22966894
22966912
22966938
22966945
22966951
22966957
22966964
22966965
22966981
22966982
22966989
22967000
22967005
22967007
22967028
22967034
22967040
22967043
22967053
22967056
22967067
22967068
22967071
22967072
22967074
22967076
22967077
22967078
22967079
22967080
22967081
22967084
22967085
22967098
22967099
22967100
22967101
22967102
22967103
22967104
22967105
22967106
22967107
22967112
22967115
22967116
22967117
22967118
22967119
22967120
22967121
22967122
22967123
22967124
22967128
22967141
22967142
22967143
22967144
22967181
22967187
22967188
22967189
22967190
22967194
22967196
22967197
22967200
22967220
22967221
22967231
22967246
22967259
22967260
22967290
22967291
22967292
22967293
22967294
22967295
22967296
22967297
22967298
22967299
22967300
22967315
22967317
22967352
22967436
22967461
22967484
22967485
22967498
22967500
22967502
22967507
22967508
22967509
22967510
22967511
22967673
22967707
22967708
22967709
22967710
22967711
22967712
22967714
22967730
22967741
22967742
22967758
22967759
22967762
22967768
22967770
22967771
22967772
22967773
22967774
22967776
22967777
22967778
22967779
22967780
22967781
22967782
22967783
22967787
22967791
22967797
22967805
22967806
22967830
22967831
22967833
22967834
22967843
22967844
22967846
22967852
22967858
22967862
22967863
22967868
22967873
22967874
22967894
22967895
22967896
22967897
22967898
22967899
22967900
22967904
22967924
22967933
22967952
22967957
22967978
22967980
22967981
22967999
22968000
22968001
22968002
22968003
22968039
22968040
22968041
22968044
22968062
22968066
22968067
22968071
22968072
22968074
22968086
22968093
22968103
22968105
22968106
22968107
22968108
22968109
22968113
22968114
22968115
22968116
22968117
22968118
22968119
22968120
22968121
22968122
22968126
22968138
22968142
22968153
22968155
22968157
22968158
22968171
22968172
22968182
22968189
22968190
22968191
22968197
22968218
22968219
22968221
22968224
22968273
22968289
22968294
22968314
22968320
22968325
22968376
22968378
22968380
22968382
22968383
22968385
22968388
22968391
22968407
22968408
22968409
22968410
22968411
22968412
22968413
22968418
22968442
22968443
22968444
22968445
22968446
22968453
22968454
22968455
22968456
22968457
22968459
22968460
22968461
22968462
22968463
22968464
22968465
22968466
22968467
22968468
22968483
22968484
22968485
22968486
22968487
22968490
22968527
22968528
22968532
22968550
22968551
22968552
22968553
22968554
22968555
22968556
22968557
22968558
22968559
22968560
22968561
22968562
22968563
22968564
22968565
22968602
22968603
22968604
22968605
22968606
22968607
22968608
22968609
22968610
22968611
22968612
22968613
22968614
22968615
22968616
22968617
22968618
22968619
22968620
22968636
22968642
22968643
22968644
22968645
22968648
22968651
22968652
22968697
22968698
22968699
22968700
22968701
22968705
22968706
22968720
22968721
22968722
22968723
22968724
22968725
22968726
22968727
22968728
22968787
22968788
22968789
22968790
22968791
22968792
22968793
22968794
22968822
22968827
22968841
22968842
22968843
22968844
22968858
22968860
22968861
22968862
22968863
22968864
22968916
22968923
22968924
22968960
22968966
22968981
22968982
22968983
22968984
22968986
22968987
22969011
22969020
22969026
22969048
22969067
22969068
22969069
22969070
22969071
22969072
22969073
22969074
22969075
22969076
22969077
22969078
22969082
22969083
22969084
22969085
22969086
22969088
22969089
22969090
22969102
22969103
22969138
22969139
22969141
22969142
22969149
22969157
22969158
22969159
22969240
22969241
22969242
22969243
22969244
22969245
22969246
22969247
22969248
22969249
22969250
22969251
22969252
22969253
22969254
22969255
22969256
22969257
22969258
22969259
22969260
22969261
22969262
22969263
22969264
22969266
22969267
22969270
22969271
22969272
22969273
22969274
22969275
22969295
22969296
22969297
22969298
22969321
22969322
22969323
22969328
22969334
22969336
22969339
22969341
22969342
22969343
22969352
22969353
22969359
22969361
22969362
22969372
22969373
22969374
22969377
22969386
22969387
22969389
22969391
22969392
22969395
22969398
22969400
22969401
22969402
22969403
22969406
22969408
22969416
22969417
22969418
22969419
22969420
22969422
22969423
22969424
22969425
22969426
22969427
22969428
22969429
22969430
22969431
22969433
22969434
22969435
22969436
22969437
22969815
22969816
22969817
22969818
22969819
22969833
22969834
22970102
22970103
22970104
22970105
22970106
22970107
22970108
22970109
22970329
22970330
22970331
22970332
22970333
22970334
22970335
22970336
22970337
22970437
22970441
22970442
22970443
22970444
22970445
22970457
22970650
22970692
22970693
22970708
22970712
22970719
22970720
22970721
22970722
22970729
22970730
22970740
22970753
22970758
22970762
22970765
22970795
22970809
22970818
22970852
22970859
22970862
22970863
22970864
22970865
22970892
22970902
22970904
22970906
22970926
22970927
22970934
22970937
22970972
22970974
22970981
22970983
22970990
22971003
22971011
22971024
22971025
22971027
22971028
22971029
22971030
22971032
22971033
22971034
22971035
22971036
22971047
22971080
22971103
22971116
22971132
22971137
22971149
22971164
22971172
22971175
22971186
22971187
22971188
22971189
22971190
22971191
22971192
22971193
22971194
22971195
22971196
22971197
22971198
22971202
22971203
22971204
22971205
22971206
22971211
22971218
22971219
22971220
22971226
22971227
22971236
22971271
22971273
22971276
22971277
22971278
22971279
22971280
22971281
22971282
22971283
22971284
22971285
22971286
22971287
22971291
22971292
22971293
22971294
22971295
22971296
22971297
22971301
22971302
22971303
22971304
22971305
22971306
22971307
22971308
22971309
22971310
22971311
22971312
22971313
22971314
22971315
22971316
22971317
22971318
22971319
22971326
22971327
22971328
22971329
22971330
22971331
22971335
22971338
22971339
22971340
22971342
22971344
22971360
22971422
22971423
22971521
22971525
22971529
22971530
22971531
22971532
22971533
22971534
22971535
22971536
22971537
22971538
22971540
22971550
22971564
22971586
22971587
22971588
22971589
22971590
22971612
22971629
22971630
22971631
22971632
22971633
22971634
22971635
22971636
22971637
22971664
22971680
22971681
22971682
22971683
22971684
22971685
22971686
22971687
22971688
22971694
22971697
22971698
22971699
22971700
22971743
22971744
22971745
22971746
22971755
22971756
22971773
22971797
22971818
22971819
22971820
22971821
22971822
22971823
22971824
22971825
22971826
22971839
22971894
22971907
22971915
22971922
22971942
22971943
22971944
22971945
22971946
22971967
22971968
22971970
22971971
22971972
22971973
22971974
22971975
22971993
22972017
22972020
22972021
22972033
22972163
22972191
22972196
22972206
22972207
22972208
22972209
22972210
22972211
22972212
22972213
22972214
22972215
22972216
22972217
22972218
22972219
22972220
22972306
22972376
22972379
22972390
22972393
22972394
22972403
22972427
22972432
22972440
22972441
22972442
22972443
22972444
22972445
22972457
22972469
22972470
22972480
22972481
22972490
22972503
22972509
22972510
22972525
22972637
22972638
22972639
22972641
22972642
22972644
22972645
22972646
22972647
22972648
22972650
22972651
22972656
22972675
22972689
22972717
22972718
22972719
22972721
22972722
22972723
22972724
22972725
22972726
22972727
22972728
22972729
22972730
22972731
22972732
22972733
22972734
22972735
22972736
22972737
22972739
22972740
22972741
22972742
22972743
22972744
22972749
22972776
22972777
22972779
22972782
22972783
22972784
22972785
22972786
22972788
22972789
22972790
22972791
22972792
22972793
22972801
22972802
22972803
22972804
22972805
22972806
22972807
22972808
22972809
22972810
22972811
22972812
22972813
22972837
22972840
22972842
22972843
22972844
22972855
22972857
22972872
22972873
22972875
22972880
22972900
22972902
22972910
22972920
22972921
22972922
22972923
22972924
22972925
22972926
22972927
22972928
22972929
22972930
22972931
22972932
22972933
22972934
22972935
22972936
22972942
22972968
22972969
22972971
22972972
22972973
22972976
22972977
22972978
22972979
22972980
22972983
22972984
22972985
22972986
22972987
22972988
22972990
22972991
22972992
22972993
22972994
22972995
22972996
22972997
22972998
22972999
22973000
22973001
22973002
22973003
22973004
22973005
22973006
22973007
22973008
22973009
22973010
22973011
22973012
22973013
22973014
22973015
22973016
22973017
22973018
22973019
22973020
22973021
22973022
22973023
22973024
22973025
22973026
22973027
22973028
22973029
22973030
22973031
22973032
22973033
22973034
22973035
22973036
22973037
22973038
22973039
22973040
22973041
22973042
22973043
22973044
22973045
22973046
22973047
22973048
22973085
22973092
22973093
22973094
22973095
22973096
22973097
22973098
22973099
22973100
22973101
22973102
22973103
22973106
22973107
22973162
22973163
22973304
22973398
22973411
22973412
22973437
22973438
22973439
22973440
22973441
22973442
22973443
22973444
22973445
22973446
22973447
22973448
22973449
22973450
22973451
22973452
22973453
22973454
22973455
22973456
22973457
22973458
22973459
22973460
22973461
22973462
22973463
22973464
22973465
22973466
22973467
22973468
22973563
22973564
22973565
22973566
22973568
22973569
22973570
22973571
22973681
22973682
22973683
22973684
22973685
22973686
22973687
22973688
22973689
22973690
22973691
22973692
22973693
22973694
22973695
22973696
22973697
22973698
22973699
22973700
22973701
22973702
22973703
22973704
22973705
22973706
22973707
22973708
22973709
22973710
22973711
22973712
22973713
22973714
22973715
22973716
22973775
22973776
22973777
22973778
22973779
22973780
22973781
22973782
22973783
22973784
22973785
22973786
22973818
22973821
22973828
22973874
22973876
22973880
22973899
22973903
22973949
22973968
22973970
22973972
22973973
22974017
22974028
22974055
22974091
22974092
22974093
22974094
22974095
22974114
22974124
22974133
22974177
22974182
22974185
22974200
22974212
22974213
22974214
22974215
22974216
22974217
22974218
22974219
22974220
22974226
22974240
22974249
22974251
22974264
22974298
22974338
22974341
22974354
22974355
22974380
22974382
22974383
22974406
22974425
22974431
22974432
22974433
22974442
22974448
22974465
22974466
22974477
22974495
22974496
22974498
22974499
22974557
22974571
22974572
22974578
22974586
22974638
22974639
22974640
22974641
22974642
22974643
22974644
22974645
22974646
22974647
22974648
22974649
22974650
22974651
22974652
22974659
22974676
22974677
22974678
22974690
22974693
22974694
22974695
22974701
22974713
22974754
22974755
22974773
22974775
22974776
22974777
22974778
22974779
22974780
22974781
22974782
22974783
22974784
22974785
22974786
22974787
22974788
22974789
22974790
22974791
22974792
22974818
22974819
22974834
22974835
22974836
22974837
22974843
22974844
22974845
22974846
22974847
22974848
22974849
22974850
22974851
22974852
22974853
22974854
22974855
22974856
22974857
22974858
22974859
22974860
22974861
22974862
22974863
22974864
22974865
22974866
22974867
22974868
22974869
22974870
22974871
22974872
22974873
22974874
22974875
22974876
22974877
22974878
22974879
22974880
22974881
22974882
22974883
22974884
22974885
22974886
22974887
22974888
22974889
22974890
22974891
22974892
22974893
22974894
22974895
22974896
22974897
22974898
22974899
22974900
22974901
22974902
22974903
22974905
22974906
22974907
22974908
22974909
22974910
22974911
22974912
22974913
22974914
22974915
22974916
22974917
22974918
22974919
22974920
22974921
22974922
22974923
22974924
22974925
22974926
22974927
22974928
22974929
22974930
22974931
22974933
22974934
22974935
22974936
22974937
22974938
22974939
22974940
22974941
22974942
22974943
22974945
22974946
22974947
22974948
22974949
22974950
22974951
22974952
22974953
22974954
22974955
22974956
22974957
22974958
22974959
22974960
22974961
22974962
22974963
22974964
22974965
22974966
22974967
22975019
22975027
22975028
22975076
22975086
22975109
22975135
22975136
22975154
22975179
22975181
22975182
22975183
22975185
22975186
22975187
22975188
22975199
22975208
22975209
22975210
22975211
22975212
22975218
22975228
22975230
22975262
22975294
22975310
22975311
22975312
22975321
22975322
22975323
22975324
22975325
22975326
22975327
22975328
22975329
22975330
22975331
22975334
22975336
22975340
22975341
22975343
22975355
22975373
22975374
22975375
22975376
22975377
22975378
22975379
22975380
22975381
22975382
22975383
22975388
22975389
22975390
22975392
22975403
22975404
22975431
22975440
22975441
22975475
22975483
22975484
22975485
22975486
22975487
22975488
22975489
22975490
22975491
22975492
22975493
22975494
22975495
22975496
22975497
22975498
22975499
22975500
22975501
22975502
22975503
22975504
22975505
22975506
22975507
22975508
22975509
22975510
22975511
22975512
22975513
22975514
22975515
22975516
22975517
22975518
22975581
22975585
22975586
22975589
22975605
22975607
22975609
22975611
22975613
22975616
22975617
22975618
22975629
22975630
22975631
22975632
22975633
22975634
22975635
22975636
22975637
22975638
22975643
22975644
22975645
22975673
22975674
22975691
22975720
22975728
22975730
22975742
22975743
22975744
22975745
22975747
22975778
22975822
22975823
22975824
22975825
22975826
22975827
22975828
22975829
22975870
22975871
22975872
22975873
22975874
22975875
22975876
22975877
22975878
22975879
22975885
22975886
22975887
22975888
22975889
22975890
22975891
22975892
22975902
22975903
22975904
22975905
22975906
22975907
22975908
22975953
22975954
22975955
22975956
22975957
22975958
22975959
22975960
22975961
22975962
22975963
22975964
22975965
22975966
22975967
22975968
22975969
22975970
22975971
22975972
22975973
22975974
22975975
22975976
22975977
22975978
22975996
22975997
22976019
22976020
22976021
22976022
22976023
22976024
22976025
22976026
22976027
22976028
22976029
22976030
22976031
22976032
22976033
22976034
22976035
22976036
22976037
22976085
22976086
22976087
22976088
22976089
22976090
22976091
22976092
22976093
22976094
22976095
22976096
22976097
22976098
22976099
22976100
22976101
22976102
22976103
22976104
22976105
22976106
22976107
22976108
22976109
22976110
22976124
22976174
22976175
22976176
22976177
22976178
22976179
22976180
22976181
22976182
22976183
22976184
22976185
22976186
22976187
22976188
22976189
22976190
22976191
22976192
22976201
22976216
22976313
22976314
22976352
22976353
22976354
22976355
22976370
22976382
22976420
22976421
22976424
22976433
22976491
22976502
22976513
22976514
22976515
22976516
22976517
22976518
22976527
22976535
22976541
22976550
22976581
22976582
22976583
22976584
22976585
22976586
22976621
22976622
22976623
22976624
22976625
22976626
22976627
22976628
22976629
22976630
22976631
22976632
22976633
22976634
22976635
22976636
22976637
22976638
22976639
22976640
22976641
22976642
22976643
22976644
22976645
22976646
22976647
22976648
22976649
22976650
22976651
22976652
22976653
22976654
22976655
22976656
22976657
22976658
22976659
22976660
22976661
22976662
22976663
22976664
22976665
22976666
22976668
22976669
22976671
22976672
22976673
22976674
22976675
22976676
22976677
22976678
22976679
22976680
22976681
22976682
22976683
22976684
22976685
22976686
22976687
22976688
22976689
22976690
22976691
22976692
22976693
22976694
22976695
22976696
22976697
22976698
22976699
22976700
22976701
22976702
22976703
22976704
22976705
22976706
22976707
22976708
22976709
22976710
22976711
22976712
22976713
22976714
22976715
22976716
22976717
22976718
22976719
22976720
22976721
22976722
22976723
22976724
22976725
22976726
22976727
22976728
22976729
22976730
22976731
22976732
22976733
22976734
22976735
22976736
22976737
22976738
22976739
22976740
22976741
22976742
22976743
22976744
22976745
22976746
22976750
22976751
22976752
22976753
22976754
22976755
22976756
22976757
22976758
22976759
22976760
22976787
22976797
22976798
22976799
22976800
22976801
22976802
22976808
22976809
22976824
22976855
22976856
22976857
22976862
22976863
22976864
22976865
22976866
22976867
22976888
22976953
22976954
22976955
22976956
22976957
22976958
22976959
22976960
22976961
22976962
22976963
22976964
22976965
22976966
22976967
22976968
22976969
22976970
22976971
22976972
22976973
22976974
22976975
22976976
22976977
22976978
22976979
22976980
22976981
22976982
22976983
22976984
22976985
22976986
22976987
22976988
22976989
22976990
22976991
22977000
22977039
22977040
22977045
22977046
22977047
22977048
22977049
22977050
22977051
22977060
22977073
22977075
22977107
22977108
22977109
22977110
22977111
22977123
22977124
22977126
22977127
22977128
