22977129
22977132
22977133
22977134
22977135
22977136
22977137
22977138
22977139
22977140
22977141
22977142
22977143
22977144
22977161
22977162
22977163
22977164
22977173
22977174
22977175
22977176
22977177
22977178
22977179
22977180
22977182
22977230
22977231
22977232
22977233
22977234
22977235
22977236
22977237
22977238
22977239
22977240
22977241
22977242
22977243
22977244
22977245
22977246
22977247
22977248
22977249
22977250
22977251
22977252
22977253
22977254
22977255
22977256
22977257
22977258
22977269
22977270
22977272
22977273
22977275
22977285
22977287
22977298
22977299
22977300
22977303
22977833
22977834
22977835
22977836
22977837
22977838
22977839
22977840
22977841
22977842
22977843
22977844
22977845
22977846
22977847
22977848
22977849
22977850
22977851
22977852
22977853
22977854
22977855
22977856
22977857
22977858
22977859
22977860
22977861
22977862
22977863
22977864
22977865
22977866
22977867
22977868
22977869
22977870
22977871
22977872
22977873
22977874
22977875
22977876
22977884
22977904
22977914
22977919
22977922
22977923
22978256
22978257
22978272
22978273
22978274
22978275
22978280
22978281
22978282
22978283
22978284
22978285
22978286
22978296
22978297
22978324
22978366
22978374
22978386
22978401
22978414
22978454
22978484
22978492
22978494
22978518
22978523
22978524
22978526
22978527
22978528
22978529
22978530
22978531
22978532
22978533
22978537
22978538
22978539
22978540
22978541
22978542
22978545
22978548
22978555
22978564
22978567
22978582
22978610
22978611
22978612
22978621
22978637
22978638
22978651
22978652
22978677
22978699
22978720
22978724
22978745
22978808
22978824
22979844
22979849
22979851
22979864
22979866
22979868
22979871
22979875
22979878
22979879
22979888
22979895
22979896
22979897
22979905
22979906
22979907
22979908
22979909
22979910
22979911
22979912
22979913
22979914
22979915
22979916
22979981
22979983
22979984
22980000
22980001
22980002
22980003
22980004
22980005
22980006
22980007
22980008
22980009
22980010
22980011
22980012
22980013
22980014
22980015
22980016
22980017
22980018
22980019
22980020
22980021
22980022
22980023
22980024
22980025
22980032
22980033
22980036
22980041
22980042
22980043
22980044
22980045
22980046
22980047
22980048
22980049
22980050
22980051
22980052
22980053
22980054
22980055
22980056
22980057
22980058
22980059
22980060
22980061
22980062
22980064
22980065
22980068
22980071
22980072
22980125
22980126
22980163
22980164
22980165
22980166
22980195
22980196
22980197
22980226
22980247
22980248
22980249
22980255
22980256
22980257
22980258
22980259
22980262
22980263
22980264
22980265
22980266
22980267
22980268
22980269
22980270
22980271
22980272
22980273
22980274
22980275
22980276
22980277
22980278
22980279
22980280
22980281
22980282
22980283
22980284
22980285
22980286
22980287
22980292
22980293
22980294
22980295
22980296
22980297
22980298
22980299
22980300
22980301
22980302
22980303
22980304
22980305
22980306
22980307
22980308
22980309
22980310
22980311
22980312
22980313
22980320
22980324
22980325
22980326
22980327
22980328
22980329
22980330
22980331
22980332
22980333
22980334
22980372
22980373
22980374
22980375
22980376
22980377
22980378
22980379
22980380
22980381
22980382
22980383
22980384
22980385
22980386
22980387
22980388
22980389
22980390
22980391
22980392
22980394
22980396
22980503
22980519
22980520
22980567
22980568
22980569
22980570
22980605
22980606
22980607
22980608
22980609
22980610
22980611
22980612
22980613
22980614
22980615
22980616
22980617
22980618
22980619
22980620
22980621
22980622
22980623
22980624
22980625
22980627
22980628
22980629
22980631
22980632
22980641
22980642
22980643
22980644
22980645
22980646
22980667
22980669
22980671
22980733
22980734
22980735
22980736
22980737
22980738
22980741
22980758
22980759
22980772
22980774
22980907
22980921
22980922
22980970
22980971
22980972
22980975
22980976
22980977
22980978
22980979
22980980
22980981
22980982
22980983
22980984
22980985
22980986
22980995
22981031
22981032
22981033
22981034
22981035
22981036
22981223
22981225
22981243
22981246
22981250
22981251
22981253
22981254
22981256
22981257
22981320
22981341
22981346
22981363
22981364
22981365
22981378
22981381
22981382
22981383
22981426
22981432
22981433
22981434
22981435
22981441
22981444
22981449
22981452
22981460
22981461
22981462
22981487
22981493
22981506
22981507
22981528
22981535
22981536
22981537
22981538
22981539
22981541
22981544
22981547
22981548
22981549
22981550
22981553
22981555
22981556
22981557
22981558
22981597
22981605
22981606
22981607
22981642
22981681
22981684
22981692
22981695
22981710
22981713
22981718
22981719
22981749
22981751
22981752
22981788
22981807
22981842
22981853
22981861
22981881
22981889
22981903
22981904
22981913
22981934
22981946
22981947
22981977
22981979
22982005
22982016
22982017
22982024
22982029
22982035
22982036
22982058
22982065
22982066
22982071
22982072
22982107
22982108
22982109
22982110
22982144
22982146
22982147
22982149
22982152
22982178
22982180
22982181
22982182
22982199
22982200
22982202
22982203
22982227
22982228
22982242
22982292
22982293
22982294
22982295
22982296
22982337
22982338
22982339
22982344
22982345
22982346
22982347
22982348
22982349
22982350
22982397
22982409
22982410
22982411
22982412
22982413
22982414
22982415
22982416
22982417
22982418
22982419
22982457
22982459
22982460
22982461
22982462
22982463
22982464
22982469
22982470
22982476
22982477
22982497
22982498
22982499
22982500
22982501
22982511
22982531
22982532
22982538
22982548
22982549
22982550
22982551
22982552
22982553
22982554
22982556
22982565
22982566
22982588
22982600
22982634
22982635
22982636
22982637
22982638
22982639
22982640
22982641
22982642
22982643
22982644
22982645
22982646
22982669
22982671
22982710
22982728
22982735
22982736
22982743
22982744
22982751
22982753
22982754
22982756
22982763
22982764
22982765
22982771
22982772
22982774
22982777
22982778
22982779
22982780
22982782
22982807
22982808
22982814
22982854
22982855
22982857
22982858
22982859
22982860
22982861
22982862
22982863
22982864
22982873
22982874
22982885
22982886
22982887
22982888
22982889
22982890
22982891
22982892
22982893
22982894
22982895
22982896
22982897
22982898
22982899
22982900
22982901
22982902
22982903
22982904
22982905
22982906
22982907
22982908
22982909
22982910
22982911
22982912
22982913
22982914
22982915
22982916
22982917
22982918
22982919
22982920
22982921
22982922
22982923
22982924
22982925
22982926
22982927
22982928
22982929
22982930
22982931
22982932
22982934
22982935
22982936
22982937
22982943
22982946
22982950
22982951
22982955
22982956
22982991
22983015
22983016
22983028
22983029
22983030
22983031
22983032
22983033
22983034
22983035
22983036
22983037
22983038
22983039
22983040
22983108
22983113
22983114
22983115
22983116
22983123
22983128
22983129
22983130
22983131
22983132
22983133
22983134
22983135
22983206
22983208
22983209
22983210
22983211
22983225
22983227
22983229
22983230
22983232
22983233
22983235
22983237
22983239
22983241
22983244
22983245
22983247
22983248
22983250
22983251
22983252
22983254
22983255
22983256
22983258
22983259
22983263
22983285
22983286
22983287
22983288
22983289
22983290
22983291
22983292
22983293
22983294
22983295
22983301
22983302
22983351
22983352
22983353
22983354
22983357
22983360
22983395
22983396
22983397
22983398
22983404
22983407
22983408
22983409
22983410
22983411
22983414
22983415
22983416
22983420
22983421
22983430
22983443
22983444
22983445
22983447
22983457
22983458
22983462
22983463
22983464
22983465
22983466
22983467
22983468
22983469
22983470
22983471
22983472
22983473
22983474
22983475
22983476
22983477
22983478
22983479
22983496
22983513
22983514
22983517
22983518
22983519
22983520
22983521
22983522
22983524
22983527
22983528
22983531
22983532
22983533
22983534
22983538
22983539
22983540
22983541
22983545
22983546
22983549
22983554
22983560
22983594
22983629
22983630
22983631
22983632
22983707
22983796
22983797
22983798
22983799
22983800
22983801
22983802
22983803
22983843
22983844
22983845
22983846
22983847
22983848
22983849
22983850
22983851
22983852
22983853
22983854
22983855
22983856
22983857
22983858
22983859
22983860
22983861
22983862
22983863
22983864
22983865
22983910
22983924
22983957
22983958
22983959
22983960
22984006
22984007
22984008
22984009
22984010
22984011
22984012
22984013
22984016
22984025
22984029
22984030
22984031
22984032
22984075
22984076
22984077
22984078
22984079
22984080
22984081
22984082
22984083
22984086
22984087
22984096
22984113
22984114
22984115
22984116
22984118
22984119
22984120
22984121
22984125
22984126
22984127
22984131
22984149
22984150
22984151
22984152
22984153
22984154
22984155
22984156
22984159
22984162
22984175
22984176
22984177
22984178
22984180
22984181
22984182
22984188
22984189
22984192
22984197
22984198
22984199
22984200
22984202
22984218
22984219
22984220
22984225
22984226
22984227
22984254
22984255
22984256
22984257
22984258
22984259
22984260
22984261
22984262
22984263
22984264
22984265
22984266
22984267
22984699
22984700
22984701
22984766
22984767
22984768
22984769
22984770
22984771
22984772
22984775
22984776
22984778
22984814
22984839
22984844
22984867
22984871
22984872
22984873
22984874
22984896
22984924
22984934
22984935
22984936
22984937
22984938
22984940
22984948
22984959
22984987
22985026
22985029
22985030
22985031
22985032
22985033
22985034
22985069
22985072
22985075
22985098
22985107
22985108
22985109
22985110
22985135
22985136
22985137
22985138
22985139
22985140
22985141
22985142
22985143
22985144
22985145
22985147
22985148
22985149
22985150
22985151
22985152
22985153
22985154
22985155
22985156
22985157
22985158
22985159
22985160
22985161
22985199
22985209
22985244
22985245
22985259
22985276
22985277
22985278
22985279
22985280
22985281
22985282
22985304
22985326
22985353
22985363
22985365
22985366
22985368
22985369
22985370
22985371
22985372
22985373
22985375
22985376
22985377
22985378
22985379
22985380
22985381
22985382
22985383
22985388
22985393
22985406
22985415
22985435
22985445
22985469
22985470
22985477
22985479
22985504
22985515
22985516
22985517
22985518
22985519
22985520
22985524
22985525
22985526
22985527
22985531
22985598
22985601
22985618
22985620
22985621
22985663
22985664
22985665
22985666
22985667
22985680
22985713
22985722
22985727
22985734
22985768
22985787
22985793
22985801
22985828
22985859
22985860
22985861
22985863
22985864
22985903
22985955
22985964
22985965
22985966
22985967
22985980
22986016
22986017
22986018
22986129
22986130
22986132
22986134
22986135
22986136
22986137
22986138
22986139
22986140
22986141
22986145
22986146
22986153
22986174
22986175
22986176
22986184
22986185
22986186
22986187
22986188
22986189
22986190
22986191
22986192
22986193
22986194
22986195
22986196
22986197
22986198
22986199
22986200
22986201
22986202
22986203
22986204
22986205
22986206
22986207
22986208
22986209
22986210
22986211
22986212
22986213
22986214
22986265
22986266
22986267
22986276
22986277
22986278
22986279
22986280
22986305
22986331
22986332
22986333
22986341
22986342
22986343
22986346
22986376
22986377
22986378
22986379
22986381
22986383
22986392
22986393
22986408
22986439
22986455
22986546
22986548
22986549
22986551
22986552
22986553
22986574
22986608
22986609
22986621
22986644
22986645
22986646
22986647
22986648
22986649
22986669
22986708
22986713
22986714
22986715
22986716
22986718
22986719
22986720
22986721
22986722
22986723
22986725
22986727
22986729
22986734
22986740
22986748
22986761
22986762
22986766
22986811
22986848
22986850
22986852
22986853
22986855
22986857
22986858
22986859
22986863
22986864
22986865
22986866
22986871
22986872
22986873
22986874
22986875
22986876
22986877
22986881
22986882
22986883
22986884
22986885
22986886
22986894
22986953
22986954
22986955
22986968
22986969
22986970
22986971
22986973
22986975
22987015
22987047
22987064
22987065
22987070
22987071
22987085
22987091
22987105
22987114
22987140
22987155
22987162
22987163
22987164
22987167
22987168
22987171
22987173
22987175
22987177
22987179
22987181
22987183
22987185
22987187
22987188
22987189
22987191
22987198
22987211
22987236
22987237
22987238
22987239
22987240
22987241
22987242
22987243
22987276
22987289
22987303
22987305
22987332
22987343
22987344
22987345
22987346
22987347
22987348
22987349
22987350
22987351
22987352
22987353
22987354
22987355
22987356
22987357
22987358
22987359
22987360
22987369
22987370
22987371
22987372
22987373
22987374
22987375
22987376
22987377
22987378
22987379
22987380
22987381
22987382
22987383
22987384
22987385
22987386
22987387
22987388
22987389
22987390
22987397
22987401
22987402
22987403
22987404
22987405
22987406
22987407
22987408
22987409
22987410
22987411
22987412
22987413
22987414
22987415
22987416
22987417
22987418
22987419
22987420
22987421
22987422
22987423
22987424
22987425
22987426
22987427
22987428
22987429
22987430
22987431
22987432
22987433
22987434
22987436
22987466
22987467
22987468
22987469
22987472
22987486
22987487
22987488
22987490
22987491
22987492
22987493
22987494
22987495
22987514
22987549
22987550
22987551
22987552
22987553
22987554
22987555
22987556
22987557
22987558
22987576
22987585
22987586
22987587
22987588
22987589
22987590
22987591
22987592
22987593
22987634
22987635
22987636
22987637
22987638
22987639
22987640
22987649
22987650
22987651
22987652
22987653
22987654
22987655
22987656
22987657
22987658
22987672
22987686
22987687
22987688
22987689
22987690
22987691
22987692
22987693
22987694
22987695
22987696
22987697
22987698
22987699
22987700
22987701
22987702
22987703
22987704
22987705
22987706
22987707
22987708
22987742
22987743
22987744
22987747
22987748
22987749
22987764
22987765
22987766
22987767
22987768
22987769
22987800
22987801
22987802
22987803
22987836
22987856
22987869
22987870
22987871
22987872
22987873
22987874
22987875
22987876
22987877
22987878
22987879
22987880
22987881
22987882
22987883
22987918
22987919
22987920
22987921
22987922
22987923
22987924
22988009
22988011
22988012
22988030
22988031
22988032
22988033
22988034
22988035
22988036
22988037
22988038
22988040
22988046
22988047
22988048
22988049
22988057
22988059
22988061
22988062
22988063
22988064
22988065
22988066
22988067
22988069
22988070
22988072
22988073
22988074
22988076
22988078
22988079
22988080
22988081
22988082
22988083
22988084
22988085
22988086
22988087
22988088
22988089
22988090
22988091
22988092
22988093
22988094
22988095
22988096
22988097
22988098
22988099
22988100
22988101
22988102
22988103
22988104
22988105
22988106
22988107
22988108
22988109
22988110
22988111
22988112
22988113
22988114
22988115
22988116
22988117
22988118
22988119
22988120
22988121
22988124
22988125
22988126
22988127
22988146
22988147
22988152
22988153
22988154
22988155
22988157
22988158
22988234
22988235
22988236
22988237
22988238
22988239
22988240
22988241
22988242
22988243
22988244
22988245
22988246
22988247
22988249
22988250
22988251
22988252
22988253
22988258
22988296
22988297
22988298
22988299
22988300
22988301
22988304
22988305
22988306
22988307
22988308
22988309
22988310
22988311
22988312
22988421
22988422
22988423
22988424
22988425
22988426
22988427
22988451
22988468
22988469
22988479
22988480
22988483
22988547
22988548
22988549
22988550
22988551
22988553
22988554
22988555
22988556
22988567
22988580
22988582
22988583
22988584
22988585
22988586
22988587
22988588
22988589
22988590
22988592
22988593
22988600
22988601
22988602
22988603
22988604
22988605
22988606
22988607
22988608
22988609
22988610
22988611
22988612
22988613
22988614
22988615
22988616
22988617
22988618
22988619
22988620
22988621
22988622
22988623
22988624
22988625
22988626
22988627
22988628
22988629
22988630
22988631
22988632
22988633
22988634
22988635
22988636
22988637
22988638
22988639
22988640
22988641
22988642
22988643
22988644
22988645
22988646
22988647
22988648
22988649
22988650
22988651
22988652
22988653
22988654
22988742
22988743
22988744
22988745
22988746
22988747
22988748
22988749
22988750
22988751
22988752
22988753
22988754
22988755
22988756
22988757
22988758
22988759
22988760
22988761
22988762
22988763
22988764
22988765
22988766
22988767
22988768
22988769
22988770
22988771
22988772
22988773
22988774
22988775
22988776
22988777
22988778
22988779
22988791
22988792
22988793
22988794
22988795
22988796
22988797
22988798
22988799
22988800
22988801
22988802
22988803
22988804
22988805
22988806
22988807
22988808
22988812
22988820
22988837
22988884
22988889
22988893
22988908
22988916
22988937
22988977
22989024
22989113
22989139
22989149
22989153
22989155
22989176
22989181
22989207
22989223
22989224
22989225
22989226
22989269
22989286
22989293
22989306
22989315
22989329
22989336
22989358
22989359
22989375
22989461
22989465
22989467
22989468
22989469
22989478
22989487
22989488
22989489
22989500
22989501
22989509
22989529
22989614
22989620
22989626
22989627
22989628
22989629
22989630
22989631
22989663
22989709
22989710
22989711
22989712
22989713
22989714
22989742
22989764
22989765
22989766
22989767
22989860
22989873
22989874
22989875
22989876
22989877
22989878
22989879
22989880
22989883
22989884
22989885
22989886
22989887
22989888
22989889
22989890
22989893
22989932
22990011
22990012
22990013
22990014
22990016
22990017
22990018
22990019
22990052
22990053
22990054
22990056
22990058
22990059
22990060
22990061
22990062
22990064
22990073
22990078
22990079
22990080
22990082
22990083
22990084
22990085
22990086
22990087
22990088
22990090
22990091
22990094
22990098
22990099
22990100
22990101
22990102
22990103
22990116
22990117
22990118
22990178
22990179
22990236
22990238
22990239
22990307
22990349
22990371
22990380
22990381
22990383
22990416
22990421
22990422
22990423
22990424
22990425
22990426
22990427
22990428
22990454
22990455
22990463
22990464
22990465
22990466
22990467
22990468
22990469
22990485
22990486
22990487
22990488
22990489
22990490
22990491
22990492
22990493
22990494
22990495
22990580
22990604
22990616
22990636
22990650
22990652
22990750
22990751
22990752
22990767
22990768
22990769
22990770
22990771
22990772
22990773
22990774
22990775
22990776
22990777
22990778
22990779
22990780
22990781
22990782
22990783
22990784
22990785
22990786
22990787
22990788
22990789
22990790
22990791
22990792
22990793
22990794
22990795
22990796
22990797
22990798
22990799
22990800
22990801
22990802
22990803
22990804
22990805
22990806
22990807
22990810
22990811
22990812
22990813
22990814
22990815
22990816
22990817
22990818
22990819
22990820
22990821
22990822
22990823
22990824
22990825
22990826
22990827
22990828
22990829
22990830
22990831
22990832
22990833
22990834
22990835
22990836
22990837
22990838
22990857
22990858
22990862
22990864
22990866
22990867
22990868
22990886
22990887
22990888
22990889
22990890
22990891
22990944
22990945
22990946
22990947
22990982
22990994
22990995
22991002
22991006
22991008
22991009
22991010
22991011
22991063
22991131
22991148
22991149
22991150
22991152
22991176
22991177
22991178
22991179
22991180
22991196
22991199
22991200
22991211
22991216
22991260
22991281
22991286
22991287
22991288
22991298
22991302
22991304
22991346
22991347
22991349
22991350
22991351
22991352
22991353
22991355
22991356
22991357
22991360
22991361
22991362
22991363
22991364
22991365
22991366
22991367
22991368
22991369
22991370
22991371
22991372
22991373
22991405
22991406
22991407
22991410
22991416
22991417
22991418
22991419
22991420
22991421
22991428
22991429
22991430
22991431
22991433
22991434
22991435
22991436
22991437
22991438
22991439
22991440
22991441
22991442
22991443
22991444
22991445
22991446
22991459
22991460
22991461
22991462
22991463
22991464
22991466
22991467
22991468
22991469
22991470
22991471
22991473
22991474
22991506
22991507
22991564
22991565
22991566
22991567
22991568
22991575
22991576
22991577
22991578
22991584
22991699
22991700
22991701
22991702
22991703
22991704
22991705
22991706
22991740
22991741
22991742
22991743
22991744
22991795
22991796
22991797
22991798
22991799
22991800
22991801
22991802
22991803
22991804
22991805
22991806
22991807
22991808
22991809
22991810
22991811
22991812
22991813
22991814
22991815
22991816
22991817
22991818
22991819
22991820
22991821
22991822
22991834
22991835
22991836
22991837
22991838
22991839
22991840
22991841
22991842
22991843
22991844
22991853
22991854
22991855
22991856
22991857
22991858
22991859
22991860
22991861
22991862
22991863
22991864
22991865
22991866
22991867
22991868
22991869
22991870
22991871
22991928
22991943
22991952
22992010
22992047
22992069
22992102
22992103
22992104
22992119
22992125
22992178
22992182
22992209
22992241
22992287
22992292
22992314
22992321
22992322
22992326
22992346
22992384
22992397
22992398
22992399
22992400
22992401
22992402
22992404
22992410
22992418
22992419
22992421
22992424
22992425
22992431
22992432
22992436
22992438
22992444
22992448
22992477
22992478
22992479
22992480
22992481
22992482
22992484
22992487
22992488
22992520
22992523
22992524
22992525
22992540
22992568
22992589
22992590
22992591
22992592
22992597
22992598
22992599
22992600
22992601
22992602
22992603
22992604
22992605
22992606
22992607
22992608
22992609
22992610
22992611
22992612
22992613
22992614
22992615
22992616
22992631
22992633
22992634
22992635
22992636
22992637
22992638
22992639
22992640
22992641
22992642
22992644
22992647
22992649
22992651
22992652
22992653
22992663
22992666
22992667
22992668
22992669
22992670
22992673
22992674
22992675
22992676
22992677
22992678
22992698
22992699
22992702
22992717
22992726
22992727
22992728
22992729
22992730
22992731
22992732
22992733
22992734
22992736
22992737
22992738
22992739
22992740
22992741
22992742
22992743
22992744
22992745
22992746
22992747
22992748
22992749
22992762
22992765
22992766
22992767
22992768
22992769
22992770
22992773
22992792
22992800
22992813
22992814
22992815
22992816
22992817
22992818
22992819
22992821
22992822
22992823
22992824
22992825
22992826
22992827
22992845
22992846
22992847
22992848
22992849
22992850
22992851
22992852
22992853
22992854
22992855
22992856
22992857
22992858
22992859
22992860
22992861
22992871
22992877
22992878
22992879
22992880
22992881
22992882
22992883
22992884
22992885
22992893
22992898
22992899
22992900
22992901
22992902
22992903
22992904
22992905
22992906
22992907
22992908
22992909
22992910
22992911
22992912
22992913
22992914
22992915
22992916
22992917
22992918
22992919
22992920
22992921
22992922
22992923
22992924
22992925
22992926
22992927
22992928
22992929
22992930
22992931
22992932
22992933
22992934
22992935
22992936
22992937
22992938
22992939
22992940
22992941
22992942
22992950
22992951
22992952
22992953
22992954
22992955
22992956
22992957
22992958
22992959
22992974
22992986
22992993
22992994
22992996
22992997
22992998
22993000
22993001
22993002
22993004
22993005
22993006
22993007
22993008
22993009
22993010
22993012
22993014
22993015
22993019
22993039
22993040
22993041
22993042
22993043
22993066
22993068
22993071
22993080
22993081
22993082
22993083
22993084
22993085
22993086
22993087
22993088
22993089
22993090
22993091
22993092
22993093
22993094
22993095
22993096
22993097
22993106
22993144
22993145
22993146
22993147
22993148
22993149
22993150
22993151
22993152
22993153
22993154
22993155
22993156
22993157
22993158
22993159
22993160
22993161
22993162
22993163
22993164
22993165
22993189
22993190
22993191
22993203
22993204
22993205
22993206
22993216
22993217
22993219
22993220
22993221
22993223
22993249
22993268
22993269
22993271
22993273
22993275
22993276
22993277
22993279
22993280
22993281
22993282
22993283
22993284
22993285
22993286
22993287
22993288
22993289
22993290
22993291
22993297
22993298
22993299
22993300
22993301
22993302
22993303
22993304
22993305
22993306
22993307
22993308
22993309
22993310
22993311
22993312
22993313
22993314
22993315
22993316
22993317
22993318
22993319
22993320
22993321
22993322
22993323
22993324
22993325
22993326
22993327
22993328
22993329
22993330
22993331
22993332
22993333
22993334
22993335
22993336
22993337
22993338
22993339
22993340
22993341
22993342
22993343
22993344
22993345
22993346
22993347
22993348
22993349
22993350
22993351
22993352
22993353
22993354
22993355
22993356
22993357
22993358
22993359
22993360
22993361
22993362
22993363
22993364
22993365
22993366
22993367
22993368
22993369
22993370
22993371
22993372
22993373
22993374
22993375
22993376
22993377
22993378
22993379
22993383
22993384
22993385
22993386
22993388
22993389
22993391
22993392
22993393
22993394
22993395
22993397
22993398
22993399
22993400
22993401
22993402
22993415
22993416
22993417
22993418
22993419
22993420
22993421
22993422
22993423
22993424
22993425
22993426
22993427
22993428
22993429
22993430
22993431
22993432
22993433
22993434
22993435
22993436
22993437
22993438
22993439
22993440
22993441
22993442
22993443
22993444
22993445
22993446
22993447
22993483
22993484
22993737
22993738
22993739
22993740
22993753
22993762
22993763
22993913
22993914
22993915
22993916
22993917
22993918
22993919
22993920
22993921
22993922
22993923
22993924
22993925
22993926
22993927
22993928
22993929
22993930
22993931
22993932
22994126
22994153
22994154
22994155
22994159
22994165
22994166
22994167
22994168
22994170
22994171
22994172
22994173
22994174
22994175
22994176
22994178
22994179
22994180
22994181
22994183
22994184
22994185
22994187
22994188
22994189
22994190
22994191
22994192
22994194
22994195
22994196
22994199
22994210
22994211
22994212
22994214
22994215
22994216
22994217
22994218
22994219
22994220
22994221
22994222
22994223
22994224
22994225
22994226
22994227
22994228
22994229
22994230
22994231
22994232
22994233
22994234
22994235
22994247
22994248
22994249
22994250
22994251
22994252
22994253
22994254
22994255
22994256
22994257
22994274
22994275
22994278
22994280
22994283
22994288
22994297
22994321
22994377
22994379
22994486
22994487
22994488
22994489
22994490
22994491
22994492
22994493
22994494
22994495
22994496
22994497
22994539
22994563
22994570
22994571
22994572
22994573
22994574
22994575
22994576
22994577
22994578
22994681
22994686
22994797
22994807
22994808
22994809
22994812
22994813
22994814
22994823
22994824
22994826
22994827
22994830
22994831
22994832
22994833
22994834
22994835
22994836
22994837
22994839
22994844
22994860
22994865
22994876
22994885
22994940
22994945
22994982
22994985
22995023
22995024
22995026
22995027
22995033
22995059
22995069
22995070
22995102
22995103
22995129
22995130
22995131
22995132
22995133
22995134
22995135
22995136
22995137
22995138
22995139
22995140
22995141
22995157
22995176
22995177
22995178
22995179
22995181
22995182
22995183
22995186
22995187
22995188
22995189
22995190
22995191
22995194
22995195
22995196
22995197
22995202
22995344
22995345
22995346
22995347
22995348
22995349
22995397
22995398
22995515
22995516
22995517
22995518
22995519
22995520
22995521
22995522
22995523
22995524
22995536
22995566
22995568
22995570
22995571
22995601
22995602
22995646
22995650
22995651
22995653
22995663
22995670
22995684
22995689
22995690
22995692
22995693
22995694
22995695
22995719
22995720
22995721
22995723
22995727
22995738
22995739
22995752
22995783
22995784
22995785
22995824
22995826
22995856
22995897
22995898
22995906
22995907
22995908
22995909
22995910
22995911
22995913
22995914
22995915
22995916
22995917
22995923
22995930
22996031
22996054
22996055
22996089
22996090
22996091
22996092
22996093
22996094
22996095
22996096
22996097
22996098
22996099
22996100
22996101
22996102
22996103
22996104
22996105
22996106
22996107
22996108
22996109
22996110
22996111
22996112
22996113
22996114
22996115
22996116
22996126
22996127
22996128
22996129
22996144
22996146
22996147
22996176
22996233
22996262
22996271
22996272
22996273
22996286
22996302
22996303
22996304
22996311
22996328
22996334
22996350
22996398
22996407
22996408
22996411
22996451
22996574
22996575
22996576
22996577
22996579
22996580
22996581
22996582
22996583
22996592
22996593
22996594
22996602
22996603
22996611
22996612
22996635
22996659
22996660
22996661
22996662
22996663
22996664
22996665
22996668
22996689
22996690
22996691
22996692
22996693
22996694
22996695
22996745
22996746
22996748
22996827
22996915
22996936
22996937
22996938
22996941
22996946
22996954
22996955
22996956
22996958
22996959
22997017
22997018
22997019
22997045
22997046
22997071
22997072
22997073
22997074
22997075
22997076
22997077
22997078
22997079
22997080
22997081
22997082
22997083
22997084
22997085
22997086
22997087
22997088
22997133
22997134
22997195
22997196
22997197
22997198
22997199
22997201
22997203
22997205
22997207
22997230
22997231
22997233
22997239
22997253
22997254
22997255
22997256
22997257
22997258
22997259
22997260
22997277
22997279
22997280
22997281
22997284
22997285
22997286
22997287
22997288
22997289
22997290
22997359
22997360
22997361
22997362
22997363
22997364
22997365
22997366
22997367
22997368
22997369
22997370
22997371
22997372
22997373
22997374
22997375
22997376
22997377
22997378
22997379
22997380
22997381
22997382
22997383
22997384
22997385
22997386
22997387
22997388
22997389
22997390
22997391
22997392
22997393
22997394
22997395
22997396
22997397
22997398
22997399
22997400
22997401
22997402
22997403
22997404
22997405
22997416
22997417
22997418
22997419
22997420
22997421
22997422
22997423
22997424
22997425
22997426
22997427
22997432
22997507
22997508
22997524
22997525
22997526
22997536
22997537
22997538
22997539
22997540
22997541
22997543
22997544
22997686
22997687
22997688
22997689
22997690
22997691
22997692
22997693
22997694
22997695
22997696
22997697
22997698
22997699
22997700
22997701
22997702
22997703
22997704
22997705
22997706
22997707
22997708
22997709
22997710
22997711
22997712
22997729
22997730
22997731
22997732
22997733
22997734
22997735
22997736
22997737
22997738
22997910
22997911
22997912
22997913
22997914
22997915
22997916
22997917
22997918
22997919
22997920
22997921
22997922
22997923
22997924
22997925
22998031
22998032
22998033
22998052
22998056
22998057
22998058
22998060
22998061
22998092
22998093
22998094
22998095
22998096
22998097
22998121
22998129
22998155
22998157
22998190
22998246
22998249
22998267
22998269
22998273
22998280
22998285
22998287
22998288
22998289
22998337
22998364
22998393
22998398
22998435
22998460
22998465
22998477
22998529
22998530
22998531
22998536
22998537
22998538
22998539
22998619
22998656
22998657
22998658
22998659
22998660
22998661
22998662
22998666
22998673
22998684
22998690
22998691
22998692
22998748
22998757
22998762
22998778
22998804
22998808
22998864
22998865
22998866
22998867
22998868
22998869
22998870
22998871
22998872
22998873
22998874
22998875
22998876
22998877
22998878
22998879
22998880
22998881
22998882
22998890
22998891
22998892
22998898
22998899
22998900
22998901
22998902
22998903
22998904
22998906
22998907
22998908
22998909
22998910
22998911
22998912
22998913
22998914
22998915
22998916
22998917
22998918
22998919
22998920
22998921
22998922
22998978
22999026
22999027
22999046
22999048
22999095
22999096
22999097
22999126
22999127
22999128
22999129
22999130
22999131
22999132
22999133
22999134
22999135
22999136
22999137
22999138
22999139
22999140
22999141
22999142
22999143
22999144
22999145
22999146
22999147
22999148
22999149
22999150
22999151
22999154
22999156
22999157
22999165
22999166
22999196
22999198
22999199
22999200
22999201
22999202
22999203
22999204
22999205
22999255
22999256
22999257
22999258
22999264
22999271
22999272
22999327
22999328
22999329
22999421
22999422
22999446
22999447
22999448
22999449
22999450
22999451
22999452
22999453
22999455
22999456
22999479
22999490
22999527
22999534
22999535
22999536
22999537
22999538
22999539
22999546
22999547
22999548
22999549
22999550
22999551
22999552
22999574
22999575
22999576
22999577
22999578
22999579
22999580
22999597
22999598
22999599
22999600
22999601
22999602
22999603
22999604
22999605
22999606
22999607
22999608
22999610
22999634
22999635
22999637
22999659
22999665
22999666
22999667
22999668
22999669
22999670
22999671
22999672
22999673
22999674
22999675
22999676
22999677
22999678
22999679
22999680
22999681
22999686
22999687
22999688
22999689
22999690
22999692
22999693
22999694
22999695
22999696
22999697
22999698
22999699
22999701
22999703
22999716
22999717
22999718
22999719
22999720
22999722
22999723
22999724
22999725
22999727
22999728
22999729
22999730
22999732
22999733
22999735
22999774
22999819
22999863
22999866
22999925
22999928
22999931
22999944
22999945
22999946
22999947
22999948
22999953
22999954
22999955
22999956
22999957
22999958
23000016
23000017
23000018
23000019
23000021
23000022
23000023
23000025
23000026
23000028
23000029
23000030
23000043
23000044
23000064
23000065
23000066
23000067
23000068
23000069
23000070
23000071
23000078
23000092
23000098
23000099
23000100
23000174
23000177
23000179
23000180
23000181
23000194
23000231
23000232
23000233
23000270
23000292
23000349
23000382
23000383
23000384
23000385
23000419
23000420
23000421
23000422
23000424
23000453
23000455
23000458
23000459
23000460
23000461
23000462
23000463
23000484
23000485
23000486
23000490
23000491
23000492
23000493
23000515
23000520
23000527
23000528
23000542
23000551
23000555
23000556
23000565
23000566
23000572
23000573
23000574
23000639
23000640
23000668
23000669
23000670
23000684
23000686
23000706
23000707
23000708
23000709
23000710
23000711
23000712
23000721
23000737
23000738
23000739
23000740
23000747
23000748
23000794
23000812
23000822
23000824
23000826
23000828
23000829
23000830
23000863
23000864
23000865
23000866
23000867
23000868
23000869
23000870
23000871
23000872
23000887
23000897
23000899
23000900
23000901
23000902
23000912
23000913
23000914
23000915
23000944
23000954
23000955
23000962
23000963
23000964
23000965
23000966
23000967
23000968
23000981
23000989
23000990
23000991
23000992
23000993
23000994
23000995
23000996
23000997
23000998
23000999
23001000
23001002
23001029
23001059
23001060
23001061
23001062
23001063
23001083
23001131
23001144
23001145
23001146
23001163
23001164
23001165
23001166
23001167
23001169
23001172
23001173
23001177
23001180
23001181
23001182
23001183
23001217
23001233
23001255
23001257
23001260
23001261
23001262
23001263
23001264
23001265
23001266
23001267
23001268
23001269
23001284
23001322
23001326
23001327
23001328
23001329
23001348
23001349
23001353
23001354
23001355
23001407
23001432
23001454
23001488
23001499
23001504
23001613
23001681
23001684
23001715
23001752
23001791
23001820
23001833
23001834
23001836
23001839
23001896
23001897
23001907
23001911
23001912
23001925
23001998
23002000
23002040
23002061
23002075
23002077
23002078
23002117
23002118
23002122
23002123
23002127
23002128
23002129
23002130
23002131
23002134
23002135
23002136
23002137
23002138
23002140
23002141
23002142
23002143
23002145
23002146
23002147
23002149
23002150
23002151
23002152
23002189
23002192
23002203
23002207
23002208
23002209
23002210
23002211
23002216
23002217
23002218
23002219
23002220
23002221
23002222
23002223
23002224
23002225
23002226
23002227
23002228
23002229
23002234
23002235
23002255
23002259
23002264
23002265
23002266
23002290
23002291
23002292
23002293
23002294
23002295
23002296
23002297
23002298
23002301
23002302
23002303
23002304
23002305
23002384
23002435
23002436
23002437
23002438
23002439
23002440
23002441
23002442
23002443
23002445
23002446
23002447
23002448
23002449
23002450
23002476
23002477
23002478
23002479
23002480
23002481
23002482
23002714
23002776
23002782
23002792
23002849
23002854
23002889
23002893
23002894
23002899
23002901
23002902
23002922
23002924
23002947
23003000
23003019
23003038
23003044
23003045
23003049
23003060
23003082
23003086
23003089
23003090
23003091
23003092
23003093
23003097
23003115
23003145
23003186
23003187
23003190
23003191
23003192
23003193
23003194
23003198
23003211
23003265
23003303
23003304
23003306
23003307
23003309
23003310
23003574
23003955
23003969
23003972
23003973
23003974
23003992
23003993
23003994
23003995
23003996
23003997
23003998
23004016
23004017
23004018
23004019
23004025
23004226
23004227
23004228
23004229
23004230
23004231
23004232
23004233
23004234
23004235
23004250
23004251
23004274
23004278
23004291
23004332
23004337
23004562
23004580
23004582
23004585
23004597
23004617
23004658
23004661
23004662
23004663
23004664
23004665
23004666
23004667
23004929
23004930
23004931
23004932
23004978
23004985
23004987
23004996
23005011
23005016
23005017
23005018
23005022
23005023
23005024
23005040
23005341
23005606
23005626
23005633
23005634
23005650
23005661
23005678
23005679
23005680
23005681
23005682
23005683
23005684
23005686
23005687
23005931
23005932
23005943
23005946
23005972
23005990
23005991
23005992
23005993
23005995
23005999
23006000
23006109
23006110
23006111
23006112
23006113
23006125
23006147
23006160
23006176
23006182
23006209
23006210
23006221
23006222
23006223
23006224
23006225
23006226
23006227
23006228
23006229
23006235
23006236
23006237
23006238
23006239
23006241
23006250
23006307
23006308
23006310
23006325
23006326
23006327
23006328
23006329
23006330
23006447
23006486
23006492
23006529
23006586
23006623
23006624
23006625
23006637
23006662
23006682
23006686
23006687
23006688
23006689
23006690
23006691
23006692
23006693
23006694
23006695
23006696
23006697
23006698
23006699
23006700
23006701
23006702
23006703
23006704
23006715
23006716
23006717
23006718
23006719
23006720
23006721
23006722
23006723
23006724
23006727
23006728
23006730
23006731
23006733
23006734
23006735
23006736
23006840
23006906
23006937
23006957
23006958
23006972
23006999
23007003
23007014
23007015
23007016
23007017
23007018
23007019
23007020
23007076
23007101
23007102
23007103
23007104
23007105
23007106
23007107
23007117
23007118
23007120
23007121
23007155
23007156
23007157
23007158
23007159
23007181
23007186
23007187
23007188
23007189
23007190
23007207
23007208
23007209
23007210
23007211
23007212
23007213
23007214
23007215
23007216
23007218
23007248
23007249
23007250
23007251
23007252
23007253
23007254
23007255
23007256
23007257
23007258
23007259
23007260
23007261
23007316
23007327
23007328
23007329
23007330
23007331
23007332
23007333
23007334
23007338
23007339
23007340
23007341
23007342
23007343
23007345
23007346
23007347
23007353
23007358
23007359
23007360
23007361
23007363
23007387
23007389
23007390
23007391
23007392
23007393
23007394
23007395
23007397
23007400
23007401
23007403
23007404
23007405
23007406
23007407
23007419
23007453
23007455
23007457
23007468
23007536
23007539
23007541
23007543
23007544
23007548
23007549
23007570
23007571
23007572
23007608
23007625
23007626
23007627
23007640
23007645
23007658
23007667
23007668
23007669
23007670
23007671
23007672
23007705
23007706
23007707
23007708
23007709
23007713
23007739
23007836
23007861
23007862
23007885
23007907
23007908
23007909
23007910
23007911
23007912
23007927
23007930
23007931
23007932
23007933
23007934
23007935
23007936
23007937
23007938
23007939
23007940
23007941
23007942
23007943
23007956
23007971
23007972
23007973
23007974
23007975
23007976
23007977
23007978
23007979
23007980
23007981
23007982
23007983
23007984
23007985
23007986
23007987
23007988
23007989
23007990
23007991
23007992
23007993
23007994
23007995
23007996
23007997
23008023
23008028
23008062
23008065
23008066
23008067
23008068
23008072
23008073
23008076
23008077
23008078
23008079
23008080
23008081
23008082
23008083
23008084
23008196
23008197
23008198
23008202
23008203
23008207
23008208
23008211
23008212
23008220
23008221
23008225
23008226
23008227
23008228
23008287
23008289
23008293
23008295
23008296
23008297
23008299
23008308
23008309
23008310
23008311
23008315
23008316
23008318
23008319
23008320
23008321
23008322
23008323
23008324
23008326
23008327
23008328
23008331
23008333
23008334
23008335
23008338
23008382
23008383
23008384
23008385
23008386
23008387
23008388
23008389
23008390
23008391
23008392
23008393
23008394
23008395
23008396
23008397
23008398
23008399
23008400
23008401
23008402
23008403
23008404
23008405
23008406
23008407
23008408
23008409
23008410
23008411
23008412
23008413
23008414
23008415
23008416
23008417
23008418
23008419
23008420
23008423
23008431
23008432
23008433
23008434
23008435
23008436
23008437
23008438
23008439
23008440
23008441
23008442
23008446
23008447
23008448
23008449
23008450
23008451
23008452
23008453
23008454
23008455
23008456
23008457
23008459
23008460
23008461
23008462
23008464
23008465
23008467
23008470
23008471
23008472
23008473
23008485
23008489
23008491
23008492
23008494
23008495
23008496
23008497
23008498
23008501
23008513
23008514
23008515
23008516
23008526
23008697
23008698
23008838
23008839
23008840
23008842
23008843
23008851
23008878
23008879
23008880
23008881
23008882
23008883
23008884
23008885
23008886
23008887
23008888
23008889
23008890
23008891
23008892
23008893
23008951
23008952
23008953
23008954
23008955
23008956
23008957
23008958
23008959
23008960
23008961
23008962
23008963
23008964
23008965
23008966
23009110
23009111
23009112
23009113
23009114
23009115
23009116
23009117
23009118
23009278
23009326
23009719
23009744
23009770
23009771
23009772
23009773
23009804
23009816
23009817
23009818
23009819
23009820
23009821
23009822
23009823
23009824
23009826
23009832
23009887
23009899
23009905
23009906
23009907
23009908
23009909
23009910
23009911
23009912
23009913
23009914
23009915
23009916
23009917
23009918
23009919
23009957
23009983
23009984
23009985
23009986
23009987
23009988
23009989
23009990
23009991
23009992
23009993
23009994
23009995
23009996
23009997
23009998
23009999
23010000
23010001
23010002
23010003
23010004
23010005
23010006
23010007
23010008
23010009
23010010
23010011
23010012
23010013
23010014
23010081
23010083
23010094
23010095
23010139
23010140
23010145
23010168
23010179
23010181
23010182
23010184
23010191
23010192
23010193
23010194
23010195
23010196
23010197
23010198
23010199
23010200
23010222
23010223
23010227
23010228
23010229
23010230
23010231
23010232
23010233
23010234
23010235
23010236
23010237
23010238
23010239
23010240
23010246
23010247
23010248
23010286
23010287
23010296
23010298
23010299
23010300
23010301
23010302
23010304
23010340
23010344
23010377
23010378
23010379
23010385
23010424
23010425
23010440
23010468
23010469
23010542
23010568
23010569
23010581
23010582
23010583
23010590
23010591
23010592
23010593
23010594
23010595
23010596
23010597
23010614
23010615
23010617
23010618
23010637
23010638
23010639
23010640
23010641
23010649
23010650
23010651
23010652
23010653
23010654
23010674
23010678
23010702
23010703
23010704
23010705
23010706
23010707
23010708
23010709
23010710
23010711
23010712
23010713
23010714
23010715
23010716
23010717
23010718
23010719
23010740
23010744
23010778
23010779
23010780
23010781
23010782
23010783
23010784
23010785
23010786
23010787
23010802
23010851
23010852
23010853
23010900
23010922
23010923
23010924
23010925
23010927
23010928
23010929
23010930
23010931
23010932
23010933
23010940
23010947
23010948
23010965
23010973
23010974
23010975
23010976
23010978
23010979
23010996
23010997
23010998
23010999
23011003
23011127
23011128
23011130
23011131
23011132
23011133
23011134
23011135
23011136
23011138
23011139
23011141
23011142
23011184
23011221
23011306
23011323
23011324
23011325
23011326
23011327
23011328
23011329
23011330
23011331
23011332
23011333
23011334
23011335
23011336
23011337
23011338
23011339
23011360
23011361
23011362
23011363
23011364
23011365
23011366
23011367
23011368
23011369
23011370
23011371
23011372
23011373
23011374
23011375
23011376
23011377
23011378
23011379
23011380
23011401
23011471
23011557
23011558
23011559
23011560
23011561
23011562
23011563
23011564
23011565
23011592
23011639
23011643
23011644
23011679
23011794
23011795
23011796
23011797
23011798
23011799
23011800
23011811
23011812
23011813
23011814
23011815
23011816
23011817
23011853
23011869
23011870
23011889
23011908
23011918
23011919
23011920
23011921
23011922
23011923
23012075
23012237
23012238
23012240
23012260
23012262
23012264
23012265
23012266
23012274
23012275
23012276
23012277
23012278
23012279
23012280
23012281
23012282
23012283
23012284
23012285
23012286
23012287
23012288
23012289
23012290
23012291
23012292
23012293
23012294
23012295
23012308
23012309
23012310
23012311
23012323
23012324
23012325
23012327
23012328
23012332
23012333
23012351
23012354
23012355
23012358
23012363
23012364
23012366
23012367
23012372
23012375
23012376
23012402
23012403
23012404
23012405
23012406
23012407
23012408
23012409
23012410
23012411
23012412
23012413
23012414
23012415
23012416
23012417
23012418
23012419
23012420
23012421
23012422
23012423
23012424
23012425
23012426
23012427
23012428
23012429
23012430
23012431
23012449
23012452
23012453
23012454
23012455
23012457
23012458
23012460
23012461
23012462
23012463
23012465
23012467
23012470
23012472
23012473
23012474
23012475
23012477
23012478
23012479
23012480
23012481
23012484
23012491
23012492
23012494
23012619
23012620
23012621
23012622
23012623
23012624
23012625
23012626
23012627
23012628
23012629
23012630
23012631
23012737
23012738
23012739
23012744
23012788
23012789
23012790
23012791
23012792
23012793
23012794
23012795
23012796
23012797
23012798
23012799
23012800
23012801
23012802
23012803
23012804
23012805
23012806
23012807
23012808
23012809
23012810
23012811
23012812
23012813
23012814
23012815
23012816
23012826
23012827
23012828
23012829
23012830
23012831
23012832
23012833
