23012834
23012835
23012836
23012837
23012838
23012839
23012840
23012841
23012842
23012843
23012844
23012845
23012846
23012847
23012848
23012849
23012850
23012851
23012852
23012853
23012854
23012855
23012856
23012857
23012858
23012859
23012860
23012861
23012862
23012863
23012864
23012865
23012866
23012867
23012868
23012869
23012870
23012871
23012872
23012873
23012874
23012875
23012876
23012877
23012878
23012879
23012880
23012881
23012882
23012883
23012884
23012885
23012886
23012887
23012888
23012889
23012890
23012891
23012892
23012976
23012977
23012978
23012979
23012980
23012981
23012982
23012983
23012984
23012985
23012986
23012987
23012988
23012989
23012990
23012991
23012992
23012993
23012994
23012995
23012996
23012997
23012998
23012999
23013000
23013001
23013002
23013003
23013004
23013005
23013018
23013019
23013020
23013021
23013022
23013023
23013024
23013025
23013026
23013027
23013028
23013029
23013030
23013031
23013032
23013041
23013042
23013043
23013064
23013065
23013066
23013101
23013231
23013291
23013292
23013356
23013376
23013377
23013378
23013404
23013430
23013439
23013453
23013467
23013478
23013483
23013491
23013511
23013522
23013526
23013600
23013602
23013620
23013621
23013647
23013648
23013649
23013650
23013651
23013652
23013653
23013654
23013655
23013656
23013657
23013658
23013661
23013662
23013663
23013664
23013665
23013666
23013667
23013668
23013669
23013676
23013679
23013680
23013681
23013682
23013683
23013684
23013686
23013687
23013690
23013693
23013699
23013700
23013703
23013704
23013705
23013706
23013720
23013721
23013722
23013723
23013745
23013791
23013792
23013898
23013899
23013900
23013901
23013902
23013903
23013927
23014173
23014174
23014177
23014178
23014179
23014180
23014259
23014278
23014279
23014282
23014284
23014285
23014286
23014287
23014288
23014289
23014290
23014291
23014293
23014480
23014482
23014485
23014486
23014487
23014488
23014489
23014490
23014491
23014492
23014493
23014494
23014495
23014496
23014674
23014695
23014696
23014737
23014738
23014765
23014795
23014835
23014859
23014901
23014902
23014903
23014904
23014905
23014906
23014907
23014908
23014909
23014926
23014932
23014939
23014940
23014941
23014956
23014995
23014997
23014998
23015032
23015034
23015036
23015037
23015104
23015105
23015119
23015291
23015292
23015293
23015294
23015299
23015300
23015301
23015302
23015303
23015356
23015359
23015391
23015421
23015422
23015423
23015424
23015425
23015426
23015427
23015428
23015429
23015430
23015431
23015432
23015433
23015434
23015435
23015436
23015437
23015438
23015439
23015440
23015441
23015442
23015443
23015444
23015445
23015446
23015447
23015448
23015449
23015450
23015451
23015452
23015549
23015552
23015553
23015554
23015555
23015556
23015557
23015558
23015559
23015560
23015561
23015562
23015563
23015564
23015565
23015566
23015567
23015568
23015569
23015570
23015571
23015572
23015573
23015574
23015576
23015577
23015578
23015579
23015580
23015581
23015582
23015583
23015584
23015585
23015586
23015587
23015588
23015589
23015590
23015617
23015619
23015635
23015636
23015642
23015693
23015694
23015695
23015696
23015697
23015698
23015699
23015700
23015701
23015702
23015703
23015704
23015705
23015706
23015707
23015708
23015709
23015710
23015711
23015712
23015713
23015714
23015715
23015716
23015717
23015718
23015719
23015720
23015721
23015722
23015723
23015724
23015725
23015726
23015735
23015736
23015737
23015738
23015739
23015740
23016157
23016158
23016192
23016265
23016266
23016267
23016268
23016269
23016270
23016271
23016272
23016501
23016502
23016503
23016504
23016505
23016506
23016507
23016510
23016519
23016561
23016563
23016574
23016669
23016694
23016711
23016733
23016737
23016738
23016767
23016829
23016878
23016915
23016931
23016934
23016935
23016936
23016937
23016938
23016939
23016940
23016943
23016952
23016997
23016998
23016999
23017000
23017001
23017002
23017003
23017004
23017005
23017021
23017038
23017039
23017040
23017041
23017042
23017043
23017044
23017045
23017046
23017047
23017048
23017049
23017058
23017079
23017101
23017205
23017206
23017207
23017208
23017209
23017212
23017216
23017243
23017247
23017248
23017254
23017277
23017283
23017284
23017285
23017286
23017287
23017288
23017289
23017290
23017291
23017292
23017304
23017305
23017306
23017307
23017308
23017309
23017310
23017311
23017312
23017313
23017314
23017315
23017316
23017317
23017318
23017319
23017320
23017321
23017322
23017323
23017324
23017334
23017357
23017361
23017363
23017364
23017365
23017366
23017373
23017426
23017427
23017428
23017448
23017449
23017450
23017451
23017452
23017453
23017454
23017455
23017456
23017457
23017458
23017459
23017460
23017461
23017462
23017463
23017502
23017531
23017532
23017533
23017534
23017535
23017536
23017537
23017561
23017562
23017563
23017564
23017565
23017566
23017567
23017568
23017569
23017570
23017571
23017572
23017573
23017574
23017575
23017576
23017631
23017632
23017633
23017634
23017635
23017636
23017637
23017638
23017639
23017640
23017657
23017736
23017769
23017784
23017787
23017866
23017873
23017891
23017941
23017945
23017946
23017947
23017948
23017949
23017950
23017951
23017952
23018033
23018034
23018043
23018079
23018146
23018165
23018166
23018167
23018168
23018169
23018170
23018171
23018172
23018179
23018190
23018191
23018192
23018193
23018194
23018195
23018291
23018320
23018321
23018322
23018323
23018324
23018325
23018326
23018327
23018328
23018329
23018330
23018331
23018332
23018333
23018334
23018335
23018336
23018337
23018338
23018339
23018384
23018385
23018386
23018387
23018388
23018389
23018390
23018391
23018392
23018393
23018394
23018395
23018396
23018397
23018398
23018399
23018400
23018401
23018402
23018403
23018404
23018405
23018406
23018407
23018408
23018409
23018410
23018411
23018412
23018413
23018414
23018415
23018416
23018418
23018419
23018422
23018423
23018424
23018425
23018426
23018427
23018428
23018429
23018430
23018431
23018432
23018433
23018434
23018447
23018454
23018455
23018456
23018457
23018458
23018459
23018460
23018461
23018462
23018463
23018475
23018476
23018477
23018478
23018479
23018480
23018481
23018482
23018483
23018484
23018564
23018565
23018571
23018573
23018574
23018579
23018580
23018639
23018642
23018644
23018685
23018687
23018689
23018690
23018691
23018692
23018694
23018695
23018696
23018697
23018698
23018700
23018701
23018702
23018703
23018704
23018705
23018706
23018707
23018710
23018711
23018713
23018714
23018715
23018716
23018717
23018718
23018719
23018720
23018721
23018734
23018735
23018736
23018737
23018738
23018739
23018740
23018741
23018742
23018743
23018744
23018815
23018816
23018817
23018818
23018878
23018879
23018880
23018881
23018986
23018987
23018994
23019015
23019016
23019048
23019069
23019098
23019099
23019100
23019101
23019102
23019103
23019104
23019105
23019106
23019107
23019123
23019124
23019125
23019126
23019136
23019157
23019158
23019159
23019160
23019161
23019162
23019164
23019165
23019166
23019167
23019168
23019169
23019170
23019171
23019192
23019193
23019195
23019196
23019198
23019204
23019205
23019210
23019211
23019212
23019213
23019214
23019215
23019216
23019218
23019220
23019221
23019222
23019248
23019258
23019259
23019260
23019261
23019262
23019263
23019264
23019265
23019266
23019267
23019268
23019269
23019275
23019291
23019293
23019294
23019320
23019321
23019323
23019324
23019326
23019328
23019332
23019339
23019340
23019341
23019342
23019344
23019352
23019353
23019354
23019355
23019356
23019357
23019358
23019359
23019360
23019361
23019362
23019363
23019364
23019365
23019366
23019367
23019368
23019369
23019370
23019371
23019372
23019373
23019374
23019375
23019376
23019377
23019378
23019379
23019380
23019409
23019410
23019411
23019412
23019413
23019414
23019415
23019416
23019417
23019418
23019425
23019563
23019564
23019579
23019580
23019581
23019582
23019583
23019585
23019586
23019592
23019593
23019594
23019607
23019609
23019610
23019612
23019613
23019662
23019663
23019668
23019669
23019670
23019682
23019687
23019688
23019730
23019759
23019760
23019966
23019967
23019968
23019969
23019970
23019971
23019972
23019973
23019974
23019975
23019976
23019977
23019978
23019979
23019980
23019981
23019982
23019983
23020102
23020118
23020119
23020132
23020148
23020162
23020170
23020172
23020194
23020233
23020282
23020291
23020301
23020310
23020519
23020552
23020555
23020556
23020557
23020558
23020559
23020560
23020561
23020562
23020563
23020564
23020565
23020566
23020567
23020568
23020569
23020570
23020571
23020572
23020573
23020574
23020575
23020576
23020583
23020606
23020627
23020653
23020674
23020677
23020699
23020700
23020701
23020704
23020758
23020762
23020763
23020764
23020768
23020770
23020794
23020797
23020821
23020838
23020854
23020864
23020909
23020910
23020911
23020937
23020939
23020945
23020963
23020971
23021034
23021035
23021036
23021039
23021132
23021133
23021134
23021135
23021136
23021137
23021138
23021139
23021143
23021147
23021212
23021213
23021214
23021215
23021216
23021217
23021218
23021219
23021220
23021221
23021222
23021223
23021224
23021225
23021237
23021301
23021324
23021325
23021326
23021327
23021328
23021329
23021330
23021331
23021333
23021334
23021335
23021355
23021356
23021357
23021358
23021359
23021360
23021361
23021362
23021363
23021364
23021365
23021366
23021422
23021601
23021615
23021617
23021634
23021635
23021645
23021646
23021647
23021660
23021662
23021663
23021664
23021665
23021666
23021684
23021685
23021687
23021688
23021689
23021690
23021691
23021692
23021693
23021694
23021695
23021696
23021697
23021698
23021699
23021700
23021701
23021777
23021827
23021846
23021879
23021881
23021882
23021884
23021885
23021887
23021888
23021936
23021937
23021952
23021953
23021976
23022033
23022060
23022103
23022152
23022153
23022223
23022224
23022225
23022227
23022228
23022229
23022230
23022236
23022237
23022238
23022239
23022242
23022249
23022256
23022267
23022272
23022319
23022347
23022348
23022349
23022350
23022369
23022396
23022403
23022404
23022405
23022429
23022437
23022438
23022439
23022456
23022473
23022474
23022475
23022476
23022502
23022503
23022508
23022509
23022511
23022512
23022513
23022514
23022515
23022521
23022522
23022523
23022541
23022557
23022558
23022559
23022560
23022561
23022562
23022563
23022564
23022595
23022605
23022623
23022625
23022654
23022657
23022684
23022705
23022726
23022727
23022728
23022729
23022730
23022774
23022776
23022777
23022778
23022779
23022780
23022781
23022782
23022783
23022784
23022785
23022786
23022787
23022788
23022789
23022790
23022791
23022792
23022793
23022796
23022797
23022798
23022799
23022800
23022803
23022804
23022805
23022806
23022807
23022808
23022809
23022810
23022821
23022822
23022823
23022824
23022825
23022826
23022827
23022837
23022838
23022839
23022840
23022841
23022842
23022843
23022845
23022846
23022847
23022848
23022849
23022850
23022859
23022860
23022861
23022862
23022863
23022864
23022866
23022867
23022868
23022869
23022870
23022871
23022872
23022879
23022880
23022881
23022882
23022884
23022887
23022893
23022894
23022895
23022896
23022897
23022898
23022899
23022900
23022901
23022902
23022903
23022904
23022905
23022906
23022907
23022908
23022909
23022911
23022947
23022948
23022949
23022950
23022953
23022957
23022965
23022966
23022967
23022968
23022969
23022970
23022971
23022972
23022973
23022974
23022975
23022976
23022990
23022992
23023017
23023018
23023019
23023020
23023021
23023022
23023028
23023029
23023035
23023050
23023063
23023069
23023071
23023076
23023077
23023078
23023079
23023080
23023081
23023082
23023083
23023084
23023085
23023086
23023088
23023091
23023096
23023110
23023112
23023117
23023118
23023119
23023120
23023121
23023122
23023123
23023124
23023125
23023126
23023127
23023128
23023130
23023132
23023133
23023153
23023165
23023198
23023205
23023223
23023224
23023225
23023233
23023264
23023267
23023268
23023292
23023293
23023294
23023316
23023317
23023318
23023347
23023348
23023349
23023350
23023351
23023352
23023353
23023354
23023355
23023356
23023357
23023358
23023359
23023360
23023361
23023362
23023363
23023364
23023365
23023366
23023367
23023368
23023369
23023370
23023371
23023372
23023373
23023374
23023375
23023376
23023377
23023378
23023388
23023391
23023392
23023393
23023399
23023429
23023430
23023431
23023432
23023433
23023434
23023435
23023436
23023437
23023438
23023439
23023440
23023441
23023442
23023477
23023481
23023482
23023483
23023486
23023487
23023488
23023491
23023492
23023493
23023494
23023498
23023499
23023500
23023509
23023510
23023511
23023512
23023519
23023521
23023564
23023565
23023566
23023596
23023597
23023598
23023607
23023608
23023609
23023610
23023611
23023612
23023613
23023614
23023615
23023616
23023617
23023620
23023621
23023622
23023642
23023666
23023667
23023668
23023670
23023671
23023672
23023673
23023676
23023677
23023701
23023702
23023703
23023704
23023705
23023706
23023707
23023708
23023709
23023710
23023711
23023712
23023713
23023714
23023715
23023716
23023717
23023764
23023765
23023772
23023776
23023777
23023835
23023939
23023954
23023956
23023970
23023976
23024005
23024021
23024022
23024023
23024024
23024027
23024028
23024029
23024037
23024061
23024127
23024130
23024133
23024134
23024135
23024137
23024179
23024180
23024192
23024193
23024194
23024195
23024196
23024238
23024260
23024261
23024262
23024263
23024264
23024265
23024266
23024271
23024272
23024273
23024274
23024275
23024276
23024277
23024278
23024279
23024280
23024281
23024282
23024283
23024284
23024298
23024299
23024345
23024346
23024348
23024349
23024351
23024353
23024359
23024368
23024378
23024379
23024380
23024381
23024382
23024383
23024384
23024385
23024386
23024387
23024388
23024389
23024390
23024391
23024392
23024393
23024394
23024395
23024396
23024397
23025003
23025011
23025012
23025013
23025014
23025015
23025035
23025036
23025038
23025040
23025042
23025043
23025044
23025045
23025046
23025047
23025048
23025049
23025050
23025051
23025052
23025107
23025108
23025109
23025110
23025111
23025112
23025113
23025114
23025115
23025116
23025117
23025118
23025119
23025120
23025121
23025122
23025123
23025124
23025125
23025156
23025157
23025158
23025159
23025160
23025161
23025162
23025163
23025164
23025165
23025269
23025282
23025331
23025352
23025356
23025357
23025358
23025359
23025360
23025361
23025362
23025363
23025364
23025365
23025366
23025367
23025368
23025369
23025370
23025371
23025372
23025373
23025374
23025375
23025376
23025377
23025379
23025380
23025381
23025386
23025408
23025417
23025477
23025501
23025515
23025522
23025528
23025570
23025720
23025723
23025724
23025726
23025727
23025728
23025729
23025730
23025735
23025736
23025737
23025738
23025739
23025740
23025741
23025742
23025743
23025755
23025756
23025810
23025811
23025815
23025818
23025847
23025854
23025855
23025856
23025857
23025859
23025860
23025861
23025862
23025863
23025864
23025865
23025866
23025867
23025868
23025869
23025870
23025871
23025872
23025873
23025874
23025875
23025876
23025897
23025931
23025932
23025933
23025934
23025935
23025936
23025937
23025938
23025939
23025940
23025941
23025942
23025943
23025944
23025945
23025946
23025947
23025948
23025949
23025950
23025951
23025952
23025953
23025954
23025955
23025956
23025957
23025958
23025959
23025960
23025961
23025962
23025963
23025964
23025965
23025966
23025967
23025970
23026001
23026003
23026004
23026005
23026006
23026007
23026008
23026009
23026027
23026066
23026076
23026196
23026207
23026208
23026209
23026211
23026212
23026213
23026214
23026215
23026216
23026217
23026218
23026219
23026220
23026257
23026258
23026260
23026261
23026262
23026263
23026264
23026265
23026270
23026271
23026272
23026273
23026274
23026275
23026276
23026277
23026278
23026279
23026280
23026281
23026282
23026283
23026284
23026285
23026286
23026287
23026397
23026402
23026405
23026407
23026421
23026423
23026424
23026425
23026426
23026427
23026428
23026429
23026453
23026454
23026455
23026456
23026457
23026458
23026459
23026460
23026461
23026462
23026463
23026464
23026465
23026466
23026467
23026468
23026469
23026470
23026475
23026499
23026516
23026517
23026518
23026519
23026520
23026521
23026522
23026523
23026524
23026525
23026526
23026527
23026528
23026529
23026530
23026531
23026565
23026567
23026774
23026784
23026821
23026822
23026827
23026828
23026829
23026830
23026831
23026832
23026887
23026908
23026909
23026914
23026915
23026916
23026917
23026918
23026928
23026929
23026930
23026931
23026934
23026952
23026953
23026954
23026955
23026956
23026957
23026958
23026959
23026960
23026961
23026962
23026963
23026964
23026965
23026966
23026967
23026968
23026971
23026972
23026973
23026974
23026975
23026976
23027071
23027072
23027073
23027074
23027075
23027077
23027078
23027087
23027124
23027163
23027164
23027165
23027166
23027167
23027168
23027169
23027170
23027171
23027172
23027173
23027174
23027175
23027176
23027317
23027318
23027319
23027324
23027329
23027331
23027410
23027411
23027412
23027413
23027414
23027415
23027416
23027417
23027418
23027419
23027420
23027421
23027422
23027423
23027443
23027444
23027445
23027446
23027447
23027448
23027449
23027450
23027451
23027452
23027453
23027454
23027455
23027456
23027457
23027458
23027459
23027460
23027461
23027462
23027463
23027464
23027465
23027466
23027608
23027639
23027723
23027736
23027737
23027738
23027739
23027740
23027741
23027742
23027743
23027744
23027745
23027746
23027747
23027748
23027749
23027750
23027751
23027752
23027753
23027754
23027755
23027756
23027757
23027758
23027759
23027760
23027761
23027762
23027763
23027764
23027766
23027767
23027768
23027801
23027805
23027806
23027807
23027808
23027811
23027812
23027813
23027814
23027846
23027853
23027855
23027856
23027857
23027858
23027859
23027863
23027865
23027873
23027877
23027893
23027894
23027895
23027910
23027911
23027914
23027916
23027917
23027919
23027923
23027924
23027925
23027926
23027927
23027928
23027929
23027930
23027931
23027932
23027933
23027934
23027935
23027937
23027938
23027939
23027940
23027941
23027942
23027943
23027944
23027945
23027946
23027947
23027948
23027949
23027950
23027951
23027952
23027953
23027954
23027955
23027957
23027958
23027959
23027960
23027961
23027962
23027963
23027964
23027965
23027967
23027968
23027969
23027970
23027971
23027972
23027973
23027974
23027975
23027976
23027977
23027979
23027982
23027985
23027986
23027988
23027989
23027990
23027991
23027994
23028012
23028042
23028043
23028044
23028045
23028046
23028047
23028048
23028050
23028051
23028052
23028053
23028054
23028055
23028056
23028057
23028058
23028059
23028095
23028096
23028097
23028098
23028099
23028100
23028101
23028102
23028108
23028114
23028138
23028141
23028142
23028143
23028144
23028145
23028146
23028147
23028172
23028180
23028181
23028214
23028215
23028216
23028217
23028218
23028219
23028220
23028221
23028222
23028223
23028224
23028225
23028226
23028227
23028267
23028268
23028269
23028270
23028271
23028272
23028273
23028274
23028275
23028276
23028277
23028278
23028279
23028280
23028281
23028282
23028283
23028284
23028285
23028286
23028287
23028288
23028289
23028290
23028291
23028292
23028293
23028294
23028295
23028296
23028297
23028298
23028299
23028300
23028301
23028338
23028339
23028340
23028341
23028342
23028343
23028344
23028345
23028346
23028347
23028348
23028349
23028350
23028351
23028352
23028353
23028354
23028355
23028356
23028357
23028358
23028359
23028360
23028361
23028363
23028364
23028365
23028366
23028367
23028368
23028369
23028370
23028371
23028372
23028373
23028374
23028375
23028376
23028377
23028378
23028379
23028393
23028414
23028415
23029566
23029567
23029568
23029569
23029570
23029571
23029572
23029573
23029574
23029575
23029576
23029577
23029578
23029579
23029580
23029581
23029582
23029583
23029584
23029585
23029586
23029587
23029588
23029589
23029590
23029591
23029592
23029593
23029594
23029595
23029596
23029597
23029598
23029599
23029600
23029640
23029643
23029645
23029648
23029651
23029655
23029660
23029661
23029662
23029663
23029664
23029670
23029671
23029699
23029700
23029701
23029734
23029735
23029736
23029737
23029738
23029739
23029740
23029741
23029742
23029743
23029744
23029745
23029746
23029747
23029748
23029749
23029750
23029751
23029752
23029753
23029754
23029755
23029756
23029757
23029922
23029923
23029924
23029925
23029926
23029927
23029928
23029929
23029930
23029931
23029932
23029933
23029934
23029935
23029936
23029937
23029938
23029939
23029940
23029941
23029942
23029943
23029944
23029945
23029946
23029947
23029948
23029949
23029950
23029951
23029952
23029953
23029954
23029955
23029956
23029981
23029982
23029983
23029984
23029985
23029986
23030034
23030035
23030036
23030057
23030059
23030060
23030061
23030062
23030063
23030121
23030122
23030123
23030124
23030126
23030146
23030162
23030176
23030192
23030206
23030207
23030209
23030245
23030261
23030268
23030307
23030308
23030336
23030337
23030338
23030339
23030340
23030341
23030342
23030343
23030344
23030345
23030360
23030373
23030374
23030375
23030376
23030400
23030431
23030453
23030501
23030508
23030522
23030524
23030530
23030556
23030557
23030558
23030559
23030560
23030561
23030562
23030563
23030564
23030565
23030566
23030567
23030568
23030569
23030570
23030571
23030572
23030573
23030574
23030575
23030576
23030577
23030578
23030579
23030580
23030592
23030651
23030652
23030653
23030654
23030655
23030684
23030744
23030745
23030746
23030747
23030748
23030749
23030750
23030751
23030752
23030753
23030754
23030755
23030756
23030757
23030758
23030759
23030760
23030823
23030826
23030848
23030849
23031076
23031087
23031130
23031132
23031133
23031134
23031137
23031160
23031163
23031164
23031165
23031166
23031167
23031168
23031169
23031170
23031171
23031172
23031173
23031174
23031175
23031176
23031177
23031205
23031207
23031230
23031231
23031232
23031233
23031234
23031235
23031237
23031238
23031239
23031240
23031241
23031242
23031243
23031244
23031297
23031298
23031299
23031300
23031301
23031302
23031303
23031304
23031336
23031404
23031426
23031438
23031439
23031440
23031443
23031453
23031454
23031455
23031456
23031457
23031458
23031459
23031460
23031461
23031462
23031463
23031464
23031465
23031466
23031467
23031468
23031469
23031470
23031471
23031472
23031473
23031474
23031475
23031476
23031477
23031478
23031479
23031480
23031481
23031555
23031556
23031606
23031627
23031685
23031693
23031694
23031698
23031699
23031706
23031750
23031751
23031752
23031753
23031754
23031755
23031756
23031757
23031758
23031759
23031760
23031761
23031762
23031763
23031764
23031765
23031766
23031767
23031768
23031769
23031770
23031771
23031772
23031773
23031774
23031776
23031777
23031778
23031779
23031780
23031781
23031782
23031783
23031799
23031800
23031806
23031807
23031808
23031809
23031810
23031811
23031813
23031826
23032081
23032186
23032187
23032188
23032199
23032200
23032201
23032202
23032203
23032204
23032205
23032206
23032207
23032208
23032209
23032210
23032211
23032212
23032213
23032255
23032257
23032324
23032325
23032326
23032354
23032438
23032484
23032495
23032496
23032497
23032498
23032499
23032511
23032512
23032559
23032582
23032584
23032585
23032586
23032587
23032588
23032589
23032590
23032591
23032592
23032593
23032594
23032595
23032596
23032597
23032598
23032615
23032617
23032618
23032619
23032622
23032628
23032719
23032798
23032799
23032800
23032801
23032802
23032865
23032866
23032879
23032880
23032882
23032883
23032884
23032885
23032886
23032887
23032888
23032889
23032890
23032891
23032892
23032893
23032894
23032895
23032896
23032897
23032898
23032899
23032918
23032978
23032979
23032980
23032981
23032982
23032986
23033014
23033016
23033039
23033044
23033045
23033046
23033047
23033048
23033049
23033050
23033069
23033070
23033071
23033072
23033074
23033075
23033077
23033078
23033079
23033080
23033081
23033082
23033083
23033089
23033092
23033099
23033103
23033104
23033106
23033114
23033116
23033144
23033146
23033147
23033148
23033163
23033164
23033166
23033167
23033168
23033169
23033170
23033174
23033266
23033267
23033269
23033270
23033271
23033272
23033273
23033275
23033276
23033277
23033278
23033279
23033280
23033281
23033282
23033283
23033284
23033285
23033286
23033287
23033288
23033289
23033290
23033291
23033292
23033293
23033294
23033295
23033296
23033297
23033298
23033299
23033300
23033301
23033302
23033303
23033304
23033305
23033306
23033307
23033308
23033309
23033310
23033311
23033312
23033343
23033356
23033360
23033362
23033364
23033365
23033366
23033367
23033368
23033369
23033370
23033371
23033372
23033373
23033375
23033376
23033377
23033378
23033379
23033380
23033381
23033382
23033383
23033384
23033385
23033386
23033387
23033388
23033389
23033390
23033391
23033392
23033393
23033394
23033395
23033397
23033399
23033403
23033404
23033409
23033411
23033417
23033440
23033451
23033458
23033459
23033460
23033461
23033462
23033463
23033464
23033465
23033466
23033467
23033469
23033470
23033471
23033472
23033473
23033474
23033475
23033492
23033493
23033494
23033496
23033502
23033503
23033504
23033505
23033506
23033507
23033508
23033509
23033549
23033598
23033599
23033600
23033601
23033602
23033603
23033604
23033605
23033606
23033607
23033608
23033609
23033611
23033612
23033614
23033615
23033616
23033617
23033618
23033619
23033768
23033769
23033770
23033771
23033772
23033773
23033774
23033775
23033776
23033777
23033778
23033779
23033780
23033781
23033782
23033783
23033784
23033794
23033795
23033796
23033797
23033798
23033799
23033800
23033801
23033802
23033803
23033804
23033807
23033819
23033820
23033827
23033832
23033847
23033852
23033859
23033885
23033927
23033942
23033961
23033978
23033983
23034016
23034069
23034106
23034107
23034108
23034109
23034110
23034111
23034112
23034113
23034114
23034115
23034116
23034117
23034118
23034119
23034168
23034169
23034170
23034171
23034192
23034202
23034204
23034205
23034206
23034207
23034208
23034209
23034210
23034211
23034212
23034250
23034251
23034252
23034253
23034254
23034255
23034256
23034257
23034258
23034259
23034260
23034261
23034262
23034263
23034264
23034265
23034266
23034267
23034268
23034269
23034270
23034271
23034272
23034273
23034274
23034275
23034276
23034277
23034278
23034290
23034291
23034292
23034293
23034294
23034295
23034296
23034321
23034322
23034323
23034324
23034325
23034326
23034327
23034329
23034330
23034331
23034332
23034333
23034334
23034341
23034392
23034402
23034403
23034429
23034442
23034453
23034459
23034460
23034481
23034528
23034529
23034530
23034531
23034559
23034560
23034561
23034562
23034570
23034571
23034572
23034573
23034574
23034575
23034576
23034577
23034598
23034604
23034605
23034606
23034607
23034620
23034622
23034624
23034628
23034629
23034630
23034631
23034632
23034633
23034634
23034635
23034636
23034637
23034647
23034648
23034649
23034650
23034652
23034654
23034658
23034699
23034717
23034729
23034734
23034782
23034783
23034811
23034831
23034844
23034845
23034846
23034847
23034848
23034849
23034850
23034851
23034852
23034853
23034854
23034855
23034856
23034857
23034858
23034859
23034860
23034861
23034862
23034863
23034907
23034908
23034909
23034910
23034911
23034912
23034913
23034914
23034915
23034916
23034917
23034918
23034920
23034921
23034922
23034924
23034925
23034969
23035019
23035021
23035051
23035059
23035060
23035061
23035063
23035064
23035065
23035067
23035068
23035069
23035071
23035072
23035073
23035074
23035075
23035077
23035078
23035079
23035080
23035081
23035082
23035083
23035084
23035085
23035086
23035087
23035088
23035089
23035090
23035091
23035092
23035093
23035094
23035095
23035096
23035097
23035098
23035099
23035100
23035101
23035102
23035103
23035104
23035105
23035106
23035107
23035108
23035109
23035110
23035133
23035134
23035135
23035136
23035137
23035138
23035139
23035140
23035141
23035142
23035143
23035144
23035145
23035146
23035147
23035148
23035149
23035207
23035208
23035211
23035212
23035213
23035214
23035215
23035216
23035217
23035218
23035219
23035220
23035221
23035222
23035223
23035224
23035225
23035226
23035227
23035228
23035229
23035230
23035231
23035232
23035233
23035234
23035235
23035236
23035243
23035244
23035245
23035246
23035247
23035248
23035249
23035250
23035251
23035252
23035257
23035258
23035265
23035266
23035267
23035268
23035269
23035270
23035271
23035332
23035334
23035335
23035340
23035341
23035342
23035343
23035344
23035345
23035346
23035347
23035348
23035349
23035350
23035351
23035352
23035353
23035354
23035355
23035356
23035357
23035358
23035359
23035360
23035361
23035362
23035363
23035364
23035402
23035403
23035404
23035405
23035406
23035522
23035523
23035524
23035525
23035526
23035527
23035528
23035529
23035530
23035531
23035532
23035533
23035534
23035535
23035536
23035537
23035538
23035539
23035540
23035541
23035542
23035543
23035544
23035545
23035546
23035547
23035548
23035549
23035550
23035551
23035552
23035553
23035554
23035555
23035556
23035557
23035558
23035559
23035560
23035561
23035562
23035563
23035564
23035565
23035566
23035567
23035638
23035640
23035647
23035655
23035660
23035666
23035667
23035700
23035702
23035728
23035758
23035772
23035785
23035804
23035805
23035806
23035807
23035883
23035917
23035933
23035953
23035954
23035960
23035962
23035971
23035979
23035980
23035981
23036009
23036028
23036056
23036079
23036106
23036134
23036187
23036191
23036203
23036204
23036205
23036206
23036207
23036208
23036209
23036210
23036211
23036212
23036213
23036214
23036215
23036216
23036217
23036218
23036219
23036220
23036241
23036242
23036243
23036244
23036245
23036246
23036247
23036248
23036249
23036250
23036251
23036252
23036253
23036280
23036365
23036489
23036514
23036524
23036536
23036537
23036539
23036540
23036541
23036542
23036543
23036544
23036545
23036546
23036547
23036548
23036551
23036552
23036553
23036554
23036555
23036556
23036557
23036558
23036559
23036560
23036561
23036562
23036563
23036564
23036595
23036611
23036612
23036628
23036636
23036637
23036643
23036644
23036669
23036670
23036671
23036672
23036673
23036674
23036683
23036685
23036687
23036696
23036704
23036705
23036706
23036707
23036708
23036709
23036710
23036711
23036712
23036713
23036741
23036742
23036744
23036745
23036746
23036751
23036752
23036754
23036756
23036757
23036759
23036761
23036763
23036765
23036766
23036768
23036790
23036791
23036792
23036793
23036794
23036795
23036827
23036828
23036829
23036830
23036857
23036858
23036860
23036889
23036890
23036895
23036896
23036898
23036917
23036918
23036919
23036928
23036979
23036994
23036995
23036996
23036997
23036998
23036999
23037006
23037007
23037008
23037326
23037327
23037509
23037510
23037600
23037601
23037602
23037603
23037604
23037605
23037606
23037607
23037608
23037609
23037777
23037801
23037880
23037886
23037891
23037915
23037940
23037959
23038028
23038029
23038030
23038031
23038032
23038033
23038034
23038035
23038036
23038037
23038038
23038039
23038040
23038065
23038071
23038072
23038073
23038074
23038075
23038076
23038077
23038078
23038079
23038080
23038081
23038085
23038086
23038087
23038088
23038089
23038090
23038091
23038092
23038093
23038094
23038095
23038096
23038098
23038154
23038158
23038222
23038402
23038428
23038429
23038440
23038441
23038443
23038444
23038445
23038446
23038449
23038458
23038459
23038460
23038470
23038472
23038476
23038477
23038478
23038479
23038480
23038482
23038483
23038484
23038485
23038487
23038488
23038490
23038623
23038631
23038632
23038633
23038698
23038738
23038739
23038740
23038748
23038764
23038765
23038788
23038791
23038793
23038794
23038795
23038814
23038815
23038816
23038906
23038907
23038908
23038909
23038910
23038911
23038912
23038913
23038914
23038915
23038916
23038917
23038918
23038919
23038920
23038921
23038922
23038923
23038924
23038925
23038926
23038927
23038928
23038929
23038930
23038931
23039044
23039143
23039144
23039146
23039148
23039150
23039151
23039154
23039166
23039167
23039180
23039200
23039228
23039237
23039253
23039266
23039270
23039310
23039328
23039329
23039330
23039331
23039332
23039333
23039334
23039618
23039619
23039620
23039621
23039622
23039623
23039624
23039625
23039626
23039627
23039628
23039629
23039630
23039631
23039632
23039633
23039634
23039635
23039636
23039637
23039638
23039639
23039640
23039641
23039642
23039643
23039644
23039645
23039646
23039647
23039648
23039649
23039650
23039651
23039652
23039653
23039654
23039655
23039656
23039657
23039658
23039659
23039660
23039661
23039662
23039663
23039664
23039665
23039666
23039667
23039668
23039669
23039670
23039671
23039672
23039673
23039674
23039675
23039676
23039677
23039678
23039679
23039680
23039681
23039682
23039683
23039684
23039685
23039686
23039690
23039691
23039692
23039693
23039694
23039695
23039716
23039717
23039720
23039723
23039727
23039728
23039729
23039730
23039731
23039732
23039733
23039734
23039735
23039736
23039739
23039741
23039742
23039743
23039759
23039768
23039771
23039773
23039774
23039775
23039776
23039777
23039778
23039779
23039780
23039782
23039783
23039784
23039842
23039861
23039947
23039966
23039971
23039992
23039994
23040199
23040211
23040248
23040249
23040250
23040251
23040252
23040253
23040254
23040255
23040256
23040257
23040258
23040259
23040260
23040277
23040297
23040298
23040299
23040300
23040301
23040302
23040303
23040304
23040305
23040306
23040307
23040308
23040309
23040310
23040311
23040318
23040319
23040320
23040422
23040454
23040455
23040483
23040510
23040531
23040532
23040548
23040549
23040550
23040551
23040552
23040553
23040554
23040555
23040556
23040557
23040566
23040567
23040568
23040570
23040571
23040572
23040573
23040574
23040575
23040577
23040580
23040581
23040582
23040584
23040651
23040710
23040711
23040712
23040798
23040799
23040800
23040801
23040802
23040803
23040804
23040805
23040806
23040807
23040808
23040809
23040810
23040811
23040812
23040813
23040814
23040815
23040816
23040817
23040818
23040822
23040826
23040829
23040884
23040890
23040891
23040964
23040965
23040966
23040967
23040974
23040975
23040976
23040977
23040978
23040979
23041034
23041064
23041065
23041082
23041083
23041084
23041085
23041118
23041126
23041127
23041168
23041169
23041170
23041199
23041209
23041229
23041230
23041231
23041237
23041239
23041260
23041261
23041262
23041290
23041298
23041299
23041309
23041345
23041366
23041369
23041370
23041394
23041395
23041396
23041397
23041398
23041399
23041400
23041401
23041402
23041403
23041404
23041405
23041406
23041407
23041408
23041414
23041422
23041423
23041425
23041451
23041452
23041504
23041553
23041554
23041555
23041556
23041558
23041566
23041567
23041568
23041569
23041570
23041606
23041609
23041621
23041622
23041623
23041624
23041626
23041627
23041628
23041629
23041630
23041631
23041646
23041647
23041648
23041671
23041672
23041673
23041791
23041842
23041928
23041929
23041930
23041931
23041932
23041974
23042011
23042057
23042058
23042059
23042060
23042061
23042062
23042063
23042064
23042065
23042066
23042067
23042068
23042079
23042081
23042082
23042125
23042126
23042150
23042151
23042292
23042293
23042294
23042295
23042329
23042330
23042331
23042333
23042334
23042337
23042338
23042340
23042341
23042348
23042349
23042350
23042355
23042356
23042357
23042358
23042359
23042360
23042361
23042362
23042452
23042453
23042456
23042457
23042458
23042459
23042460
23042480
23042481
23042554
23042560
23042564
23042579
23042591
23042600
23042604
23042605
23042606
23042607
23042614
23042615
23042616
23042617
23042618
23042636
23042646
23042650
23042651
23042659
23042723
23042764
23042771
23042772
23042815
23042816
23042817
23042818
23042819
23042820
23042845
23042846
23042850
23042851
23042932
23042933
23042936
23042941
23042942
23042943
23042945
23042946
23042980
23042988
23042989
23042990
23043002
23043003
23043004
23043006
23043007
23043009
23043010
23043011
23043015
23043084
23043085
23043088
23043089
23043090
23043091
23043092
23043093
23043094
23043095
23043096
23043112
23043113
23043114
23043115
23043116
23043117
23043118
23043119
23043121
23043122
23043127
23043133
23043143
23043146
23043168
23043169
23043170
23043171
23043172
23043173
23043174
23043175
23043176
23043177
23043178
23043179
23043180
23043181
23043194
23043202
23043212
23043218
23043241
23043266
23043268
23043269
23043270
23043271
23043272
23043273
23043287
23043293
23043307
23043311
23043323
23043346
23043374
23043381
23043434
23043436
23043459
23043490
23043498
23043529
23043660
23043661
23043662
23043663
23043664
23043665
23043666
23043667
23043668
23043694
23043695
23043696
23043697
23043698
23043699
23043700
23043705
23043706
23043707
23043708
23043709
23043710
23043711
23043712
23043713
23043714
23043715
23043723
23043734
23043735
23043736
23043737
23043738
23043739
23043740
23043741
23043742
23043745
23043746
23043747
23043748
23043749
23043750
23043751
23043752
23043762
23043816
23043819
23043820
23043821
23043822
23043823
23043824
23043825
23043826
23043827
23043828
23043829
23043830
23043831
23043832
23043833
23043834
23043835
23043836
23043837
23043838
23043839
23043840
23043841
23043842
23043843
23043844
23043845
23043931
23043932
23043933
23043934
23043935
23043936
23043959
23043962
23043979
23043980
23044009
23044030
23044031
23044032
23044035
23044042
23044214
23044216
23044217
23044224
23044225
23044226
23044227
23044228
23044287
23044288
23044380
23044381
23044382
23044436
23044494
23044557
23044558
23044559
23044560
23044561
23044562
23044563
23044564
23044565
23044566
23044567
23044568
23044569
23044570
23044571
23044572
23044573
23044574
23044575
23044576
23044577
23044579
23044580
23044581
23044582
23044583
23044584
23044585
23044608
23044609
23044610
23044611
23044643
23044665
23044666
23044670
23044671
23044672
23044673
23044674
23044675
23044676
23044677
23044678
23044679
23044680
23044681
23044682
23044689
23044694
23044696
23044697
23044767
23044783
23044784
23044825
23044826
23044827
23044883
23044885
23044886
23044887
23044888
23044889
23044890
23044891
23044893
23044920
23044928
23044940
23044941
23044942
23044944
23044945
23044946
23044947
23044949
23044950
23044951
23044952
23044953
23044954
23044955
23044956
23044957
23044958
23044959
23044960
23044961
23044962
23044963
23044968
23044972
23044973
23044984
23044986
23044987
23044988
23044989
23044990
23044991
23045086
23045087
23045155
23045185
23045186
23045189
23045190
23045257
23045258
23045259
23045309
23045310
23045311
23045312
23045313
23045314
23045316
23045317
23045318
23045319
23045320
23045321
23045322
23045323
23045326
23045327
23045329
23045330
23045331
23045350
23045351
23045352
23045362
23045363
23045387
23045400
23045401
23045402
23045403
23045404
23045405
23045406
23045407
23045456
23045457
23045458
23045459
23045460
23045461
23045462
23045463
23045464
23045465
23045468
23045469
23045470
23045472
23045474
23045482
23045483
23045484
23045485
23045486
23045487
23045488
23045489
23045490
23045491
23045492
23045493
23045494
23045495
23045496
23045497
23045498
23045499
23045500
23045501
23045502
23045503
23045504
23045505
23045506
23045507
23045508
23045509
23045510
23045511
23045512
23045513
23045514
23045515
23045517
23045518
23045519
23045520
23045521
23045534
23045535
23045536
23045537
23045538
23045539
23045540
23045541
23045542
23045543
23045544
23045545
23045546
23045547
23045548
23045549
23045550
23045551
23045552
23045554
23045555
23045556
23045557
23045558
23045559
23045560
23045561
23045562
23045563
23045564
23045565
23045566
23045567
23045568
23045569
23045582
23045585
23045588
23045594
23045603
23045604
23045605
23045606
23045607
23045613
23045614
23045615
23045616
23045618
23045619
23045621
23045622
23045624
23045626
23045628
23045631
23045633
23045634
23045635
23045636
23045637
23045638
23045639
23045640
23045641
23045642
23045643
23045644
23045645
23045646
23045647
23045648
23045649
23045650
23045651
23045652
23045653
23045654
23045655
23045656
23045657
23045658
23045659
23045660
23045661
23045662
23045663
23045664
23045665
23045666
23045667
23045668
23045669
23045670
23045671
23045672
23045673
23045674
23045675
23045676
23045677
23045678
23045679
23045680
23045682
23045683
23045684
23045686
23045687
23045688
23045689
23045690
23045692
23045693
23045694
23045695
23045696
23045697
23045699
23045700
23045701
23045702
23045703
23045704
23045731
23045746
23045753
23045754
23045755
23045756
23045757
23045758
23045759
23045760
23045761
23045762
23045763
23045764
23045765
23045766
23045768
23045769
23045770
23045771
23045772
23045773
23045774
23045775
23045776
23045777
23045778
23045780
23045781
23045782
23045783
23045785
23045786
23045787
23045788
23045808
23045809
23045810
23045811
23045812
23045813
23045814
23045815
23045963
23045964
23045965
23045966
23045967
23045968
23045969
23045970
23045971
23045972
23045973
23045974
23045975
23045976
23045977
23045978
23045979
23045980
23045981
23045982
23046033
23046034
23046035
23046036
23046037
23046039
23046151
23046184
23046209
23046214
23046255
23046256
23046257
23046258
23046260
23046261
23046263
23046264
23046265
23046266
23046267
23046268
23046269
23046270
23046341
23046344
23046382
23046383
23046414
23046419
23046443
23046445
23046452
23046453
23046464
23046465
23046466
23046467
23046468
23046469
23046470
23046483
23046487
23046489
23046511
23046536
23046574
23046575
23046576
23046577
23046578
23046579
23046580
23046581
23046582
23046622
23046623
23046626
23046627
23046660
23046814
23046819
23046832
23046971
23046996
23047020
23047021
23047025
23047131
23047132
23047133
23047186
23047187
23047188
23047189
23047190
23047191
23047192
23047193
23047239
23047240
23047270
23047271
23047303
23047455
23047472
23047497
23047498
23047499
23047500
23047501
23047502
23047503
23047504
23047505
23047506
23047507
23047508
23047509
23047510
23047511
23047512
23047513
23047514
23047515
23047516
23047517
23047518
23047519
23047521
23047522
23047527
23047528
23047591
23047592
23047593
23047641
23047648
23047649
23047650
23047651
23047652
23047653
23047666
23047667
23047668
23047670
23047672
23047673
23047674
23047675
23047676
23047677
23047678
23047679
23047680
23047682
23047683
23047689
23047692
23047693
23047694
23047696
23047697
23047698
23047699
23047700
23047702
23047704
23047705
23047720
23047735
23047747
23047748
23047749
23047750
23047751
23047752
23047753
23047773
23047775
23047777
23047778
23047779
23047780
23047781
23047782
23047783
23047784
23047785
23047786
23047787
23047788
23047789
23047790
23047791
23047823
23047826
23047830
23047925
23047936
23047937
23047938
23047939
23047940
23047941
23047942
23047943
23047944
23047945
23047946
23047947
23047962
23047966
23047967
23047976
23047977
23047978
23047979
23047982
23047990
23048010
23048011
23048013
23048017
23048043
23048044
23048045
23048068
23048073
23048080
23048081
23048082
23048083
23048085
23048086
23048087
23048089
23048170
23048179
23048180
23048181
23048182
23048183
23048184
23048185
23048204
23049086
23049087
23049089
23049090
23049092
23049236
23049237
23049238
23049239
23049240
23049242
23049243
23049252
23049254
23049255
23049256
23049490
23049540
23049541
23049542
23049543
23049574
23050028
23050036
23050037
23050038
23050039
23050040
23050041
23050266
23050267
23050268
23050272
23050274
23050275
23050332
23050333
23050334
23050338
23050339
23050340
23050342
23050343
23050344
23050345
23050346
23050421
23050422
23050423
23050424
23050425
23050426
23050459
23050460
23050461
23050462
23050463
23050464
23050465
23050466
23050467
23050468
23050469
23050470
23050471
23050472
23050473
23050474
23050475
23050476
23050477
23050478
23050479
23050480
23050481
23050482
23050483
23050484
23050485
23050486
23050566
23050567
23050568
23050569
23050570
23050571
23050572
23050573
23050574
23050575
23050576
23050577
23050578
23050579
23050582
23050612
23050637
23050638
23050639
23050640
23050641
23050642
23050643
23050644
23050645
23050646
23050647
23050648
23050649
23050650
23050651
23050652
23050654
23050667
23050679
23050682
23050683
23050684
23050685
23050686
23050687
23050688
23050690
23050702
23050703
23050704
23050705
23050706
23050707
23050708
23050709
23050710
23050711
23050712
23050713
23050714
23050715
23050716
23050717
23050718
23050719
23050720
23050749
23050750
23050751
23050752
23050753
23050764
23050773
23050782
23050810
23050811
23050812
23050813
23050814
23050815
23050816
23050817
23050818
23050819
23050820
23050821
23050822
23050823
23050824
23050825
23050826
23050827
23050830
23050958
23050959
23050960
23050961
23050962
23050963
23050964
23050965
23050966
23050967
23050968
23050969
23050970
23050971
23050972
23050973
23051179
23051586
23051600
23051601
23051610
23051611
23051612
23051613
23051623
23051668
23051689
23051702
23051709
23051710
23051711
23051713
23051717
23051728
23051741
23051742
23051746
23051748
23051751
23051752
23051753
23051774
23051775
23051776
23051777
23051778
23051848
23051880
23051881
23051882
23051883
23051888
23051889
23051935
23051967
23051973
23051980
23051989
23051991
23052028
23052034
23052066
23052068
23052072
23052077
23052128
23052153
23052154
23052155
23052156
23052157
23052158
23052159
23052160
23052161
23052162
23052163
23052164
23052165
23052166
23052167
23052168
23052169
23052170
23052171
23052172
23052173
23052174
23052175
23052176
