23052177
23052178
23052244
23052260
23052261
23052262
23052263
23052264
23052265
23052266
23052267
23052268
23052269
23052270
23052271
23052272
23052273
23052274
23052275
23052298
23052337
23052366
23052370
23052371
23052372
23052373
23052374
23052375
23052398
23052420
23052445
23052552
23052609
23052635
23052636
23052834
23052855
23052905
23052906
23052907
23053060
23053138
23053139
23053140
23053141
23053142
23053143
23053144
23053145
23053146
23053147
23053148
23053149
23053150
23053151
23053152
23053153
23053157
23053158
23053159
23053160
23053161
23053175
23053255
23053256
23053260
23053263
23053267
23053271
23053272
23053510
23053511
23053512
23053513
23053514
23053619
23053622
23053630
23053631
23053632
23053633
23053711
23053740
23053847
23053848
23054031
23054032
23054033
23054045
23054046
23054047
23054048
23054049
23054050
23054051
23054052
23054053
23054055
23054056
23054057
23054125
23054161
23054162
23054163
23054164
23054165
23054167
23054173
23054186
23054222
23054228
23054230
23054232
23054233
23054235
23054236
23054237
23054238
23054239
23054252
23054308
23054309
23054311
23054354
23054375
23054429
23054509
23054517
23054525
23054728
23054729
23054730
23054731
23054732
23054733
23054734
23054735
23054736
23054737
23054738
23054739
23054740
23054741
23054834
23054835
23054836
23054837
23054839
23054840
23055032
23055184
23055188
23055189
23055294
23055310
23055311
23055312
23055313
23055314
23055315
23055316
23055317
23055318
23055319
23055320
23055322
23055353
23055354
23055355
23055356
23055357
23055358
23055359
23055360
23055361
23055362
23055363
23055451
23055472
23055473
23055474
23055475
23055476
23055477
23055478
23055479
23055480
23055481
23055482
23055483
23055484
23055485
23055486
23055487
23055488
23055489
23055490
23055491
23055492
23055493
23055494
23055495
23055496
23055497
23055498
23055499
23055500
23055501
23055502
23055503
23055504
23055505
23055506
23055507
23055508
23055509
23055510
23055511
23055512
23055513
23055514
23055515
23055533
23055534
23055549
23055550
23055551
23055552
23055553
23055554
23055555
23055557
23055558
23055560
23055561
23055562
23055563
23055564
23055565
23055658
23055707
23055708
23055709
23055710
23055711
23055712
23055713
23055714
23055715
23055716
23055717
23055718
23055719
23055720
23055721
23055722
23055723
23055724
23055725
23055726
23055727
23055728
23055729
23055730
23055731
23055732
23055733
23055734
23055735
23056012
23056013
23056014
23056015
23056016
23056017
23056018
23056019
23056020
23056021
23056022
23056023
23056024
23056025
23056026
23056027
23056028
23056029
23056030
23056031
23056032
23056033
23056035
23056064
23056657
23056665
23057077
23057078
23057079
23057080
23057084
23057090
23057091
23057092
23057136
23057137
23057138
23057139
23057140
23057141
23057142
23057143
23057144
23057145
23057146
23057164
23057165
23057166
23057167
23057168
23057169
23057170
23057171
23057196
23057197
23057198
23057199
23057200
23057201
23057202
23057203
23057204
23057205
23057206
23057207
23057208
23057209
23057210
23057211
23057214
23057215
23057216
23057217
23057218
23057219
23057220
23057221
23057239
23057240
23057241
23057242
23057255
23057256
23057257
23057258
23057259
23057260
23057261
23057263
23057264
23057265
23057266
23057267
23057268
23057269
23057270
23057272
23057273
23057274
23057275
23057276
23057277
23057278
23057279
23057280
23057281
23057282
23057283
23057284
23057285
23057286
23057288
23057289
23057290
23057291
23057292
23057293
23057294
23057296
23057297
23057298
23057299
23057300
23057301
23057302
23057304
23057305
23057306
23057307
23057308
23057309
23057310
23057446
23057447
23057448
23057449
23057450
23057451
23057452
23057453
23057454
23057455
23057456
23057457
23057458
23057459
23057460
23057461
23057462
23057463
23057464
23057465
23057466
23057467
23057473
23057505
23057527
23057582
23057669
23057694
23057733
23057757
23057846
23057861
23057874
23057991
23057992
23058005
23058006
23058007
23058008
23058009
23058010
23058011
23058012
23058013
23058014
23058015
23058016
23058017
23058018
23058019
23058020
23058021
23058022
23058023
23058024
23058025
23058026
23058027
23058028
23058029
23058030
23058031
23058032
23058033
23058034
23058035
23058036
23058141
23058142
23058143
23058144
23058145
23058146
23058147
23058148
23058149
23058150
23058151
23058152
23058153
23058154
23058155
23058156
23058157
23058158
23058159
23058160
23058161
23058231
23058273
23058274
23058312
23058313
23058314
23058315
23058319
23058713
23058808
23058809
23058853
23058854
23058936
23058949
23058950
23058975
23058983
23058984
23058985
23059105
23059119
23059145
23059146
23059148
23059149
23059150
23059151
23059152
23059155
23059156
23059157
23059158
23059159
23059167
23059401
23059402
23059420
23059421
23059422
23059426
23059428
23059429
23059526
23059527
23059528
23059529
23059530
23059531
23059532
23059534
23059709
23059711
23059712
23059713
23059714
23059715
23059716
23059717
23059718
23059719
23059720
23059721
23059734
23059758
23059759
23059788
23059819
23059820
23059821
23059822
23059823
23059824
23059825
23059826
23059827
23059828
23059872
23059874
23059875
23059876
23059877
23059878
23059879
23059903
23059956
23059960
23060136
23060137
23060139
23060140
23060141
23060142
23060143
23060145
23060148
23060265
23060347
23060348
23060349
23060351
23060352
23060353
23060425
23060426
23060434
23060466
23060486
23060487
23060488
23060489
23060490
23060491
23060492
23060493
23060494
23060495
23060496
23060497
23060498
23060499
23060500
23060501
23060502
23060503
23060504
23060505
23060506
23060507
23060508
23060509
23060510
23060511
23060512
23060513
23060514
23060515
23060516
23060517
23060518
23060519
23060520
23060521
23060538
23060539
23060540
23060541
23060542
23060543
23060544
23060545
23060546
23060547
23060548
23060549
23060550
23060551
23060552
23060553
23060554
23060555
23060556
23060557
23060558
23060559
23060560
23060561
23060562
23060563
23060564
23060565
23060566
23060567
23060568
23060569
23060570
23060571
23060572
23060573
23060574
23060575
23060576
23060577
23060578
23060579
23060580
23060581
23060582
23060583
23060584
23060585
23060586
23060587
23060588
23060589
23060590
23060591
23060592
23060593
23060594
23060654
23060655
23060656
23060657
23060658
23060659
23060660
23061030
23061056
23061057
23061059
23061060
23061061
23061062
23061063
23061064
23061065
23061066
23061067
23061068
23061082
23061083
23061084
23061085
23061086
23061087
23061088
23061109
23061224
23061225
23061226
23061227
23061228
23061229
23061230
23061231
23061232
23061233
23061234
23061241
23061242
23061243
23061244
23061245
23061246
23061247
23061248
23061249
23061250
23061251
23061252
23061253
23061254
23061255
23061256
23061257
23061258
23061299
23061300
23061301
23061302
23061303
23061304
23061305
23061306
23061307
23061308
23061309
23061310
23061311
23061312
23061313
23061314
23061315
23061316
23061317
23061349
23061350
23061351
23061352
23061353
23061354
23061355
23061356
23061357
23061358
23061359
23061360
23061361
23061362
23061363
23061364
23061365
23061366
23061367
23061368
23061369
23061370
23061371
23061372
23061373
23061374
23061382
23061383
23061384
23061386
23061389
23061391
23061392
23061394
23061397
23061436
23061522
23061523
23061543
23061549
23061624
23061663
23061666
23061674
23061699
23061735
23061753
23061913
23061979
23061982
23061983
23061994
23061995
23061996
23061997
23061998
23061999
23062000
23062001
23062002
23062003
23062027
23062038
23062039
23062041
23062042
23062043
23062044
23062045
23062046
23062047
23062049
23062050
23062051
23062052
23062053
23062054
23062079
23062086
23062088
23062089
23062090
23062091
23062092
23062093
23062094
23062095
23062098
23062114
23062156
23062157
23062158
23062160
23062162
23062164
23062166
23062167
23062168
23062169
23062210
23062251
23062252
23062253
23062254
23062255
23062257
23062258
23062260
23062261
23062262
23062263
23062264
23062265
23062321
23062322
23062380
23062381
23062382
23062383
23062384
23062385
23062386
23062387
23062388
23062389
23062390
23062391
23062392
23062393
23062394
23062395
23062396
23062397
23062417
23062418
23062419
23062420
23062421
23062422
23062423
23062527
23062529
23062530
23062531
23062532
23062533
23062534
23062535
23062537
23062538
23062541
23062542
23062543
23062545
23062546
23062562
23062563
23062564
23062565
23062566
23062567
23062568
23062569
23062633
23062634
23062635
23062636
23062637
23062638
23062639
23062640
23062641
23062642
23062643
23062644
23062645
23062653
23062678
23062679
23062680
23062681
23062719
23062737
23062762
23062886
23062896
23062897
23062898
23062899
23062900
23062901
23062902
23062903
23062904
23062908
23062909
23062910
23062911
23062912
23062913
23062914
23062915
23062916
23062917
23062918
23062919
23062920
23062921
23062922
23062923
23062924
23062925
23062926
23062927
23062928
23062929
23062930
23062931
23062932
23062933
23062934
23062935
23062936
23062937
23062938
23062968
23063058
23063072
23063073
23063074
23063075
23063076
23063077
23063099
23063115
23063120
23063121
23063122
23063123
23063124
23063125
23063126
23063127
23063128
23063129
23063130
23063131
23063132
23063144
23063193
23063195
23063239
23063313
23063316
23063317
23063329
23063330
23063331
23063332
23063333
23063414
23063469
23063553
23063586
23063614
23063615
23063620
23063621
23063622
23063650
23063651
23063653
23063654
23063667
23063708
23063713
23063736
23063738
23063744
23063752
23063796
23063797
23063798
23063877
23063892
23063896
23063897
23063898
23063899
23063900
23063901
23063936
23063937
23063938
23063939
23063940
23063941
23063990
23063991
23063992
23063993
23063994
23063995
23063996
23063997
23064013
23064014
23064015
23064016
23064017
23064027
23064028
23064029
23064044
23064045
23064046
23064088
23064089
23064090
23064091
23064092
23064093
23064094
23064136
23064137
23064138
23064139
23064140
23064141
23064142
23064143
23064144
23064150
23064200
23064201
23064202
23064212
23064225
23064226
23064227
23064228
23064229
23064230
23064231
23064263
23064264
23064265
23064266
23064271
23064272
23064273
23064274
23064275
23064276
23064277
23064278
23064279
23064280
23064295
23064296
23064297
23064298
23064299
23064300
23064301
23064302
23064303
23064304
23064305
23064306
23064307
23064308
23064309
23064360
23064361
23064362
23064363
23064364
23064365
23064366
23064367
23064379
23064380
23064381
23064382
23064439
23064478
23064479
23064517
23064518
23064519
23064520
23064619
23064620
23064634
23064636
23064638
23064639
23064640
23064642
23064645
23064646
23064647
23064648
23064660
23064661
23064726
23064757
23064758
23064760
23064950
23064962
23065005
23065006
23065007
23065008
23065009
23065014
23065089
23065189
23065242
23065256
23065310
23065328
23065342
23065343
23065344
23065345
23065346
23065357
23065373
23065383
23065384
23065385
23065473
23065576
23065577
23065578
23065580
23065581
23065583
23065584
23065585
23065587
23065589
23065590
23065591
23065650
23065663
23065785
23065786
23065787
23065788
23065789
23065790
23065791
23065792
23065793
23065794
23065824
23065825
23065826
23065827
23065828
23065832
23065833
23065834
23065835
23065836
23065837
23065838
23065902
23065903
23065904
23065905
23065906
23065928
23065999
23066000
23066001
23066002
23066003
23066004
23066005
23066006
23066007
23066112
23066126
23066127
23066128
23066129
23066130
23066131
23066132
23066133
23066134
23066135
23066136
23066137
23066138
23066139
23066140
23066141
23066147
23066148
23066149
23066150
23066151
23066152
23066153
23066154
23066155
23066156
23066157
23066158
23066159
23066160
23066162
23066166
23066412
23066413
23066414
23066415
23066416
23066417
23066418
23066419
23066420
23066421
23066422
23066423
23066424
23066425
23066426
23066536
23066537
23066538
23066539
23066541
23066548
23066549
23066550
23066552
23066563
23066564
23066565
23066566
23066567
23066568
23066569
23066599
23066600
23066601
23066602
23066603
23066604
23066605
23066606
23066607
23066608
23066613
23066614
23066615
23066616
23066617
23066618
23066619
23066620
23066621
23066622
23066623
23066624
23066625
23066627
23066628
23066629
23066630
23066631
23066632
23066633
23066634
23066636
23066642
23066643
23066658
23066679
23066680
23066681
23066682
23066705
23066712
23066713
23066714
23066717
23066739
23066790
23066849
23066899
23066963
23066964
23066965
23066966
23066967
23067110
23067145
23067149
23067150
23067151
23067152
23067153
23067154
23067156
23067161
23067162
23067165
23067167
23067168
23067169
23067175
23067176
23067181
23067183
23067190
23067192
23067193
23067194
23067195
23067240
23067267
23067269
23067278
23067281
23067282
23067283
23067284
23067285
23067286
23067287
23067290
23067291
23067300
23067301
23067302
23067303
23067339
23067341
23067404
23067405
23067406
23067407
23067408
23067409
23067410
23067411
23067412
23067413
23067414
23067415
23067416
23067417
23067418
23067419
23067420
23067421
23067422
23067423
23067424
23067524
23067525
23067526
23067527
23067528
23067529
23067530
23067531
23067532
23067533
23067534
23067535
23067536
23067537
23067538
23067539
23067540
23067541
23067652
23067653
23067654
23067900
23067901
23067902
23067903
23067904
23067905
23067906
23067907
23067908
23067909
23067910
23067911
23067912
23067913
23067914
23067915
23067916
23067917
23067918
23067919
23067920
23067921
23067922
23067923
23067924
23068084
23068085
23068086
23068087
23068088
23068295
23068296
23068297
23068298
23068299
23068300
23068301
23068302
23068303
23068304
23068564
23068565
23068612
23068771
23068773
23068774
23068775
23068778
23069213
23069247
23069359
23069360
23069361
23069362
23069363
23069364
23069365
23069366
23069367
23069368
23069369
23069370
23069578
23069579
23069580
23069581
23069582
23069583
23069584
23069585
23069586
23069595
23069596
23069597
23069598
23069599
23069624
23069648
23069652
23069664
23069817
23069818
23069819
23069820
23069821
23069822
23069823
23069824
23069825
23069826
23069827
23069828
23069829
23069831
23069833
23069835
23069845
23069846
23069848
23069849
23069850
23069851
23069864
23069901
23069910
23069949
23069950
23069951
23069952
23069955
23069957
23069959
23069960
23069961
23069962
23069967
23069968
23069971
23069972
23069973
23069974
23069975
23069976
23069977
23069979
23070047
23070076
23070124
23070125
23070148
23070217
23070228
23070237
23070252
23070273
23070383
23070384
23070385
23070386
23070387
23070388
23070389
23070390
23070391
23070392
23070393
23070394
23070395
23070396
23070406
23070407
23070409
23070411
23070412
23070414
23070415
23070417
23070486
23070487
23070488
23070489
23070491
23070492
23070495
23070501
23070503
23070543
23070544
23070545
23070546
23070547
23070548
23070549
23070550
23070555
23070556
23070557
23070558
23070657
23070658
23070666
23070667
23070668
23070669
23070670
23070671
23070672
23070673
23070674
23070675
23070676
23070677
23070678
23070679
23070680
23070681
23070684
23070733
23070743
23070799
23070812
23070813
23070814
23070815
23070816
23070856
23070944
23070945
23070958
23071126
23071132
23071145
23071146
23071147
23071148
23071149
23071150
23071152
23071153
23071154
23071155
23071156
23071159
23071163
23071164
23071165
23071166
23071167
23071170
23071171
23071172
23071173
23071176
23071177
23071178
23071179
23071189
23071193
23071194
23071201
23071202
23071203
23071204
23071205
23071206
23071207
23071208
23071209
23071210
23071211
23071212
23071213
23071214
23071215
23071246
23071253
23071254
23071255
23071256
23071277
23071278
23071279
23071280
23071281
23071282
23071283
23071284
23071285
23071286
23071287
23071288
23071289
23071290
23071291
23071292
23071293
23071297
23071298
23071299
23071300
23071301
23071302
23071303
23071304
23071305
23071306
23071308
23071309
23071310
23071312
23071313
23071315
23071316
23071317
23071319
23071320
23071321
23071322
23071323
23071324
23071325
23071326
23071327
23071328
23071329
23071331
23071332
23071333
23071334
23071335
23071337
23071338
23071339
23071340
23071341
23071342
23071362
23071367
23071368
23071369
23071371
23071374
23071375
23071377
23071848
23071989
23072025
23072026
23072027
23072028
23072029
23072030
23072031
23072032
23072033
23072034
23072035
23072036
23072037
23072038
23072042
23072053
23072054
23072055
23072056
23072057
23072058
23072059
23072060
23072061
23072062
23072063
23072074
23072075
23072076
23072077
23072078
23072079
23072080
23072081
23072082
23072083
23072084
23072085
23072086
23072087
23072088
23072089
23072090
23072091
23072092
23072093
23072094
23072095
23072096
23072097
23072098
23072099
23072100
23072101
23072102
23072103
23072104
23072105
23072106
23072107
23072108
23072109
23072110
23072111
23072112
23072113
23072114
23072115
23072116
23072117
23072118
23072119
23072120
23072121
23072122
23072123
23072124
23072125
23072180
23072181
23072182
23072183
23072184
23072185
23072186
23072187
23072188
23072189
23072190
23072191
23072192
23072193
23072205
23072206
23072207
23072208
23072209
23072210
23072223
23072261
23072282
23072284
23072285
23072286
23072305
23072323
23072327
23072385
23072432
23072628
23072639
23072670
23072671
23072678
23072753
23072759
23072782
23072840
23072841
23072885
23072888
23072889
23072904
23072915
23072948
23072949
23072950
23072951
23072952
23072953
23072954
23072955
23072956
23072960
23072961
23072962
23072963
23072964
23072965
23073156
23073157
23073158
23073159
23073160
23073161
23073162
23073208
23073209
23073265
23073288
23073320
23073321
23073322
23073323
23073324
23073325
23073326
23073327
23073328
23073329
23073330
23073345
23073347
23073352
23073396
23073466
23073467
23073473
23073477
23073549
23073554
23073555
23073556
23073625
23073626
23073627
23073628
23073629
23073630
23073631
23073632
23073633
23073634
23073674
23073675
23073676
23073678
23073761
23073762
23073763
23073764
23073767
23073843
23074048
23074049
23074050
23074063
23074064
23074065
23074201
23074202
23074203
23074204
23074205
23074206
23074208
23074209
23074210
23074211
23074212
23074213
23074214
23074244
23074245
23074246
23074247
23074248
23074250
23074251
23074252
23074253
23074255
23074256
23074325
23074328
23074329
23074330
23074331
23074344
23074717
23074744
23074745
23074749
23074750
23074751
23074752
23074753
23074754
23074755
23074756
23074757
23074758
23074759
23074760
23074761
23074762
23074763
23074764
23074765
23074766
23074767
23074768
23074798
23074799
23074801
23074802
23074803
23074804
23074806
23074807
23074808
23074819
23074820
23074821
23074822
23074823
23074824
23074825
23074826
23074827
23074828
23074829
23074830
23074831
23074832
23074833
23074834
23074835
23074836
23074837
23074838
23074839
23074840
23074862
23074863
23074864
23074865
23074866
23074867
23074868
23074869
23074870
23074871
23074975
23074976
23074977
23074978
23074979
23074980
23074981
23074982
23074983
23075001
23075006
23075087
23075120
23075127
23075134
23075142
23075143
23075208
23075209
23075253
23075254
23075255
23075256
23075277
23075294
23075299
23075329
23075332
23075333
23075334
23075469
23075470
23075509
23075548
23075549
23075633
23075772
23075773
23075774
23075775
23075776
23075777
23075778
23075845
23075848
23075849
23075850
23075851
23075852
23075853
23075885
23075886
23075887
23075888
23075889
23075890
23075891
23075892
23075893
23075894
23075895
23075896
23075897
23075898
23075899
23075900
23075901
23075902
23075903
23075905
23075943
23075954
23075955
23075956
23075957
23075958
23075961
23075962
23075963
23075965
23075966
23075970
23075972
23075974
23075976
23075983
23075985
23075989
23076023
23076090
23076091
23076092
23076093
23076094
23076127
23076218
23076219
23076220
23076222
23076223
23076224
23076225
23076226
23076227
23076229
23076230
23076234
23076235
23076236
23076239
23076269
23076302
23076306
23076311
23076312
23076313
23076315
23076317
23076319
23076320
23076321
23076322
23076323
23076325
23076465
23076466
23076477
23076478
23076480
23076481
23076484
23076485
23076486
23076487
23076488
23076489
23076491
23076616
23076617
23076618
23076619
23076665
23076666
23076667
23076668
23076669
23076670
23076671
23076810
23076824
23076882
23076883
23076884
23076885
23076886
23076887
23076888
23076889
23076890
23076891
23076892
23076893
23076894
23076895
23076896
23076897
23076898
23076899
23076900
23076901
23076902
23076903
23076904
23076905
23076906
23076907
23076908
23076909
23076910
23076911
23076912
23076913
23076914
23076915
23076916
23076917
23076918
23076919
23076920
23076921
23076922
23076923
23076924
23076925
23076926
23076927
23076928
23076929
23076930
23076931
23076932
23076933
23076934
23076935
23076936
23076937
23076938
23076939
23076940
23076941
23076942
23076943
23076944
23076945
23076946
23076947
23076948
23076949
23076950
23076951
23076952
23076953
23076954
23076955
23076956
23076957
23076958
23076959
23076960
23076961
23076962
23076968
23076974
23077007
23077008
23077009
23077010
23077012
23077013
23077014
23077015
23077016
23077017
23077018
23077019
23077021
23077024
23077025
23077026
23077033
23077034
23077035
23077036
23077037
23077038
23077039
23077040
23077041
23077042
23077043
23077044
23077045
23077046
23077047
23077048
23077049
23077050
23077051
23077052
23077053
23077054
23077055
23077056
23077057
23077058
23077059
23077060
23077061
23077062
23077063
23077064
23077065
23077066
23077067
23077068
23077074
23077075
23077076
23077134
23077140
23077141
23077142
23077152
23077208
23077221
23077222
23077225
23077227
23077229
23077238
23077239
23077240
23077243
23077244
23077247
23077249
23077250
23077252
23077253
23077255
23077256
23077257
23077284
23077285
23077286
23077290
23077322
23077323
23077324
23077325
23077326
23077327
23077328
23077329
23077330
23077331
23077332
23077333
23077338
23077339
23077340
23077341
23077342
23077343
23077344
23077347
23077349
23077350
23077351
23077352
23077353
23077365
23077366
23077367
23077368
23077369
23077370
23077371
23077372
23077400
23077401
23077402
23077403
23077404
23077405
23077406
23077407
23077736
23077739
23077746
23077749
23077750
23077777
23077778
23077779
23077780
23077781
23077792
23077793
23077794
23077795
23077796
23077797
23077798
23077799
23077800
23077801
23077862
23077863
23077864
23077865
23077866
23077867
23077868
23077869
23077870
23077871
23077872
23077873
23077874
23077875
23077876
23077877
23077878
23077879
23077880
23077881
23077882
23077883
23077884
23077885
23077886
23077887
23077888
23077889
23077890
23077891
23077892
23077893
23077894
23077895
23077896
23077897
23077898
23077899
23077900
23077901
23077902
23077903
23077904
23077905
23077906
23077907
23077908
23077909
23077910
23077911
23077912
23077913
23077914
23077915
23077916
23077917
23077918
23077919
23077920
23077921
23077922
23077923
23077924
23077925
23077926
23077927
23077928
23077929
23077930
23077931
23077932
23077933
23077934
23077935
23077936
23077937
23077938
23077939
23077940
23077941
23077942
23077943
23077944
23077945
23077946
23077947
23077948
23077949
23077950
23077951
23077952
23077953
23077954
23077955
23077956
23077957
23077958
23077959
23077960
23077961
23077962
23077963
23077964
23077965
23077966
23077967
23078004
23078090
23078221
23078222
23078223
23078224
23078225
23078226
23078227
23078228
23078252
23078253
23078254
23078255
23078256
23078257
23078258
23078268
23078336
23078375
23078379
23078461
23078463
23078464
23078466
23078467
23078471
23078472
23078473
23078475
23078476
23078477
23078478
23078479
23078480
23078481
23078482
23078483
23078484
23078485
23078486
23078487
23078488
23078489
23078490
23078491
23078492
23078493
23078494
23078495
23078497
23078499
23078500
23078501
23078502
23078503
23078505
23078506
23078507
23078508
23078509
23078510
23078516
23078538
23078576
23078589
23078602
23078747
23078748
23078764
23078765
23078766
23078767
23078768
23078769
23078794
23078806
23078818
23078819
23078821
23078822
23078823
23078824
23078825
23078826
23078827
23078828
23078829
23078893
23078896
23078897
23078898
23078899
23078915
23078916
23078956
23078961
23078962
23078963
23078964
23078993
23078996
23078997
23079007
23079008
23079010
23079025
23079026
23079027
23079028
23079029
23079037
23079052
23079118
23079123
23079240
23079507
23079531
23079532
23079548
23079551
23079552
23079554
23079555
23079556
23079557
23079560
23079588
23079606
23079607
23079654
23079655
23079656
23079657
23079658
23079659
23079660
23079661
23079662
23079663
23079664
23079701
23079788
23079874
23079875
23079876
23079877
23079878
23079879
23079880
23079881
23079882
23079883
23079884
23079885
23079886
23079964
23080001
23080003
23080036
23080037
23080038
23080039
23080040
23080041
23080042
23080043
23080044
23080192
23080193
23080204
23080230
23080337
23080338
23080391
23080412
23080415
23080416
23080437
23080516
23080517
23080543
23081689
23081690
23081975
23081976
23081978
23081980
23081981
23081984
23081985
23081986
23081989
23081990
23082075
23082308
23082310
23082311
23082312
23082321
23082322
23082323
23082324
23082325
23082330
23082331
23082332
23082380
23082381
23082382
23082383
23082384
23082385
23082386
23082387
23082388
23082389
23082390
23082391
23082392
23082411
23082412
23082413
23082414
23082415
23082416
23082417
23082418
23082419
23082420
23082421
23082422
23082423
23082424
23082425
23082426
23082427
23082428
23082429
23082430
23082431
23082432
23082433
23082434
23082435
23082436
23082439
23082440
23082441
23082442
23082443
23082444
23082445
23082446
23082447
23082448
23082449
23082450
23082451
23082452
23082453
23082454
23082455
23082456
23082457
23082458
23082459
23082460
23082461
23082462
23082463
23082464
23082482
23082483
23082484
23082485
23082486
23082487
23082488
23082489
23082490
23082491
23082492
23082493
23082500
23082501
23082502
23082503
23082504
23082505
23082506
23082507
23082508
23082509
23082510
23082511
23082512
23082513
23082514
23082515
23082516
23082517
23082518
23082519
23082520
23082521
23082522
23082523
23082524
23082525
23082526
23082527
23082528
23082529
23082530
23082531
23082532
23082533
23082534
23082535
23082536
23082537
23082538
23082539
23082540
23082541
23082542
23082543
23082544
23082545
23082546
23082547
23082548
23082549
23082550
23082551
23082552
23082553
23082554
23082555
23082556
23082557
23082558
23082559
23082560
23082561
23082562
23082563
23082564
23082565
23082566
23082567
23082568
23082569
23082570
23082571
23082572
23082573
23082574
23082575
23082576
23082577
23082578
23082579
23082580
23082581
23082582
23082583
23082584
23082585
23082586
23082587
23082588
23082589
23082590
23082591
23082592
23082593
23082594
23082595
23082596
23082597
23082598
23082599
23082600
23082601
23082602
23082609
23082611
23082612
23082613
23082614
23082615
23082616
23082617
23082618
23082619
23082620
23082621
23082622
23082623
23082624
23082720
23082766
23082822
23082958
23083000
23083243
23083245
23083246
23083249
23083262
23083290
23083292
23083311
23083321
23083325
23083433
23083434
23083435
23083436
23083437
23083627
23083643
23083647
23083648
23083649
23083650
23083651
23083652
23083653
23083654
23083655
23083656
23083657
23083660
23083664
23083666
23083667
23083668
23083671
23083676
23083731
23083732
23083733
23083734
23083735
23083736
23083737
23083738
23083739
23083740
23083741
23083742
23083743
23083744
23083745
23083772
23083773
23083774
23083779
23083780
23083781
23083782
23083783
23083784
23083785
23083786
23083787
23083790
23083862
23083889
23083912
23083926
23083927
23083968
23084007
23084008
23084009
23084011
23084031
23084086
23084263
23084290
23084291
23084292
23084333
23084334
23084335
23084336
23084357
23084358
23084359
23084400
23084401
23084408
23084409
23084412
23084417
23084481
23084492
23084493
23084522
23084523
23084524
23084525
23084526
23084527
23084528
23084529
23084530
23084531
23084532
23084533
23084534
23084535
23084780
23084821
23084872
23084873
23084874
23084926
23084927
23084928
23084973
23084987
23085019
23085020
23085065
23085066
23085193
23085235
23085237
23085272
23085274
23085275
23085276
23085320
23085321
23085337
23085338
23085393
23085412
23085413
23085557
23085558
23085608
23085631
23085633
23085635
23085703
23085704
23085705
23085706
23085707
23085713
23085714
23085715
23085716
23085784
23085785
23085786
23085872
23085873
23085876
23085880
23085897
23085988
23086040
23086057
23086058
23086059
23086060
23086061
23086062
23086063
23086065
23086066
23086067
23086068
23086069
23086070
23086071
23086072
23086073
23086113
23086121
23086143
23086144
23086145
23086146
23086147
23086149
23086150
23086164
23086214
23086237
23086238
23086239
23086283
23086284
23086285
23086334
23086335
23086336
23086404
23086447
23086448
23086495
23086624
23086626
23086676
23086677
23086678
23086742
23086764
23086765
23086766
23086767
23086768
23086769
23086770
23086771
23086772
23086773
23086774
23086775
23086776
23086863
23086905
23086906
23086907
23086908
23086909
23086914
23086923
23086959
23086960
23086961
23086962
23086963
23086964
23086971
23086986
23086996
23086998
23086999
23087000
23087001
23087025
23087059
23087061
23087062
23087063
23087064
23087065
23087066
23087067
23087068
23087069
23087072
23087073
23087074
23087077
23087104
23087105
23087106
23087107
23087108
23087109
23087110
23087111
23087112
23087113
23087114
23087115
23087116
23087117
23087118
23087119
23087120
23087121
23087122
23087123
23087124
23087125
23087171
23087172
23087173
23087174
23087175
23087176
23087356
23087357
23087358
23087359
23087360
23087361
23087362
23087363
23087364
23087403
23087404
23087405
23087406
23087407
23087415
23087425
23087426
23087430
23087916
23087917
23087926
23087927
23087928
23087929
23087930
23087931
23087932
23087933
23087934
23087935
23087936
23087937
23087959
23087960
23087961
23087962
23087963
23087964
23087965
23087966
23087967
23087968
23087969
23087970
23087971
23087972
23087973
23087974
23087975
23087977
23087978
23087979
23087980
23087981
23087982
23087983
23087984
23087985
23087986
23087987
23087988
23087989
23087990
23087998
23087999
23088000
23088001
23088002
23088003
23088004
23088005
23088006
23088007
23088008
23088009
23088010
23088011
23088012
23088013
23088014
23088015
23088016
23088034
23088035
23088036
23088037
23088038
23088039
23088040
23088041
23088044
23088045
23088046
23088047
23088048
23088049
23088068
23088069
23088070
23088071
23088072
23088073
23088074
23088075
23088076
23088077
23088094
23088095
23088096
23088097
23088098
23088099
23088100
23088101
23088102
23088103
23088104
23088105
23088106
23088107
23088108
23088109
23088110
23088111
23088112
23088113
23088114
23088115
23088116
23088117
23088118
23088119
23088120
23088121
23088122
23088123
23088124
23088125
23088126
23088127
23088128
23088129
23088130
23088131
23088132
23088133
23088134
23088135
23088136
23088137
23088138
23088139
23088140
23088141
23088142
23088143
23088144
23088145
23088146
23088147
23088148
23088149
23088150
23088151
23088152
23088153
23088154
23088292
23088330
23088331
23088364
23088391
23088392
23088447
23088469
23088470
23088471
23088472
23088473
23088474
23088475
23088476
23088477
23088478
23088479
23088480
23088482
23088483
23088484
23088485
23088486
23088492
23088534
23088609
23088707
23088746
23088861
23089056
23089057
23089058
23089059
23089067
23089068
23089069
23089070
23089088
23089089
23089092
23089094
23089101
23089102
23089103
23089149
23089150
23089151
23089167
23089168
23089169
23089170
23089171
23089177
23089178
23089179
23089180
23089181
23089222
23089334
23089336
23089338
23089351
23089352
23089353
23089354
23089355
23089394
23089395
23089396
23089397
23089398
23089411
23089412
23089413
23089414
23089415
23089416
23089417
23089418
23089419
23089420
23089421
23089422
23089423
23089424
23089425
23089426
23089427
23089428
23089429
23089430
23089431
23089432
23089433
23089434
23089435
23089436
23089437
23089438
23089439
23089440
23089441
23089442
23089443
23089444
23089445
23089446
23089447
23089448
23089449
23089450
23089451
23089452
23089454
23089455
23089495
23089531
23089532
23089539
23089561
23089562
23089603
23089607
23089611
23089612
23089682
23089683
23089723
23089724
23089725
23089726
23089727
23089769
23089773
23089777
23089793
23089794
23089852
23089861
23089863
23089864
23089865
23089866
23089868
23089870
23089968
23089969
23089970
23089971
23089972
23089973
23089974
23089975
23089995
23090118
23090119
23090120
23090257
23090262
23090263
23090264
23090265
23090266
23090267
23090268
23090269
23090270
23090271
23090272
23090273
23090274
23090275
23090276
23090277
23090335
23090336
23090337
23090338
23090339
23090340
23090342
23090343
23090344
23090346
23090347
23090348
23090349
23090414
23090426
23090431
23090442
23090592
23090593
23090594
23090595
23090596
23090597
23090598
23090599
23090600
23090601
23090602
23090627
23090628
23090657
23090867
23090887
23090888
23090889
23090988
23090989
23090990
23090991
23090992
23090993
23090995
23090996
23090997
23090998
23090999
23091000
23091002
23091003
23091004
23091006
23091007
23091009
23091010
23091011
23091012
23091013
23091014
23091016
23091017
23091018
23091020
23091021
23091022
23091023
23091024
23091025
23091026
23091027
23091028
23091029
23091030
23091031
23091032
23091033
23091034
23091035
23091036
23091037
23091038
23091039
23091040
23091041
23091043
23091063
23091064
23091065
23091066
23091067
23091068
23091069
23091070
23091071
23091072
23091073
23091074
23091075
23091076
23091077
23091079
23091080
23091081
23091084
23091085
23091086
23091087
23091088
23091090
23091119
23091120
23091121
23091122
23091125
23091126
23091127
23091128
23091129
23091130
23091131
23091132
23091133
23091134
23091135
23091136
23091137
23091138
23091139
23091140
23091141
23091142
23091143
23091144
23091145
23091146
23091147
23091148
23091149
23091150
23091151
23091152
23091153
23091154
23091155
23091156
23091157
23091158
23091159
23091160
23091163
23091164
23091165
23091177
23091178
23091183
23091185
23091186
23091187
23091198
23091216
23091263
23091264
23091273
23091287
23091288
23091289
23091290
23091291
23091292
23091293
23091294
23091342
23091343
23091344
23091345
23091346
23091347
23091348
23091349
23091350
23091351
23091352
23091353
23091354
23091355
23091356
23091357
23091358
23091359
23091360
23091361
23091362
23091363
23091364
23091365
23091366
23091367
23091368
23091651
23091837
23091873
23091879
23091880
23091881
23091882
23091883
23091884
23091885
23091886
23091887
23091912
23091913
23091914
23091915
23091916
23091917
23091918
23091919
23091920
23091921
23091922
23091923
23091924
23091925
23091926
23091927
23091928
23091929
23091930
23091932
23091933
23091934
23091935
23091936
23091937
23091938
23091939
23091940
23091941
23091942
23091943
23091944
23091945
23091946
23091947
23091948
23091949
23091950
23091951
23091952
23091953
23091954
23091955
23091956
23091957
23091958
23091959
23091960
23091962
23091963
23091974
23091975
23091976
23091977
23091978
23091979
23091980
23091981
23091982
23091983
23091984
23091985
23091986
23091987
23091988
23091989
23091990
23091991
23091992
23091993
23091994
23091995
23091996
23091997
23091998
23091999
23092009
23092010
23092011
23092012
23092013
23092014
23092015
23092016
23092017
23092018
23092019
23092020
23092021
23092022
23092023
23092024
23092025
23092026
23092027
23092028
23092029
23092030
23092031
23092032
23092033
23092034
23092035
23092036
23092037
23092038
23092039
23092040
23092041
23092042
23092043
23092044
23092045
23092046
23092047
23092048
23092049
23092050
23092051
23092052
23092053
23092054
23092055
23092056
23092057
23092058
23092059
23092060
23092061
23092062
23092063
23092064
23092065
23092066
23092067
23092068
23092069
23092074
23092075
23092076
23092077
23092078
23092080
23092081
23092082
23092083
23092084
23092085
23092090
23092091
23092092
23092093
23092094
23092095
23092096
23092097
23092098
23092099
23092100
23092101
23092102
23092103
23092104
23092105
23092106
23092107
23092108
23092109
23092155
23092211
23092403
23092442
23092556
23092557
23092598
23092793
23092794
23092795
23092802
23092803
23092807
23092808
23092810
23092816
23092855
23092882
23092898
23092899
23092900
23092901
23092902
23092903
23092922
23092924
23092925
23092939
23092942
23092959
23092960
23092970
23092972
23092973
23092974
23092998
23092999
23093025
23093026
23093027
23093028
23093039
23093064
23093073
23093090
23093109
23093112
23093178
23093202
23093249
23093300
23093316
23093317
23093318
23093325
23093363
23093375
23093395
23093396
23093397
23093398
23093399
23093400
23093420
23093421
23093422
23093423
23093424
23093425
23093426
23093427
23093560
23093580
23093586
23093587
23093655
23093656
23093657
23093658
23093667
23093669
23093671
23093672
23093673
23093675
23093676
23093677
23093702
23093703
23093705
23093707
23093709
23093724
23093738
23093773
23093774
23093775
23093776
23093777
23093778
23093779
23093780
23093781
23093782
23093834
23093835
23093836
23093837
23093838
23093839
23093840
23093841
23093842
23093843
23093844
23093845
23093846
23093847
23093848
23093849
23093850
23093851
23093852
23093853
23093854
23093855
23093856
23093857
23093858
23093859
23093860
23093861
23093862
23093863
23093864
23093865
23093867
23093868
23093901
23093953
23093954
23094277
23094297
23094298
23094299
23094300
23094301
23094303
23094304
23094317
23094318
23094319
23094320
23094321
23094322
23094323
23094329
23094330
23094331
23094332
23094333
23094334
23094335
23094336
23094345
23094346
23094347
23094349
23094351
23094352
23094353
23094354
23094355
23094356
23094357
23094358
23094359
23094360
23094361
23094362
23094363
23094364
23094365
23094367
23094368
23094369
23094370
23094371
23094372
23094373
23094374
23094375
23094376
23094377
23094378
23094379
23094380
23094381
23094382
23094383
23094384
23094385
23094386
23094387
23094388
23094389
23094390
23094391
23094392
23094403
23094405
23094406
23094407
23094408
23094409
23094410
23094412
23094413
23094414
23094415
23094416
23094417
23094418
23094419
23094420
23094421
23094422
23094423
23094424
23094425
23094426
23094427
23094428
23094429
23094430
23094431
23094432
23094433
23094434
23094435
23094436
23094437
23094438
23094439
23094440
23094441
23094442
23094443
23094444
23094454
23094455
23094456
23094457
23094458
23094459
23094460
23094461
23094462
23094463
23094464
23094465
23094466
23094467
23094468
23094469
23094470
23094471
23094472
23094473
23094474
23094475
23094476
23094477
23094478
23094479
23094481
23094482
23094483
23094484
23094485
23094486
23094487
23094488
23094489
23094490
23094491
23094492
23094493
23094494
23094495
23094496
23094497
23094498
23094499
23094500
23094501
23094502
23094503
23094504
23094505
23094506
23094507
23094508
23094528
23094529
23094530
23094531
23094532
23094533
23094534
23094535
23094536
23094537
23094538
23094539
23094540
23094541
23094542
23094543
23094544
23094545
23094546
23094547
23094548
23094578
23094579
23094580
23094581
23094582
23094583
23094584
23094585
23094586
23094673
23094764
23094765
23094766
23094767
23094768
23094769
23094770
23094771
23094772
23094773
23094774
23094775
23094776
23094777
23094778
23094779
23094780
23094836
23094873
23094893
23094894
23094895
23094896
23094897
23094898
23094899
23094900
23094901
23094902
23094903
23094904
23094905
23094906
23094966
23094979
23095117
23095136
23095149
23095150
23095151
23095152
23095153
23095154
23095155
23095156
23095157
23095158
23095159
23095160
23095161
23095162
23095169
23095280
23095282
23095311
23095318
23095365
23095441
23095442
23095443
23095444
23095456
23095477
23095478
23095480
23095481
23095482
23095483
23095484
23095485
23095508
23095608
23095609
23095610
23095611
23095612
23095613
23095614
23095615
23095616
23095617
23095618
23095619
23095620
23095621
23095622
23095623
23095624
23095625
23095626
23095627
23095628
23095629
23095630
23095631
23095632
23095649
23095650
23095651
23095652
23095653
23095654
23095655
23095656
23095667
23095681
23095689
23095690
23095691
23095692
23095693
23095694
23095761
23095805
23095840
23095846
23095847
23095848
23095849
23095859
23095882
23095883
23095884
23095885
23095886
23095887
23095888
23095889
23095890
23095891
23095915
23095934
23095935
23095936
23095951
23095953
23095954
23095955
23096016
23096165
23096166
23096167
23096168
23096169
23096170
23096171
23096172
23096173
23096174
23096175
23096176
23096177
23096178
23096179
23096180
23096181
23096182
23096183
23096184
23096185
23096186
23096187
23096188
23096189
23096190
23096191
23096192
23096193
23096194
23096195
23096196
23096197
23096198
23096199
23096200
23096201
23096202
23096203
23096204
23096205
23096206
23096207
23096208
23096209
23096210
23096211
23096212
23096213
23096214
23096217
23096433
23096499
23096598
23096600
23096601
23096602
23096603
23096604
23096605
23096606
23096607
23096609
23096610
23096611
23096613
23096614
23096615
23096618
23096619
23096620
23096621
23096622
23096623
23096624
23096625
23096627
23096634
23096651
23096652
23096653
23096654
23096655
23096656
23096657
23096658
23096958
23096960
23096962
23096964
23096966
23096968
23096969
23096970
23096971
23096972
23096974
23096976
23096977
23096978
23096979
23096981
23096982
23096983
23096984
23096987
23096989
23096990
23096992
23096993
23096994
23097005
23097016
23097140
23097161
23097163
23097164
23097165
23097166
23097167
23097168
23097169
23097170
23097171
23097172
23097173
23097174
23097255
23097256
23097257
23097258
23097267
23097268
23097270
23097271
23097272
23097422
23097423
23097424
23097425
23097426
23097427
23097428
23097429
23097430
23097521
23097522
23097525
23097531
23097532
23097533
23097534
23097535
23097536
23097541
23097542
23097543
23097544
23097545
23097546
23097547
23097548
23097549
23097550
23097551
23097552
23097553
23097554
23097555
23097556
23097557
23097558
23097596
23097597
23097598
23097599
23097601
23097602
23097603
23097604
23097605
23097606
23097607
23097608
23097609
23097610
23097681
23097682
23097752
23097755
23097756
23097757
23097769
23097770
23097771
23097772
23097775
23097790
23097792
23097793
23097794
23097795
23097796
23097797
23097798
23097821
23097822
23097823
23097825
23097826
23097827
23097828
23097829
23097830
23097831
23097832
23097833
23097834
23097835
23097836
23097837
23097838
23097839
23097840
23097841
23097842
23097843
23097844
23097845
23097846
23097847
23097848
23097849
23097850
23097851
23097852
23097853
23097855
23097856
23097857
23097858
23097859
23097860
23097861
23097863
23097864
23097865
23097866
23097867
23097868
23097869
23097895
23097896
23097897
23097898
23097899
23097900
23097901
23097902
23097903
23097904
23097905
23097906
23097907
23097908
23097909
23097911
23097912
23097913
23097914
23097915
23097916
23097917
23097924
23097925
23097926
23097927
23097928
23097929
23097930
23097931
23097932
23097933
23097934
23097935
23097936
23097937
23097938
23097940
23097941
23097942
23097943
23097944
23097945
23097946
23097947
23097948
23097949
23097950
23097951
23097952
23097953
23097954
23097955
23097956
23097957
23097958
23097959
23097960
23097961
23097962
23097963
23097964
23097965
23097966
23097967
23097968
23097969
23097970
23097971
23097972
23097973
23097974
23097975
23097976
23097977
23097978
23097979
23097980
23097981
23097982
23097983
23097984
23097985
23097986
23097987
23097988
23097989
23097990
23097991
23097992
23097993
23097994
23097995
23097996
23097997
23097998
23097999
23098000
23098001
23098002
23098003
23098004
23098005
23098006
23098007
23098008
23098009
23098011
23098012
23098013
23098014
23098015
23098016
23098017
23098018
23098031
23098073
23098167
23098332
23098392
23098393
23098394
23098395
23098396
23098397
23098398
23098399
23098400
23098401
23098402
23098403
23098404
23098405
23098406
23098407
23098412
23098613
23098665
23098754
23098756
23098757
23098758
23098759
23098783
23098784
23098785
23098786
23098836
23098941
23098947
23098948
23098949
23098950
23098951
23098952
23098953
23098954
23098955
23098956
23098957
23098958
23098959
23098960
23098961
23098962
23098963
23098964
23098965
23098966
23098967
23098972
23098981
23098982
23098983
23098984
23098985
23098986
23098987
23098988
23098989
23098990
23099040
23099070
23099071
23099080
23099081
23099082
23099083
23099112
23099215
23099216
23099219
23099334
23099362
23099363
23099364
23099365
23099376
23099377
23099378
23099379
23099380
23099381
23099382
23099383
23099394
23099395
23099396
23099397
23099399
23099400
23099408
23099483
23099488
23099489
23099490
23099491
23099493
23099494
23099495
23099566
23099567
23099568
23099569
23099570
23099571
23099572
23099574
23099577
23099579
23099587
23099588
23099589
23099590
23099663
23099823
23099926
23099927
23099928
23099929
23099930
23099931
23099932
23099933
23099934
23099935
23099936
23099937
23099938
23099939
23099940
23099941
23099942
23099943
23099944
23099945
23099946
23099947
23099948
23099949
23099950
23099951
23099952
23099953
23099954
23099955
23099956
23099957
23099958
23099959
23099960
23099961
23099962
23099997
23099998
23099999
23100000
23100001
23100002
23100003
23100004
23100005
23100006
23100245
23100246
23100247
23100248
23100249
23100304
23100305
23100306
23100307
23100329
23100330
23100331
23100332
23100333
23100371
23100372
23100373
23100374
23100377
23100378
23100396
23100397
23100398
23100399
23100401
23100402
23100404
