23100408
23100409
23100410
23100411
23100412
23100413
23100414
23100415
23100416
23100417
23100418
23100419
23100420
23100421
23100422
23100423
23100424
23100425
23100426
23100427
23100428
23100429
23100430
23100431
23100432
23100433
23100434
23100435
23100436
23100437
23100438
23100439
23100440
23100441
23100442
23100443
23100485
23100486
23100487
23100488
23100489
23100511
23100512
23100513
23100514
23100515
23100516
23100517
23100518
23100519
23100531
23100532
23100533
23100534
23100535
23100538
23100539
23100603
23100610
23100611
23100612
23101033
23101034
23101035
23101036
23101037
23101038
23101039
23101040
23101041
23101042
23101043
23101044
23101045
23101115
23101120
23101121
23101122
23101124
23101125
23101126
23101127
23101128
23101129
23101130
23101131
23101133
23101134
23101135
23101136
23101137
23101138
23101139
23101140
23101141
23101142
23101143
23101144
23101145
23101146
23101147
23101148
23101149
23101150
23101151
23101152
23101153
23101154
23101155
23101156
23101157
23101158
23101160
23101161
23101162
23101163
23101164
23101165
23101166
23101167
23101168
23101169
23101171
23101172
23101173
23101174
23101182
23101183
23101184
23101185
23101186
23101187
23101188
23101189
23101190
23101191
23101192
23101193
23101194
23101195
23101196
23101197
23101198
23101199
23101200
23101201
23101202
23101203
23101204
23101205
23101206
23101207
23101208
23101209
23101210
23101211
23101212
23101213
23101214
23101215
23101216
23101217
23101218
23101219
23101220
23101221
23101222
23101223
23101224
23101225
23101226
23101227
23101228
23101229
23101230
23101231
23101232
23101233
23101234
23101235
23101236
23101237
23101238
23101239
23101240
23101241
23101242
23101243
23101244
23101245
23101246
23101247
23101248
23101249
23101250
23101251
23101252
23101253
23101254
23101255
23101256
23101257
23101258
23101259
23101260
23101261
23101262
23101263
23101264
23101265
23101266
23101267
23101268
23101269
23101270
23101271
23101272
23101273
23101274
23101275
23101276
23101277
23101278
23101279
23101280
23101281
23101282
23101283
23101284
23101285
23101286
23101287
23101288
23101289
23101290
23101291
23101292
23101293
23101294
23101295
23101296
23101297
23101298
23101299
23101300
23101301
23101302
23101303
23101304
23101305
23101306
23101307
23101308
23101309
23101310
23101311
23101312
23101313
23101314
23101315
23101316
23101317
23101318
23101319
23101320
23101321
23101322
23101323
23101324
23101325
23101331
23101332
23101344
23101345
23101346
23101347
23101348
23101349
23101350
23101351
23101352
23101353
23101354
23101355
23101356
23101357
23101358
23101359
23101360
23101361
23101362
23101363
23101364
23101365
23101366
23101367
23101368
23101369
23101370
23101371
23101372
23101373
23101374
23101375
23101376
23101377
23101378
23101379
23101380
23101381
23101382
23101398
23101399
23101400
23101401
23101402
23101403
23101404
23101405
23101406
23101407
23101408
23101409
23101410
23101411
23101412
23101413
23101414
23101415
23101416
23101417
23101418
23101419
23101420
23101423
23101424
23101425
23101426
23101427
23101500
23101546
23101547
23101548
23101549
23101550
23101551
23101552
23101553
23101555
23101569
23101586
23101617
23101621
23101622
23101623
23101624
23101625
23101626
23101627
23101628
23101629
23101630
23101631
23101632
23101633
23101634
23101698
23101699
23101700
23101701
23101702
23101704
23101717
23101718
23101719
23101720
23101724
23101763
23101866
23101867
23101868
23101869
23101870
23101871
23101872
23101873
23101874
23101889
23101891
23101893
23101894
23101906
23101907
23102008
23102099
23102130
23102131
23102133
23102134
23102135
23102168
23102169
23102170
23102171
23102173
23102174
23102175
23102176
23102177
23102178
23102179
23102180
23102181
23102182
23102183
23102184
23102186
23102187
23102188
23102192
23102193
23102194
23102195
23102196
23102197
23102198
23102199
23102200
23102202
23102276
23102370
23102372
23102373
23102408
23102415
23102416
23102417
23102418
23102419
23102420
23102421
23102422
23102423
23102424
23102425
23102458
23102459
23102460
23102461
23102462
23102463
23102464
23102465
23102466
23102467
23102468
23102469
23102470
23102471
23102472
23102476
23102477
23102478
23102479
23102480
23102481
23102482
23102483
23102484
23102485
23102486
23102487
23102495
23102520
23102580
23102581
23102585
23102631
23102635
23102636
23102677
23102678
23102679
23102680
23102813
23102853
23102902
23102917
23103000
23103001
23103003
23103007
23103010
23103028
23103029
23103035
23103037
23103039
23103040
23103041
23103042
23103044
23103045
23103089
23103114
23103132
23103226
23103227
23103228
23103229
23103230
23103231
23103232
23103233
23103369
23103370
23103432
23103479
23103480
23103481
23103482
23103483
23103484
23103485
23103486
23103487
23103584
23103585
23103586
23103632
23103723
23103738
23103739
23103740
23103741
23103742
23103743
23103744
23103745
23103763
23103765
23103766
23103767
23103768
23103828
23103829
23103831
23103832
23103848
23103849
23103850
23103851
23103852
23103853
23103854
23103862
23103863
23103864
23103865
23103868
23103869
23103871
23103872
23103873
23103876
23103910
23103911
23103912
23103917
23103918
23103919
23103920
23103921
23103922
23103923
23103924
23103925
23103926
23103927
23103963
23103964
23103965
23103968
23104002
23104042
23104095
23104096
23104097
23104210
23104211
23104212
23104214
23104215
23104218
23104261
23104321
23104323
23104324
23104519
23104520
23104521
23104589
23104647
23104648
23104649
23104650
23104651
23104652
23104653
23104654
23104655
23104656
23104657
23104658
23104659
23104660
23104661
23104662
23104663
23104664
23104665
23104730
23104774
23104775
23104776
23104777
23104778
23104783
23104785
23104786
23104788
23104789
23104791
23104820
23104821
23104822
23104823
23104824
23104835
23104836
23104837
23104846
23104850
23104856
23104877
23104878
23104879
23104880
23104938
23104939
23104940
23104941
23104943
23104944
23104945
23104946
23104947
23104948
23104957
23104960
23104961
23104964
23104998
23104999
23105000
23105001
23105002
23105004
23105005
23105043
23105046
23105047
23105048
23105049
23105050
23105051
23105052
23105053
23105054
23105055
23105056
23105057
23105058
23105059
23105060
23105061
23105062
23105063
23105064
23105065
23105066
23105067
23105068
23105069
23105070
23105071
23105072
23105073
23105074
23105075
23105076
23105077
23105078
23105079
23105080
23105081
23105082
23105083
23105084
23105085
23105086
23105087
23105088
23105089
23105090
23105091
23105092
23105134
23105135
23105136
23105137
23105138
23105139
23105140
23105141
23105142
23105143
23106059
23106060
23106061
23106062
23106064
23106065
23106066
23106067
23106068
23106069
23106070
23106071
23106075
23106076
23106077
23106078
23106079
23106080
23106081
23106082
23106083
23106084
23106085
23106086
23106088
23106089
23106095
23106145
23106217
23106263
23106297
23106298
23106299
23106300
23106301
23106302
23106306
23106307
23106342
23106393
23106396
23106432
23106474
23106524
23106577
23106578
23106579
23106580
23106581
23106582
23106583
23106584
23106585
23106586
23106587
23106588
23106589
23106590
23106591
23106592
23106764
23106784
23106836
23106837
23106838
23106839
23106840
23106841
23106853
23106859
23107079
23107080
23107081
23107082
23107083
23107161
23107225
23107252
23107254
23107255
23107256
23107257
23107258
23107259
23107260
23107261
23107262
23107263
23107264
23107281
23107301
23107312
23107337
23107367
23107387
23107393
23107396
23107397
23107398
23107399
23107400
23107401
23107402
23107403
23107414
23107415
23107416
23107520
23107521
23107522
23107523
23107524
23107525
23107526
23107527
23107528
23107529
23107530
23107531
23107532
23107533
23107534
23107535
23107536
23107537
23107538
23107539
23107540
23107541
23107542
23107543
23107544
23107545
23107546
23107547
23107548
23107549
23107550
23107551
23107552
23107553
23107630
23107631
23107632
23107633
23107634
23107635
23107636
23107637
23107638
23107641
23107761
23107762
23107764
23107765
23107767
23107768
23107769
23107770
23107771
23107835
23107900
23107901
23107902
23107903
23107904
23107905
23107906
23107907
23107908
23107912
23108003
23108004
23108023
23108046
23108048
23108049
23108050
23108051
23108052
23108090
23108091
23108108
23108124
23108125
23108126
23108127
23108128
23108129
23108130
23108385
23108696
23108881
23108883
23108884
23108885
23109004
23109005
23109006
23109007
23109008
23109009
23109010
23109011
23109012
23109013
23109014
23109015
23109016
23109017
23109018
23109019
23109020
23109021
23109117
23109142
23109143
23109144
23109145
23109146
23109147
23109148
23109149
23109150
23109151
23109152
23109153
23109154
23109155
23109159
23109160
23109161
23109162
23109164
23109166
23109167
23109326
23109327
23109328
23109329
23109330
23109347
23109357
23109366
23109385
23109404
23109436
23109468
23109472
23109477
23109478
23109480
23109481
23109482
23109483
23109484
23109485
23109488
23109493
23109501
23109508
23109513
23109514
23109515
23109516
23109517
23109518
23109606
23109610
23109612
23109615
23109652
23109653
23109654
23109657
23109658
23109660
23109661
23109664
23109665
23109666
23109667
23109669
23109670
23109676
23109677
23109679
23109680
23109681
23109682
23109683
23109684
23109685
23109709
23109710
23109711
23109722
23109723
23109724
23109725
23109726
23109727
23109728
23110259
23110260
23110261
23110262
23110263
23110264
23110265
23110266
23110267
23110268
23110269
23110270
23110271
23110272
23110273
23110274
23110275
23110277
23110278
23110280
23110281
23110282
23110283
23110284
23110300
23110319
23110337
23110338
23110342
23110362
23110364
23110378
23110397
23110401
23110409
23110424
23110433
23110481
23110483
23110488
23110513
23110543
23110637
23110641
23110642
23110643
23110644
23110645
23110669
23110712
23110715
23110732
23110734
23110735
23110736
23110737
23110784
23110859
23110860
23110902
23110903
23110904
23110905
23110906
23110907
23110908
23110909
23110910
23110911
23110912
23110913
23110914
23110923
23110942
23110943
23111112
23111159
23111160
23111161
23111162
23111189
23111190
23111192
23111193
23111245
23111246
23111254
23111255
23111256
23111259
23111260
23111261
23111262
23111263
23111264
23111265
23111266
23111267
23111268
23111269
23111270
23111271
23111272
23111273
23111276
23111277
23111278
23111352
23111434
23111435
23111468
23111469
23111470
23111472
23111520
23111521
23111522
23111523
23111524
23111525
23111526
23111527
23111605
23111606
23111608
23111609
23111610
23111611
23111612
23111615
23111697
23111759
23111791
23111793
23111794
23111795
23111796
23111797
23111798
23111799
23111802
23111854
23111855
23111856
23112063
23112064
23112065
23112066
23112067
23112068
23112091
23112118
23112119
23112121
23112122
23112145
23112146
23112147
23112148
23112149
23112150
23112151
23112152
23112153
23112154
23112155
23112157
23112161
23112163
23112164
23112165
23112166
23112168
23112169
23112170
23112171
23112172
23112173
23112175
23112176
23112177
23112178
23112179
23112180
23112181
23112182
23112183
23112184
23112185
23112186
23112187
23112188
23112189
23112190
23112191
23112192
23112193
23112196
23112197
23112199
23112200
23112201
23112203
23112204
23112205
23112206
23112293
23112294
23112295
23112296
23112298
23112302
23112303
23112304
23112307
23112308
23112309
23112311
23112315
23112318
23112321
23112323
23112324
23112325
23112326
23112327
23112329
23112330
23112331
23112332
23112333
23112334
23112335
23112336
23112337
23112340
23112342
23112566
23112567
23112568
23112569
23112570
23112571
23112572
23112573
23112574
23113325
23113326
23113327
23113328
23113329
23113330
23113331
23113332
23113333
23113334
23113335
23113336
23113337
23113338
23113339
23113340
23113341
23113359
23113360
23113361
23113362
23113363
23113364
23113365
23113366
23113367
23113368
23113369
23113370
23113371
23113372
23113373
23113374
23113375
23113376
23113377
23113378
23113379
23113380
23113381
23113382
23113383
23113384
23113385
23113386
23113387
23113388
23113389
23113390
23113391
23113392
23113393
23113394
23113395
23113396
23113397
23113398
23113399
23113400
23113401
23113402
23113403
23113404
23113405
23113406
23113407
23113408
23113409
23113410
23113411
23113412
23113413
23113414
23113415
23113416
23113417
23113418
23113419
23113421
23113422
23113423
23113424
23113425
23113426
23113427
23113428
23113429
23113430
23113431
23113433
23113435
23113436
23113437
23113438
23113439
23113440
23113441
23113442
23113443
23113444
23113445
23113446
23113447
23113448
23113449
23113450
23113451
23113452
23113453
23113454
23113476
23113477
23113478
23113479
23113480
23113481
23113482
23113483
23113484
23113485
23113486
23113488
23113489
23113501
23113505
23113575
23113654
23113832
23113833
23113834
23113907
23113908
23113909
23113910
23113911
23113912
23113913
23113914
23113915
23113973
23113985
23113992
23113998
23113999
23114000
23114001
23114002
23114003
23114004
23114005
23114064
23114067
23114070
23114071
23114072
23114073
23114075
23114076
23114077
23114168
23114169
23114170
23114171
23114172
23114173
23114174
23114175
23114177
23114178
23114179
23114180
23114251
23114253
23114254
23114255
23114256
23114281
23114397
23114398
23114399
23114400
23114401
23114402
23114481
23114482
23114483
23114484
23114485
23114486
23114487
23114488
23114489
23114490
23114491
23114492
23114493
23114494
23114602
23114603
23114604
23114605
23114606
23114607
23114608
23114609
23114610
23114652
23114738
23114739
23114740
23114789
23114800
23114801
23114802
23114803
23114804
23114805
23114806
23114807
23114808
23114809
23114810
23114811
23114812
23114813
23114814
23114815
23114816
23114817
23114818
23114819
23114820
23114821
23114822
23114823
23114824
23114825
23114910
23115161
23115162
23115163
23115164
23115165
23115166
23115167
23115168
23115169
23115170
23115171
23115172
23115173
23115174
23115175
23115176
23115177
23115178
23115179
23115180
23115181
23115182
23115183
23115184
23115185
23115186
23115187
23115188
23115189
23115190
23115191
23115192
23115193
23115194
23115195
23115196
23115197
23115207
23115208
23115209
23115210
23115211
23115212
23115213
23115330
23115331
23115333
23115334
23115335
23115336
23115338
23115339
23115359
23115360
23115361
23115362
23115363
23115364
23115365
23115366
23115367
23115368
23115369
23115370
23115371
23115372
23115373
23115374
23115375
23115376
23115380
23115381
23115382
23115383
23115384
23115386
23115387
23115388
23115779
23115782
23115783
23115784
23115785
23115786
23115787
23115788
23115789
23115792
23115793
23115794
23115795
23115798
23115799
23115815
23115819
23115820
23115821
23115822
23115823
23115824
23115825
23115826
23115827
23115828
23115830
23115831
23115832
23115833
23115834
23115835
23115836
23115837
23115838
23115839
23115840
23115841
23115842
23115844
23115845
23115846
23115847
23115848
23115849
23115850
23115851
23115852
23115853
23115854
23115855
23115856
23115857
23115858
23115859
23115860
23115861
23115862
23115863
23115864
23115865
23115866
23115867
23115868
23115869
23115870
23115871
23115872
23115873
23115874
23115875
23115876
23115877
23115878
23115879
23115880
23115881
23115882
23115883
23115884
23115885
23115886
23115887
23115888
23115889
23115890
23115891
23115892
23115893
23115894
23115895
23115896
23115897
23115898
23115899
23115900
23115901
23115902
23115903
23115904
23115905
23115906
23115907
23115908
23115909
23115910
23115911
23115912
23115913
23115914
23115919
23115920
23115921
23115923
23115924
23115925
23115926
23115927
23115928
23115929
23115931
23115934
23115937
23115942
23115943
23115944
23115945
23115946
23115947
23115948
23115949
23115950
23115951
23115952
23115953
23115954
23115955
23115956
23115957
23115958
23115959
23115960
23115961
23115963
23115964
23115965
23115966
23115967
23115968
23115969
23115970
23115971
23115972
23115973
23115974
23115975
23115976
23115977
23115978
23115979
23115980
23115981
23115982
23115983
23115984
23115985
23115986
23115987
23115988
23115989
23115990
23115991
23115992
23115993
23115994
23115995
23115996
23115997
23115998
23115999
23116000
23116001
23116002
23116003
23116004
23116005
23116006
23116007
23116008
23116009
23116010
23116011
23116012
23116013
23116036
23116037
23116038
23116039
23116040
23116041
23116042
23116043
23116044
23116045
23116046
23116047
23116048
23116049
23116249
23116286
23116287
23116321
23116341
23116342
23116343
23116344
23116345
23116346
23116347
23116348
23116349
23116350
23116351
23116352
23116353
23116354
23116355
23116373
23116416
23116429
23116432
23116436
23116437
23116438
23116439
23116440
23116450
23116451
23116452
23116453
23116497
23116498
23116500
23116501
23116502
23116503
23116504
23116505
23116506
23116507
23116508
23116509
23116510
23116511
23116512
23116513
23116514
23116515
23116516
23116521
23116522
23116523
23116524
23116525
23116526
23116527
23116528
23116529
23116530
23116531
23116532
23116533
23116564
23116618
23116633
23116734
23116735
23116736
23116737
23116738
23116739
23116740
23116741
23116742
23116743
23116744
23116745
23116746
23116747
23116748
23116749
23116750
23116751
23116752
23116753
23116779
23116780
23116828
23116829
23116830
23116831
23116832
23116833
23116834
23116835
23116836
23116837
23116838
23116839
23116840
23116841
23116842
23116843
23116844
23116845
23116846
23116943
23117059
23117060
23117062
23117103
23117104
23117105
23117158
23117178
23117179
23117183
23117190
23117201
23117202
23117203
23117221
23117222
23117247
23117279
23117298
23117332
23117346
23117395
23117396
23117411
23117482
23117533
23117535
23117536
23117537
23117538
23117539
23117540
23117541
23117542
23117583
23117629
23117633
23117634
23117635
23117636
23117637
23117638
23117695
23117726
23117727
23117728
23117729
23117730
23117731
23117732
23117733
23117734
23117735
23117736
23117737
23117738
23117739
23117740
23117741
23117742
23117743
23117747
23117828
23117830
23117832
23117833
23117834
23117838
23117842
23117845
23117848
23117849
23117850
23117851
23117870
23117929
23117930
23117931
23117932
23117933
23117961
23117962
23117963
23117965
23118010
23118011
23118012
23118014
23118040
23118041
23118042
23118043
23118046
23118050
23118055
23118077
23118084
23118086
23118087
23118088
23118089
23118098
23118099
23118100
23118101
23118102
23118133
23118134
23118135
23118136
23118137
23118138
23118140
23118152
23118158
23118159
23118160
23118161
23118162
23118163
23118164
23118166
23118171
23118172
23118173
23118175
23118176
23118182
23118188
23118189
23118190
23118191
23118192
23118214
23118215
23118216
23118242
23118243
23118244
23118245
23118246
23118247
23118248
23118249
23118250
23118251
23118252
23118253
23118254
23118255
23118256
23118257
23118258
23118259
23118260
23118303
23118304
23118305
23118306
23118307
23118308
23118309
23118310
23118330
23118331
23118332
23118333
23118334
23118337
23118345
23118415
23118416
23118417
23118418
23118446
23118447
23118448
23118449
23118450
23118451
23118452
23118453
23118454
23118455
23118456
23118457
23118458
23118459
23118460
23118461
23118462
23118463
23118464
23118465
23118741
23118742
23118743
23120755
23120757
23120769
23120770
23120771
23120772
23120773
23120774
23120775
23120776
23120777
23120778
23120779
23120780
23120781
23120782
23120783
23120784
23120785
23120786
23120787
23120788
23120789
23120790
23120791
23120792
23120793
23120794
23120795
23120796
23120797
23120798
23120801
23120802
23120803
23120804
23120805
23120806
23120807
23120808
23120809
23120810
23120811
23120812
23120813
23120814
23120815
23120816
23120817
23120818
23120819
23120820
23120821
23120822
23120823
23120824
23120841
23120843
23120846
23120847
23120850
23120852
23120858
23120859
23120860
23120861
23120862
23120863
23120864
23120865
23120866
23120867
23120868
23120869
23120870
23120871
23120872
23120873
23120874
23120875
23120876
23120877
23120878
23120879
23120880
23120882
23120883
23120885
23120886
23120887
23120889
23120891
23120894
23120895
23120896
23120897
23120898
23120899
23120900
23120901
23120902
23120903
23120904
23120905
23120906
23120907
23120908
23120909
23120910
23120911
23120912
23120913
23120914
23120915
23120916
23120917
23120918
23120919
23120920
23120921
23120922
23120923
23120924
23120925
23120926
23120927
23120928
23120929
23120930
23120931
23120932
23120933
23120934
23120935
23120936
23120937
23120938
23120939
23120940
23120941
23120942
23120943
23120944
23120945
23120946
23120947
23120948
23120949
23120950
23120951
23120952
23120953
23120954
23120955
23120956
23120957
23120958
23120959
23120960
23120961
23120962
23120963
23120979
23120980
23120981
23120982
23120983
23120984
23120985
23120986
23120987
23120988
23120989
23120990
23120991
23120992
23120993
23120994
23120995
23120996
23120997
23120998
23120999
23121000
23121001
23121125
23121216
23121323
23121343
23121344
23121345
23121346
23121347
23121348
23121349
23121350
23121351
23121352
23121353
23121374
23121377
23121378
23121397
23121403
23121439
23121466
23121665
23121666
23121667
23121668
23121669
23121670
23121671
23121672
23121673
23121674
23121675
23121676
23121677
23121737
23121738
23121739
23121740
23121741
23121742
23121743
23121744
23121745
23121746
23121747
23121748
23121749
23121750
23121751
23121752
23121753
23121754
23121755
23121756
23121757
23121758
23121759
23121885
23121969
23121970
23121971
23121972
23121973
23121974
23121975
23121976
23121977
23121978
23121979
23121980
23121981
23121982
23121983
23122036
23122037
23122038
23122039
23122040
23122041
23122042
23122043
23122044
23122045
23122046
23122171
23122172
23122173
23122174
23122175
23122176
23122177
23122178
23122179
23122180
23122181
23122212
23122213
23122214
23122217
23122233
23122234
23122235
23122236
23122238
23122244
23122248
23122249
23122250
23122251
23122252
23122270
23122463
23122464
23122465
23122466
23122467
23122585
23122586
23122587
23122588
23122589
23122626
23122627
23122628
23122649
23122650
23122652
23122653
23122763
23122766
23122768
23122771
23122790
23122793
23122795
23122797
23122801
23122892
23122932
23122968
23123060
23123061
23123064
23123071
23123090
23123091
23123092
23123093
23123159
23123324
23123325
23123326
23123327
23123328
23123440
23123441
23123442
23123444
23123445
23123448
23123449
23123483
23123484
23123485
23123486
23123487
23123488
23123489
23123490
23123491
23123492
23123617
23123618
23123619
23123620
23123621
23123622
23123623
23123629
23123648
23123649
23123650
23123651
23123652
23123653
23123654
23123655
23123656
23123657
23123658
23123659
23123660
23123661
23123693
23123694
23123695
23123696
23123697
23123698
23123699
23123730
23123744
23123745
23123746
23123747
23123748
23123749
23123750
23123751
23123752
23123753
23123754
23123755
23123756
23123809
23123810
23123811
23123812
23123813
23123814
23123835
23123836
23123837
23123838
23123839
23123840
23123841
23123842
23123843
23123844
23123845
23123846
23123847
23123854
23123857
23123858
23123888
23123889
23123890
23123891
23123892
23123893
23123894
23123895
23123896
23123897
23123898
23123899
23123900
23123901
23123902
23123927
23123928
23123929
23123931
23123932
23123934
23123941
23123942
23123948
23123949
23123950
23123951
23123952
23123953
23123954
23123963
23123980
23123981
23123982
23123983
23123984
23123985
23123986
23124033
23124037
23124039
23124040
23124041
23124042
23124043
23124044
23124045
23124046
23124049
23124050
23124051
23124052
23124053
23124054
23124055
23124062
23124063
23124064
23124065
23124066
23124067
23124068
23124172
23124175
23124176
23124177
23124178
23124179
23124180
23124181
23124182
23124183
23124184
23124185
23124186
23124187
23124197
23124198
23124199
23124200
23124281
23124282
23124284
23124285
23124286
23124287
23124288
23124289
23124290
23124291
23124292
23124293
23124294
23124295
23124297
23124298
23124299
23124366
23124367
23124368
23124369
23124370
23124371
23124372
23124373
23124374
23124375
23124376
23124377
23124378
23124379
23124397
23124398
23124400
23124401
23124402
23124403
23124404
23124405
23124406
23124407
23124408
23124409
23124410
23124411
23124413
23124418
23124419
23124420
23124421
23124422
23124423
23124424
23124425
23124427
23124428
23124429
23124546
23124868
23124869
23124871
23124872
23124873
23124874
23124875
23124876
23125098
23125126
23125127
23125128
23125129
23125130
23125140
23125160
23125167
23125176
23125248
23125311
23125312
23125313
23125332
23125412
23125414
23125416
23125419
23125426
23125449
23125848
23125986
23125999
23126005
23126006
23126007
23126008
23126011
23126012
23126015
23126016
23126017
23126018
23126019
23126020
23126021
23126022
23126023
23126024
23126025
23126026
23126027
23126028
23126029
23126030
23126031
23126032
23126033
23126034
23126035
23126036
23126037
23126038
23126039
23126040
23126041
23126042
23126043
23126044
23126045
23126046
23126047
23126048
23126049
23126050
23126051
23126052
23126053
23126054
23126055
23126056
23126057
23126058
23126059
23126060
23126061
23126062
23126063
23126064
23126065
23126066
23126067
23126068
23126069
23126070
23126071
23126072
23126073
23126074
23126075
23126076
23126077
23126078
23126079
23126080
23126081
23126082
23126083
23126084
23126085
23126086
23126087
23126088
23126089
23126090
23126091
23126092
23126093
23126094
23126095
23126096
23126097
23126098
23126099
23126100
23126101
23126102
23126103
23126104
23126105
23126106
23126107
23126108
23126109
23126110
23126111
23126112
23126113
23126114
23126115
23126116
23126117
23126118
23126119
23126120
23126121
23126122
23126123
23126124
23126125
23126126
23126127
23126128
23126129
23126130
23126131
23126132
23126133
23126134
23126135
23126136
23126137
23126138
23126139
23126140
23126141
23126142
23126143
23126144
23126145
23126146
23126147
23126148
23126149
23126150
23126151
23126152
23126153
23126154
23126155
23126156
23126157
23126158
23126159
23126160
23126161
23126162
23126163
23126164
23126165
23126166
23126167
23126168
23126173
23126174
23126175
23126176
23126177
23126178
23126179
23126180
23126181
23126182
23126183
23126184
23126185
23126186
23126187
23126188
23126189
23126190
23126191
23126192
23126193
23126194
23126195
23126196
23126197
23126198
23126199
23126200
23126201
23126202
23126203
23126204
23126205
23126206
23126207
23126208
23126209
23126210
23126211
23126212
23126213
23126214
23126215
23126217
23126218
23126219
23126220
23126221
23126222
23126223
23126224
23126252
23126268
23126269
23126425
23126426
23126427
23126439
23126490
23126510
23126512
23126514
23126534
23126546
23126548
23126559
23126566
23126574
23126575
23126576
23126594
23126598
23126607
23126624
23126627
23126642
23126647
23126649
23126650
23126653
23126669
23126679
23127047
23127048
23127049
23127050
23127051
23127052
23127053
23127054
23127055
23127056
23127057
23127058
23127059
23127060
23127061
23127062
23127063
23127064
23127065
23127066
23127067
23127068
23127069
23127070
23127071
23127072
23127073
23127074
23127075
23127076
23127077
23127078
23127079
23127080
23127081
23127082
23127083
23127084
23127085
23127086
23127087
23127088
23127089
23127090
23127091
23127092
23127093
23127094
23127095
23127096
23127097
23127098
23127099
23127100
23127101
23127102
23127103
23127104
23127105
23127106
23127107
23127128
23127136
23127165
23127197
23127215
23127216
23127217
23127218
23127219
23127220
23127520
23127552
23127615
23127616
23127699
23127700
23127701
23127702
23127703
23127704
23127705
23127706
23127707
23127708
23127709
23127710
23127711
23127712
23127713
23127714
23127715
23127716
23127717
23127718
23127731
23127732
23127733
23127734
23127735
23127736
23127737
23127742
23127743
23127744
23127746
23127768
23128163
23128188
23128200
23128202
23128204
23128205
23128207
23128208
23128209
23128210
23128211
23128218
23128219
23128223
23128225
23128226
23128230
23128233
23128234
23128236
23128296
23128341
23128363
23128398
23128415
23128428
23128442
23128445
23128446
23128447
23128448
23128465
23128480
23128482
23128503
23128504
23128511
23128797
23128798
23128800
23128801
23128802
23128804
23128805
23128806
23128807
23128808
23128843
23128857
23128894
23128895
23128896
23128897
23128898
23128973
23128974
23128975
23129035
23129036
23129037
23129038
23129039
23129040
23129041
23129042
23129386
23129387
23129388
23129488
23129490
23129491
23129492
23129493
23129592
23129600
23129602
23129611
23129612
23129613
23129614
23129615
23129617
23129619
23129620
23129621
23129625
23129626
23129628
23129629
23129630
23129633
23129634
23129635
23129637
23129638
23129639
23129643
23129644
23129645
23129647
23129648
23129649
23129650
23129653
23129654
23129655
23129656
23129658
23129659
23129660
23129662
23129701
23129702
23129703
23129704
23129714
23129747
23129748
23129749
23129750
23129751
23129778
23129976
23130357
23130359
23130360
23130361
23130362
23130363
23130364
23130365
23130367
23130370
23130372
23130374
23130375
23130377
23130378
23130379
23130380
23130381
23130382
23130383
23130384
23130385
23130386
23130387
23130388
23130390
23130391
23130392
23130393
23130394
23130395
23130396
23130397
23130398
23130399
23130400
23130401
23130402
23130418
23130419
23130420
23130421
23130422
23130423
23130431
23130432
23130433
23130434
23130435
23130436
23130437
23130438
23130439
23130440
23130441
23130442
23130443
23130444
23130445
23130446
23130447
23130448
23130449
23130450
23130451
23130452
23130453
23130454
23130455
23130456
23130457
23130458
23130459
23130460
23130461
23130462
23130463
23130464
23130465
23130466
23130467
23130468
23130469
23130470
23130471
23130472
23130473
23130474
23130475
23130476
23130477
23130478
23130479
23130480
23130481
23130482
23130483
23130484
23130485
23130486
23130487
23130488
23130489
23130490
23130491
23130492
23130493
23130494
23130495
23130496
23130497
23130498
23130499
23130500
23130501
23130502
23130503
23130504
23130505
23130506
23130507
23130508
23130509
23130510
23130511
23130512
23130513
23130514
23130515
23130516
23130517
23130518
23130519
23130520
23130521
23130522
23130523
23130524
23130525
23130526
23130527
23130528
23130529
23130530
23130531
23130532
23130533
23130534
23130535
23130536
23130537
23130538
23130539
23130540
23130541
23130542
23130543
23130544
23130545
23130546
23130547
23130724
23130725
23130726
23130727
23130737
23130739
23130805
23130965
23130966
23130967
23131029
23131066
23131078
23131124
23131210
23131211
23131212
23131213
23131214
23131215
23131216
23131217
23131218
23131219
23131220
23131221
23131222
23131223
23131224
23131225
23131226
23131227
23131228
23131229
23131230
23131231
23131232
23131233
23131234
23131235
23131236
23131237
23131238
23131239
23131240
23131241
23131242
23131243
23131244
23131245
23131246
23131247
23131278
23131302
23131309
23131337
23131437
23131438
23131439
23131440
23131441
23131442
23131443
23131444
23131445
23131446
23131447
23131448
23131449
23131450
23131451
23131452
23131453
23131454
23131455
23131540
23131608
23131669
23131670
23131671
23131672
23131673
23131674
23131675
23131676
23131677
23131918
23131919
23131920
23132113
23132114
23132116
23132117
23132118
23132198
23132199
23132216
23132217
23132239
23132240
23132241
23132242
23132243
23132244
23132245
23132246
23132247
23132248
23132283
23132382
23132386
23132416
23132417
23132418
23132419
23132420
23132422
23132553
23132554
23132598
23132599
23132600
23132601
23132602
23132603
23132662
23132737
23132798
23132800
23132801
23132802
23132937
23132938
23132942
23132943
23132944
23132945
23132946
23132948
23132949
23132950
23133443
23133444
23133839
23133841
23133843
23133845
23133850
23133851
23133852
23133853
23133854
23133855
23133856
23133857
23133858
23133859
23133860
23133861
23133862
23133863
23133864
23133865
23133866
23133867
23133868
23133869
23133870
23133871
23133872
23133875
23133879
23133880
23133881
23133882
23133883
23133884
23133886
23133887
23133888
23133889
23133890
23133891
23133892
23133898
23133899
23133900
23133904
23133905
23133906
23133907
23133908
23133909
23133912
23133913
23133914
23133915
23133916
23133917
23133918
23133920
23133921
23133922
23133923
23133924
23133925
23133926
23133927
23133928
23133929
23133930
23133931
23133932
23133933
23133934
23133935
23133936
23133937
23133938
23133939
23133940
23133941
23133942
23133943
23133944
23133945
23133946
23133947
23133948
23133949
23133950
23133951
23133952
23133953
23133954
23133955
23133956
23133957
23133958
23133959
23133960
23133961
23133962
23133963
23133964
23133965
23133966
23133967
23133968
23133969
23133970
23133971
23133972
23133973
23133974
23133975
23133976
23133977
23133978
23133979
23133980
23133981
23133982
23133983
23133984
23133985
23133986
23133987
23133988
23133989
23133990
23133991
23133992
23133993
23133994
23133995
23133996
23133997
23133998
23133999
23134000
23134001
23134002
23134003
23134004
23134005
23134006
23134007
23134008
23134009
23134010
23134011
23134012
23134013
23134014
23134015
23134016
23134017
23134018
23134019
23134020
23134021
23134022
23134023
23134024
23134025
23134026
23134027
23134028
23134029
23134030
23134031
23134032
23134033
23134034
23134035
23134036
23134037
23134038
23134039
23134040
23134041
23134069
23134123
23134175
23134355
23134356
23134357
23134380
23134381
23134382
23134383
23134384
23134385
23134389
23134402
23134404
23134405
23134451
23134489
23134490
23134491
23134492
23134493
23134494
23134495
23134496
23134497
23134498
23134599
23134600
23134601
23134602
23134603
23134604
23134605
23134606
23134624
23134625
23134626
23134627
23134628
23134629
23134630
23134669
23134723
23134725
23134726
23134727
23134728
23134729
23134731
23134745
23134746
23134747
23134748
23134751
23134752
23134753
23134779
23134814
23134835
23134837
23134846
23134879
23134880
23134881
23134882
23134883
23134884
23134885
23134886
23134887
23134888
23134889
23134890
23134891
23134893
23135019
23135020
23135021
23135022
23135023
23135024
23135025
23135026
23135027
23135028
23135029
23135030
23135031
23135032
23135033
23135034
23135035
23135036
23135037
23135038
23135039
23135040
23135041
23135042
23135043
23135044
23135045
23135046
23135047
23135048
23135049
23135050
23135051
23135052
23135053
23135054
23135055
23135056
23135057
23135198
23135199
23135200
23135201
23135286
23135396
23135398
23135403
23135404
23135405
23135429
23135440
23135441
23135443
23135445
23135446
23135447
23135448
23135449
23135450
23135458
23135459
23135461
23135462
23135467
23135468
23135469
23135633
23136078
23136087
23136163
23136165
23136170
23136171
23136172
23136260
23136262
23136263
23136264
23136265
23136358
23136386
23136387
23136389
23136390
23136391
23136392
23136393
23136394
23136395
23136406
23136407
23136408
23136409
23136410
23136411
23136412
23136413
23136414
23136415
23136416
23136417
23136418
23136419
23136420
23136421
23136422
23136423
23136424
23136425
23136426
23136427
23136428
23136429
23136430
23136431
23136432
23136433
23136434
23136435
23136436
23136437
23136438
23136439
23136440
23136441
23136442
23136644
23136646
23136647
23136648
23136649
23136650
23136651
23136652
23136653
23136654
23136655
23136656
23136657
23136658
23136659
23136691
23136692
23136693
23136694
23136695
23136698
23136701
23136702
23136703
23136704
23136705
23136706
23136707
23136708
23136709
23136710
23136711
23136712
23136713
23136714
23136715
23136716
23136717
23136718
23136719
23136720
23136721
23136722
23136723
23136724
23136725
23136726
23136727
23136728
23136730
23136731
23136732
23136733
23136734
23136735
23136736
23136737
23136738
23136739
23136740
23136741
23136742
23136743
23136744
23136745
23136746
23136747
23136748
23136749
23136750
23136751
23136752
23136753
23136754
23136755
23136756
23136757
23136758
23136759
23136760
23136761
23136762
23136763
23136764
23136765
23136766
23136767
23136768
23136769
23136770
23136771
23136772
23136773
23136774
23136775
23136776
23136777
23136778
23136779
23136780
23136781
23136782
23136783
23136784
23136785
23136786
23136787
23136788
23136789
23136790
23136791
23136792
23136793
23136794
23136795
23136796
23136797
23136798
23136799
23136800
23136801
23136802
23136803
23136804
23136805
23136806
23136807
23136808
23136809
23136810
23136811
23136909
23136993
23136994
23136995
23136996
23136997
23137083
23137084
23137085
23137086
23137087
23137088
23137089
23137090
23137091
23137092
23137093
23137094
23137095
23137098
23137200
23137201
23137202
23137203
23137204
23137205
23137206
23137207
23137208
23137209
23137210
23137398
23137399
23137400
23137401
23137402
23137403
23137404
23137405
23137406
23137407
23137408
23137409
23137410
23137411
23137485
23137486
23137493
23137494
23137495
23137496
23137497
23137498
23137499
23137500
23137501
23137502
23137503
23137504
23137505
23137506
23137507
23137508
23137509
23137510
23137511
23137512
23137530
23137531
23137532
23137533
23137550
23137553
23137555
23137596
23137597
23137598
23137599
23137600
23137601
23137602
23137603
23137604
23137605
23137606
23137607
23137608
23137631
23137633
23137639
23137673
23137819
23137820
23137851
23137948
23137949
23138033
23138034
23138035
23138036
23138037
23138038
23138039
23138040
23138041
23138042
23138110
23138235
23138236
23138237
23138238
23138239
23138240
23138241
23138242
23138243
23138244
23138245
23138246
23138247
23138363
23138364
23138365
23138366
23138367
23138369
23138371
23138376
23138377
23138616
23138617
23138618
23138619
23138620
23138621
23138622
23138623
23138624
23138625
23138626
23138627
23138695
23138730
23138731
23138732
23138753
23138774
23138978
23138979
23138980
23138981
23139013
23139270
23139275
23139298
23139303
23139304
23139305
23139306
23139307
23139310
23139313
23139317
23139320
23139324
23139325
23139330
23139332
23139333
23139334
23139335
23139336
23139917
23139918
23139919
23139920
23139921
23139922
23139923
23139924
23139939
23139941
23139942
23139944
23139945
23139946
23139947
23139948
23139950
23139951
23139952
23139953
23139954
23139955
23139956
23139957
23139958
23139959
23139960
23139961
23139962
23139963
23139964
23139965
23139966
23139967
23139968
23139969
23139970
23139971
23139972
23139973
23139974
23139975
23139976
23139977
23139978
23139979
23139980
23139981
23139982
23139983
23139984
23139985
23139986
23139987
23139988
23139989
23139990
23139991
23139992
23139993
23139995
23139996
23139997
23139998
23139999
23140000
23140001
23140002
23140003
23140004
23140005
23140006
23140007
23140008
23140009
23140010
23140011
23140012
23140013
23140014
23140015
23140016
23140017
23140018
23140019
23140020
23140021
23140022
23140023
23140024
23140025
23140026
23140027
23140028
23140029
23140030
23140031
23140032
23140033
23140034
23140035
23140036
23140037
23140038
23140039
23140040
23140041
23140042
23140043
23140044
23140045
23140046
23140047
23140048
23140049
23140050
23140051
23140052
23140053
23140054
23140055
23140056
23140057
23140058
23140059
23140060
23140061
23140062
23140063
23140064
23140065
23140066
23140067
23140068
23140069
23140070
23140071
23140072
23140073
23140074
23140075
23140076
23140077
23140078
23140079
23140080
23140081
23140082
23140083
23140084
23140090
23140091
23140092
23140093
23140106
23140107
23140108
23140109
23140110
23140117
23140118
23140119
23140120
23140121
23140122
23140123
23140124
23140125
23140277
23140427
23140428
23140430
23140434
23140543
23140551
23140561
23140562
23140563
23140564
23140565
23140566
23140646
23140647
23140648
23140649
23140650
23140651
23140652
23140653
23140654
23140657
23140658
23140826
23140827
23140828
23140829
23140830
23140831
23140832
23140851
23140903
23140962
23140964
23140974
23140975
23140976
23141041
23141060
23141061
23141062
23141063
23141064
23141065
23141066
23141067
23141068
23141069
23141070
23141071
23141072
23141073
23141074
23141075
23141533
23141534
23141535
23141536
23141537
23141538
23141539
23141540
23141541
23141542
23141543
23141544
23141545
23141546
23141599
23141600
23141601
23141608
23141615
23141616
23141617
23141618
23141619
23141620
23141666
23141693
23141694
23141771
23141812
23141813
23141814
23141816
23141817
23142000
23142051
23142773
23142775
23142780
23142781
23142782
23142783
23142920
23143114
23143120
23143121
23143122
23143123
23143124
23143125
23143126
23143127
23143128
23143129
23143332
23143334
23143335
23143395
23143396
23143397
23143398
23143399
23143420
23143421
23143422
23143423
23143424
23143425
23143426
23143427
23143428
23143429
23143430
23143431
23143432
23143433
23143434
23143435
23143436
23143511
23143512
23143513
23143514
23143515
23143516
23143517
23143519
23143520
23143521
23143522
23143525
23143526
23143638
23143755
23144093
23144094
23144095
23144206
23144207
23144208
23144209
23144211
23144213
23144215
23144216
23144223
23144231
23144232
23144233
23144234
23144371
23144372
23144373
23144374
23144375
23144376
23144377
23144378
23144379
23144380
23144381
23144382
23144383
23144384
23144385
23144386
23144387
23144388
23144389
23144390
23144391
23144392
23144393
23144394
23144395
23144396
23144397
23144398
23144399
23144400
23144401
23144402
23144403
23144404
23144405
23144406
23144407
23144408
23144409
23144410
23144411
23144412
23144413
23144414
23144415
23144416
23144417
23144418
23144419
23144420
23144421
23144422
23144423
23144424
23144425
23144426
23144427
23144428
23144429
23144430
23144431
23144432
23144433
23144434
23144435
23144436
23144437
23144438
23144439
23144440
23144441
23144442
23145370
23145371
23145372
23145373
23145374
23145375
23145376
23145377
23145378
23145379
23145380
23145443
23145444
23145453
23145454
23145455
23145456
23145457
23145458
23145459
23145463
23145487
23145549
23145550
23145551
23145552
23145553
23145776
23145784
23146074
23146093
23146256
23146258
23146259
23146261
23146263
23146264
23146265
23146266
23146267
23146268
23146271
23146337
23146365
23146781
23146782
23146783
23146784
23147171
23147172
23147442
23147522
23147530
23147566
23147603
23147604
23147605
23147607
23147646
23147769
23147770
23147771
23147808
23147859
23147860
23147862
23147863
23148236
23148237
23148287
23148291
23148327
23148328
23148329
23148330
23148331
23148332
23148333
23148334
23148335
23148420
23148421
23148422
23148423
23148424
23148425
23148426
23148427
23148428
23148429
23148430
23148431
23148432
23148477
23148499
23148502
23148524
23148555
23148847
23148848
23148849
23148850
23148851
23148852
23148853
23148854
23148855
23148877
23148894
23149046
23149062
23149098
23149134
23149211
23149296
23149302
23149367
23149375
23149420
23149432
23149439
23149471
23149520
23149521
23149522
23149523
23149543
23149570
23149573
23149597
23149654
23149686
23149687
23149688
23149695
23149801
23149856
23149884
23149907
23149928
23149929
23149950
23149977
23149987
23149988
23150002
23150005
23150006
23150007
23150008
23150009
23150010
23150016
23150036
23150065
23150154
23150155
23150156
23150157
23150158
23150159
23150160
23150161
23150162
23150163
23150459
23150472
23150473
23150474
23150475
23150476
23150477
23150478
23150479
23150480
23150481
23150482
23150483
23150489
23150497
23150499
23150532
23150533
23150534
23150535
23150536
23150537
23150719
23150908
23150934
23150942
23150955
23150956
23150957
23150958
23150959
23150960
23150961
23150962
23150964
23150979
23151144
23151207
23151208
23151209
23151210
23151279
23151280
23151281
23151282
23151336
23151476
23151478
23151541
23151553
23151554
23151555
23151556
23151557
23151558
23151559
23151561
23151562
23151568
23151569
23151570
23151571
23151574
23151576
23151577
23151578
23151579
23151580
23151581
23151582
23151583
23151587
23151588
23151669
23151922
23151923
23151924
23151925
23151926
23151927
23151928
23151929
23151930
23151931
23151932
23151933
23152009
23152010
23152011
23152012
23152013
23152014
23152015
23152016
23152017
23152018
23152019
23152020
23152021
23152022
23152023
23152024
23152025
23152026
23152027
23152028
23152029
23152030
23152031
23152032
23152033
23152066
23152067
23152068
23152069
23152070
23152071
23152072
23152073
23152131
23152143
23152160
23152174
23152196
23152199
23152200
23152201
23152202
23152203
23152204
23152205
23152206
23152207
23152208
23152209
23152210
23152211
23152212
23152213
23152214
23152215
23152216
23152217
23152218
23152219
23152220
23152221
23152222
23152223
23152224
23152225
23152226
23152227
23152228
23152229
23152230
23152231
23152232
23152233
23152234
23152235
23152236
23152237
23152238
23152239
23152240
23152241
23152242
23152243
23152244
23152245
23152246
23152247
23152248
23152249
23152250
23152251
23152252
23152253
23152254
23152255
23152256
23152257
23152258
23152259
23152260
23152261
23152262
23152263
23152264
23152265
23152266
23152267
23152268
23152269
23152270
23152271
23152272
23152273
23152274
23152275
23152276
23152277
23152278
23152279
23152280
23152281
23152282
23152283
23152284
23152285
23152446
23152447
23152448
23152494
23152568
23152569
23152571
23152572
23152573
23152574
23152575
23152576
23152577
23152578
23152579
23152580
23152584
23152585
23152587
23152589
23152592
23152593
23152594
23152595
23152596
23152597
23152598
23152599
23152600
23152601
23152602
23152603
23152604
23152605
23152606
23152607
23152608
23152609
23152610
23152611
23152612
23152613
23152614
23152615
23152616
23152617
23152618
23152619
23152620
23152621
23152622
23152623
23152624
23152625
23152626
23152627
23152628
23152629
23152630
23152631
23152632
23152633
23152634
