23152635
23152987
23152988
23152989
23152990
23152991
23152992
23153203
23153204
23153205
23153206
23153207
23153208
23153343
23153344
23153345
23153346
23153347
23153391
23153400
23153403
23153404
23153406
23153407
23153408
23153424
23153425
23153426
23153427
23153428
23153463
23153464
23153465
23153466
23153467
23153468
23153469
23153470
23153473
23153474
23153475
23153476
23153480
23153481
23153483
23153484
23153485
23153486
23153487
23153492
23153493
23153494
23153495
23153496
23153497
23153532
23153533
23153534
23153535
23153536
23153537
23153538
23153539
23153540
23153541
23153772
23153773
23153837
23153838
23153839
23153840
23153841
23153843
23153844
23153846
23153848
23153849
23153854
23153874
23153875
23153876
23153877
23153878
23153879
23153880
23153881
23153882
23153883
23153884
23153885
23153886
23153887
23153888
23153889
23153890
23153891
23153892
23153930
23154088
23154089
23154090
23154138
23154230
23154231
23154232
23154233
23154234
23154235
23154274
23154275
23154391
23154392
23154393
23154394
23154395
23154396
23154397
23154409
23154410
23154411
23154412
23154413
23154414
23154415
23154416
23154417
23154418
23154435
23154436
23154437
23154438
23154439
23154440
23154441
23154442
23154767
23154768
23154769
23154770
23154771
23154772
23154773
23154808
23154809
23154810
23154945
23154946
23154953
23154955
23154956
23154957
23154981
23154982
23154983
23154984
23154985
23155006
23155007
23155008
23155009
23155010
23155011
23155012
23155013
23155014
23155015
23155016
23155017
23155018
23155019
23155020
23155021
23155022
23155023
23155024
23155025
23155026
23155027
23155028
23155029
23155030
23155031
23155032
23155033
23155034
23155035
23155036
23155037
23155038
23155039
23155040
23155041
23155042
23155043
23155214
23155215
23155218
23155219
23155220
23155506
23155507
23155508
23155509
23155510
23155511
23155512
23155513
23155514
23155518
23155519
23155520
23155521
23155538
23155539
23155540
23155543
23155544
23155545
23155546
23155547
23155548
23155549
23155550
23155551
23155552
23155553
23155554
23155555
23155556
23155557
23155558
23155559
23155560
23155562
23155563
23155564
23155565
23155566
23155567
23155568
23155569
23155570
23155571
23155572
23155573
23155575
23155576
23155577
23155578
23155579
23155580
23155581
23155582
23155583
23155584
23155585
23155586
23155587
23155588
23155589
23155590
23155591
23155592
23155593
23155594
23155595
23155596
23155597
23155598
23155599
23155600
23155601
23155602
23155603
23155604
23155605
23155606
23155607
23155608
23155609
23155610
23155611
23155612
23155613
23155614
23155615
23155616
23155618
23155619
23155620
23155621
23155622
23155623
23155624
23155625
23155626
23155627
23155628
23155629
23155630
23155631
23155632
23155633
23155634
23155635
23155636
23155637
23155638
23155639
23155640
23155641
23155642
23155643
23155644
23155645
23155646
23155647
23155648
23155649
23155650
23155651
23155652
23155653
23155654
23155655
23155656
23155657
23155658
23155659
23155660
23155661
23155662
23155663
23155664
23155665
23155666
23155667
23155668
23155669
23155670
23155671
23155672
23155673
23155674
23155675
23155676
23155678
23155679
23155680
23155681
23155682
23155683
23155684
23155685
23155686
23155687
23155688
23155689
23155690
23155691
23155692
23155693
23155694
23155695
23155696
23155697
23155698
23155699
23155700
23155701
23155702
23155703
23155704
23155705
23155706
23155707
23155708
23155709
23155710
23155711
23155712
23155713
23155714
23155715
23155716
23155718
23155719
23155720
23155721
23155722
23155723
23155724
23155725
23155726
23155727
23155728
23155729
23155730
23155731
23155732
23155733
23155734
23155735
23155736
23155737
23155738
23155739
23155740
23155741
23155742
23155743
23155744
23155745
23155746
23155747
23155748
23155749
23155750
23155751
23155752
23155753
23155754
23155755
23155757
23155758
23155760
23155761
23155762
23155763
23155764
23155765
23155766
23155767
23155768
23155769
23155770
23155771
23155772
23155773
23155774
23155775
23155776
23155777
23155778
23155779
23155780
23155781
23155782
23155784
23155785
23155786
23155787
23155788
23155789
23155790
23155791
23155792
23155793
23155794
23155795
23155796
23155797
23155798
23155799
23155800
23155801
23155802
23155803
23155804
23155805
23155806
23155807
23155808
23155809
23155810
23155811
23155812
23155813
23155814
23155815
23155816
23155817
23155818
23155819
23155820
23155821
23155822
23155823
23155824
23155825
23155826
23155827
23155828
23155829
23155830
23155831
23155832
23155833
23155834
23155835
23155836
23155837
23155838
23155839
23155840
23155841
23155842
23155843
23155845
23155846
23155847
23155848
23155849
23155850
23155851
23155852
23155853
23155854
23155855
23155856
23155857
23155858
23155859
23155860
23155861
23155862
23155863
23155864
23155865
23155866
23155867
23155868
23155869
23155870
23155872
23155873
23155874
23155875
23155876
23155877
23155878
23155879
23155880
23155881
23155882
23155883
23155884
23155885
23155886
23155887
23155888
23155889
23155890
23155891
23155892
23155893
23155894
23155895
23155896
23155897
23155898
23155899
23155900
23155901
23155902
23155903
23155904
23155905
23155906
23155907
23155908
23155909
23155910
23155911
23155912
23155913
23155914
23155915
23155916
23155917
23155918
23155919
23155920
23155921
23155922
23155923
23155924
23155925
23155926
23155927
23155928
23155929
23155930
23155931
23155932
23155933
23155936
23155937
23155938
23155939
23155940
23155941
23155942
23155943
23155944
23155945
23155946
23155947
23155948
23155949
23155950
23155953
23155954
23155955
23155956
23155957
23155958
23155959
23155960
23155961
23155962
23155963
23155964
23155965
23155966
23155967
23155968
23155969
23155970
23155971
23155972
23155973
23155974
23155975
23155976
23155977
23155978
23155979
23155980
23155981
23155982
23155983
23155984
23155985
23155986
23155987
23155988
23155989
23155990
23155991
23155992
23155993
23155994
23155995
23155996
23155997
23155998
23155999
23156000
23156001
23156002
23156005
23156006
23156007
23156008
23156009
23156010
23156011
23156012
23156013
23156014
23156015
23156016
23156017
23156018
23156019
23156020
23156021
23156022
23156023
23156024
23156025
23156026
23156027
23156028
23156029
23156030
23156031
23156032
23156033
23156034
23156035
23156036
23156037
23156038
23156039
23156040
23156041
23156042
23156043
23156044
23156045
23156046
23156047
23156048
23156049
23156050
23156051
23156052
23156053
23156054
23156055
23156056
23156057
23156058
23156059
23156060
23156061
23156062
23156063
23156064
23156065
23156066
23156067
23156068
23156069
23156070
23156071
23156072
23156073
23156074
23156075
23156076
23156077
23156078
23156079
23156080
23156081
23156082
23156083
23156084
23156085
23156086
23156087
23156088
23156089
23156090
23156091
23156092
23156093
23156094
23156095
23156096
23156097
23156098
23156099
23156100
23156101
23156102
23156103
23156105
23156106
23156107
23156108
23156109
23156110
23156111
23156112
23156113
23156114
23156115
23156116
23156117
23156118
23156119
23156120
23156121
23156122
23156123
23156124
23156125
23156127
23156128
23156129
23156130
23156131
23156132
23156133
23156134
23156135
23156136
23156137
23156138
23156139
23156140
23156141
23156142
23156143
23156144
23156145
23156146
23156147
23156148
23156149
23156150
23156151
23156152
23156153
23156154
23156155
23156156
23156157
23156158
23156159
23156160
23156161
23156162
23156163
23156164
23156165
23156166
23156167
23156168
23156169
23156170
23156171
23156172
23156173
23156174
23156175
23156176
23156177
23156178
23156179
23156180
23156181
23156182
23156183
23156184
23156185
23156186
23156187
23156188
23156189
23156190
23156191
23156192
23156193
23156194
23156195
23156196
23156197
23156198
23156199
23156200
23156201
23156202
23156203
23156204
23156205
23156206
23156207
23156208
23156209
23156614
23156615
23156616
23156617
23156618
23156619
23156620
23156621
23156622
23156623
23156624
23156625
23156626
23156627
23156628
23156629
23156630
23156632
23156633
23156634
23156635
23156636
23156637
23156638
23156639
23156640
23156641
23156642
23156643
23156644
23156645
23156646
23156647
23156648
23156649
23156650
23156651
23156652
23156653
23156654
23156655
23156656
23156657
23156658
23156659
23156660
23156661
23156662
23156663
23156664
23156665
23156668
23156669
23156670
23156671
23156672
23156673
23156674
23156675
23156676
23156677
23156678
23156679
23156680
23156681
23156682
23156683
23156684
23156685
23156686
23156687
23156688
23156689
23156690
23156691
23156692
23156693
23156694
23156695
23156696
23156697
23156698
23156699
23156700
23156701
23156702
23156703
23156704
23156705
23156706
23156707
23156708
23156709
23156710
23156711
23156712
23156713
23156714
23156715
23156819
23156820
23156821
23156822
23156823
23156824
23156825
23156826
23156827
23156829
23156830
23156831
23156832
23156833
23156834
23156835
23156836
23156837
23156838
23156839
23156840
23156841
23156842
23156843
23156885
23156886
23156887
23156888
23156889
23156890
23156891
23156892
23156893
23156894
23156895
23156896
23156897
23156898
23156899
23156900
23156901
23156902
23156903
23156904
23156905
23156906
23156907
23156908
23156909
23156910
23156911
23156912
23156913
23156914
23156915
23156916
23156917
23156918
23156919
23156920
23156921
23156922
23156923
23156924
23156925
23156926
23156927
23156928
23156929
23156930
23156931
23156932
23156933
23156934
23156935
23156936
23156937
23156938
23156939
23156940
23156941
23156942
23156943
23156944
23156945
23156946
23156947
23156948
23156949
23156950
23156951
23156952
23156953
23156954
23156955
23156956
23156957
23156958
23156959
23156960
23156961
23156962
23156963
23156964
23156965
23156966
23156967
23156968
23156969
23156970
23156971
23156972
23156973
23156974
23156975
23156976
23156977
23156978
23156979
23156980
23156982
23156983
23156984
23156985
23156986
23156987
23156988
23156989
23156990
23156991
23156992
23156993
23156994
23156995
23156996
23156997
23156998
23156999
23157000
23157001
23157002
23157003
23157004
23157005
23157006
23157007
23157008
23157009
23157010
23157011
23157012
23157013
23157014
23157015
23157016
23157017
23157018
23157019
23157020
23157021
23157022
23157023
23157024
23157025
23157026
23157027
23157028
23157029
23157030
23157031
23157032
23157033
23157034
23157035
23157036
23157037
23157038
23157039
23157040
23157041
23157042
23157043
23157044
23157045
23157046
23157047
23157048
23157049
23157050
23157051
23157052
23157053
23157054
23157055
23157056
23157057
23157058
23157059
23157060
23157061
23157062
23157063
23157065
23157066
23157067
23157068
23157069
23157070
23157071
23157075
23157076
23157077
23157078
23157079
23157080
23157081
23157122
23157123
23157124
23157125
23157126
23157127
23157128
23157129
23157130
23157131
23157132
23157133
23157134
23157135
23157136
23157137
23157138
23157139
23157225
23157406
23157407
23157496
23157560
23157579
23157940
23158169
23158170
23158172
23158173
23158174
23158175
23158176
23158177
23158178
23158180
23158181
23158182
23158183
23158184
23158185
23158186
23158187
23158188
23158189
23158190
23158191
23158192
23158204
23158220
23158221
23158222
23158223
23158224
23158225
23158234
23158235
23158236
23158240
23158251
23158253
23158522
23158616
23158617
23158618
23158619
23158620
23158621
23158622
23158625
23158626
23158627
23158629
23158630
23158631
23158632
23158633
23158634
23158635
23158636
23158637
23158638
23158639
23158640
23158641
23158642
23158643
23158644
23158645
23158646
23158647
23158648
23158649
23158954
23159225
23159226
23159227
23159228
23159368
23159369
23159897
23159898
23159899
23159900
23159901
23159902
23159903
23159904
23159905
23159906
23159907
23159908
23159929
23159953
23159954
23159955
23159956
23160042
23160043
23160044
23160045
23160046
23160047
23160048
23160049
23160050
23160051
23160052
23160053
23160054
23160055
23160056
23160075
23160076
23160077
23160078
23160079
23160100
23160170
23160205
23160217
23160355
23160474
23160475
23160476
23160571
23160572
23160583
23160587
23160588
23160589
23160590
23160592
23160783
23160784
23160785
23160786
23160787
23160905
23160906
23160907
23160908
23160953
23160954
23160955
23160968
23160969
23160970
23161033
23161034
23161035
23161036
23161037
23161038
23161039
23161040
23161041
23161042
23161043
23161044
23161045
23161046
23161047
23161048
23161049
23161050
23161051
23161709
23161710
23161711
23161712
23161713
23161714
23161715
23161716
23161717
23161718
23161719
23161720
23161721
23161722
23161917
23161919
23161920
23161921
23161923
23161925
23161927
23161928
23161930
23161931
23161932
23161933
23161934
23161935
23161949
23161963
23161964
23161965
23161966
23161967
23161968
23161969
23161970
23161971
23161980
23161986
23161988
23161989
23161990
23161991
23161992
23161993
23161994
23161995
23161998
23161999
23162000
23162001
23162002
23162003
23162822
23162823
23162826
23162849
23162850
23162852
23162853
23162854
23162860
23162861
23162862
23162867
23162868
23162870
23162871
23162872
23162873
23162874
23162875
23162876
23162877
23162878
23162879
23162880
23162881
23162882
23162883
23162884
23162885
23162886
23162887
23162888
23162889
23162912
23162913
23162914
23162921
23162922
23162923
23162924
23162925
23162926
23162927
23162928
23162929
23162930
23162931
23162932
23162933
23162934
23162935
23162936
23162937
23162938
23162939
23162940
23162941
23162942
23162943
23162944
23162945
23162946
23162947
23162948
23162949
23162950
23162951
23162952
23162953
23162954
23162955
23162956
23162957
23162958
23162959
23162960
23162961
23162962
23162963
23162964
23162965
23162966
23162967
23162968
23162969
23162970
23162971
23162973
23162974
23162976
23162977
23162978
23162979
23162980
23162981
23162982
23162983
23162984
23162985
23162986
23162987
23162988
23162989
23162990
23162991
23162992
23162993
23162994
23162995
23162996
23162997
23162998
23162999
23163000
23163001
23163002
23163003
23163004
23163005
23163006
23163007
23163008
23163009
23163010
23163011
23163012
23163013
23163014
23163015
23163016
23163017
23163018
23163019
23163020
23163021
23163022
23163023
23163024
23163025
23163026
23163027
23163028
23163029
23163030
23163031
23163032
23163033
23163034
23163035
23163036
23163037
23163038
23163039
23163040
23163041
23163042
23163043
23163044
23163045
23163046
23163047
23163048
23163049
23163050
23163051
23163052
23163053
23163054
23163055
23163056
23163057
23163058
23163059
23163060
23163061
23163062
23163063
23163064
23163065
23163066
23163067
23163068
23163069
23163070
23163071
23163072
23163073
23163074
23163075
23163076
23163077
23163078
23163079
23163080
23163082
23163083
23163084
23163085
23163086
23163087
23163088
23163089
23163090
23163091
23163092
23163093
23163094
23163095
23163096
23163097
23163098
23163099
23163100
23163101
23163102
23163103
23163104
23163105
23163106
23163107
23163108
23163109
23163110
23163111
23163112
23163113
23163114
23163115
23163116
23163117
23163118
23163119
23163120
23163121
23163122
23163123
23163124
23163125
23163126
23163127
23163128
23163129
23163130
23163132
23163165
23163166
23163167
23163168
23163169
23163170
23163171
23163172
23163173
23163174
23163175
23163176
23163177
23163178
23163179
23163180
23163181
23163182
23163183
23163184
23163185
23163186
23163187
23163188
23163189
23163190
23163191
23163192
23163193
23163194
23163195
23163196
23163197
23163198
23163199
23163200
23163201
23163202
23163203
23163204
23163205
23163206
23163207
23163208
23163209
23163210
23163211
23163212
23163213
23163214
23163215
23163216
23163217
23163218
23163219
23163220
23163222
23163223
23163224
23163225
23163233
23163293
23164112
23164123
23164124
23164141
23164149
23164173
23164407
23164428
23164766
23164767
23164964
23164965
23164966
23164967
23164968
23164969
23164970
23165259
23165260
23165261
23165262
23165263
23165356
23165357
23165448
23165454
23165649
23165650
23165651
23165659
23165660
23165661
23165662
23165663
23165664
23165665
23165667
23165668
23165673
23165674
23165675
23165676
23165677
23166018
23166019
23166073
23166074
23166077
23166078
23166079
23166080
23166081
23166082
23166083
23166084
23166085
23166086
23166226
23166228
23166229
23166230
23166231
23166232
23166233
23166234
23166235
23166236
23166237
23166238
23166239
23166240
23166241
23166242
23166243
23166244
23166245
23166246
23166247
23166248
23166249
23166250
23166251
23166252
23166253
23166254
23166255
23166256
23166257
23166258
23166259
23166260
23166261
23166262
23166263
23166264
23166265
23166266
23166267
23166268
23166269
23166270
23166271
23166272
23166273
23166274
23166275
23166276
23166277
23166278
23166279
23166303
23166370
23166912
23166915
23166918
23166919
23166920
23166921
23166922
23166923
23166924
23166925
23166929
23166930
23166931
23166932
23166933
23166934
23166935
23166936
23166937
23166938
23166939
23166940
23166941
23166942
23166943
23166944
23166945
23166946
23166947
23166948
23166949
23166950
23166951
23166952
23166953
23166968
23166969
23166970
23166971
23166972
23166973
23166974
23166975
23166976
23166977
23166978
23166982
23166983
23166984
23166985
23166986
23166987
23166988
23166989
23166990
23166991
23166992
23166993
23166994
23166996
23166997
23166998
23166999
23167000
23167001
23167002
23167011
23167012
23167013
23167014
23167015
23167016
23167017
23167018
23167019
23167020
23167021
23167022
23167023
23167024
23167025
23167026
23167027
23167028
23167029
23167030
23167031
23167032
23167033
23167034
23167035
23167036
23167037
23167038
23167039
23167040
23167041
23167042
23167043
23167044
23167045
23167046
23167047
23167048
23167049
23167050
23167051
23167052
23167053
23167054
23167055
23167056
23167057
23167058
23167059
23167060
23167061
23167062
23167063
23167064
23167065
23167067
23167068
23167069
23167072
23167073
23167074
23167075
23167076
23167077
23167084
23167085
23167086
23167087
23167088
23167089
23167090
23167120
23167121
23167123
23167124
23167125
23167126
23167127
23167128
23167129
23167130
23167132
23167135
23167136
23167137
23167138
23167139
23167141
23167145
23167146
23167147
23167148
23167149
23167150
23167151
23167152
23167153
23167154
23167155
23167157
23167158
23167159
23167160
23167161
23167162
23167163
23167164
23167165
23167166
23167167
23167168
23167169
23167170
23167171
23167172
23167173
23167174
23167201
23167202
23167203
23167204
23167205
23167206
23167207
23167213
23167214
23167215
23167216
23167217
23167218
23167219
23167220
23167221
23167222
23167223
23167224
23167225
23167226
23167227
23167228
23167229
23167230
23167231
23167232
23167233
23167234
23167235
23167236
23167238
23167239
23167254
23167447
23167483
23167484
23167485
23167486
23167487
23167488
23167489
23167580
23167581
23167582
23167583
23167584
23167585
23167586
23167587
23167588
23168378
23168611
23168802
23168805
23168806
23168807
23168819
23168821
23168822
23168823
23168824
23168825
23168833
23168842
23168843
23168844
23168845
23168846
23168847
23168848
23168849
23168850
23168851
23168852
23168853
23168854
23168855
23168856
23168857
23168858
23168859
23168860
23168861
23168862
23168863
23168864
23168865
23168866
23168867
23168868
23168869
23168870
23168873
23168874
23168875
23168876
23168877
23168978
23168979
23168980
23168981
23168982
23168983
23168985
23168986
23168987
23169000
23169002
23169192
23169193
23169194
23169195
23169196
23169197
23169198
23169252
23169254
23169255
23169256
23169257
23169313
23169314
23169315
23169316
23169317
23169413
23169801
23169802
23169803
23169805
23169806
23169807
23169808
23169809
23169810
23169822
23169823
23169824
23169825
23169826
23169827
23169828
23169829
23169830
23169831
23169832
23169833
23169862
23169863
23169868
23169869
23169870
23169872
23169953
23169954
23169955
23169956
23169957
23169958
23169959
23169960
23169961
23169962
23169963
23169964
23169965
23169967
23169968
23169969
23169970
23169971
23169972
23169973
23169974
23169975
23169976
23169977
23169978
23169979
23169982
23169983
23170011
23170012
23170013
23170014
23170017
23170018
23170057
23170058
23170059
23170060
23170061
23170062
23170760
23170762
23170940
23170941
23170942
23170943
23170944
23170964
23171062
23171063
23171092
23171093
23171094
23171095
23171096
23171097
23171098
23171099
23171100
23171102
23171116
23171117
23171120
23171121
23171172
23171174
23171178
23171179
23171180
23171181
23171183
23171184
23171185
23171186
23171188
23171189
23171190
23171192
23171193
23171194
23171195
23171217
23171289
23171310
23171311
23171312
23171346
23171415
23171484
23171485
23171486
23171487
23171506
23171507
23171557
23171558
23171559
23171560
23171561
23171562
23171563
23171564
23171565
23171566
23171580
23171581
23171582
23171583
23171787
23171788
23171789
23171790
23171792
23171793
23171821
23171822
23171823
23171824
23171825
23171887
23171888
23171889
23171890
23171891
23171892
23171893
23171894
23171895
23171896
23171897
23171898
23171899
23171900
23171901
23171902
23171903
23171904
23171905
23171906
23171907
23171908
23171910
23172020
23172021
23172022
23172023
23172024
23172058
23172061
23172062
23172064
23172065
23172066
23172067
23172068
23172070
23172071
23172073
23172141
23172144
23172178
23172189
23172191
23172192
23172195
23172196
23172197
23172204
23172205
23172206
23172207
23172212
23172213
23172216
23172320
23172321
23172322
23172323
23172324
23172325
23172326
23172330
23172331
23172332
23172333
23172334
23172340
23172341
23172342
23172343
23172344
23172345
23172346
23172347
23172348
23172349
23172350
23172911
23172912
23172913
23172914
23172915
23172916
23172917
23172918
23172938
23172939
23172940
23172941
23172942
23172943
23172944
23172945
23172946
23172947
23172948
23172949
23172950
23172951
23172952
23172958
23173221
23173222
23173223
23173224
23173225
23173226
23173227
23173228
23173229
23173230
23173233
23173243
23173297
23173298
23173299
23173300
23173301
23173302
23173303
23173329
23173330
23173331
23173332
23173333
23173334
23173335
23173336
23173337
23173338
23173339
23173340
23173341
23173342
23173343
23173345
23173346
23173347
23173348
23173349
23173350
23173351
23173357
23173358
23173359
23173360
23173361
23173362
23173363
23173364
23173365
23173366
23173367
23173368
23173369
23173370
23173371
23173372
23173373
23173374
23173375
23173376
23173377
23173378
23173379
23173380
23173381
23173382
23173383
23173384
23173385
23173386
23173387
23173388
23173389
23173390
23173391
23173392
23173394
23173395
23173396
23173397
23173399
23173407
23173408
23173409
23173410
23173411
23173412
23173413
23173428
23173429
23173430
23173431
23173432
23173433
23173434
23173435
23173436
23173437
23173438
23173439
23173440
23173441
23173442
23173484
23173485
23173486
23173487
23173488
23173489
23173490
23173491
23173493
23173494
23173495
23173496
23173497
23173502
23173503
23173504
23173505
23173506
23173507
23173508
23173509
23173510
23173511
23173512
23173513
23173514
23173515
23173516
23173517
23173518
23173519
23173520
23173521
23173522
23173523
23173524
23173525
23173526
23173527
23173528
23173529
23173531
23173532
23173533
23173534
23173535
23173536
23173537
23173538
23173539
23173540
23173541
23173542
23173543
23173545
23173907
23173908
23173932
23173974
23174123
23174321
23174322
23174323
23174324
23174325
23174326
23174327
23174328
23174329
23174330
23174331
23174345
23174677
23174678
23174679
23174680
23174681
23174682
23174683
23174684
23174685
23174686
23174687
23174688
23174689
23174690
23174691
23174960
23174961
23174962
23174972
23174974
23174975
23174976
23174977
23174978
23174979
23174980
23174981
23174982
23174983
23174984
23174985
23174986
23174988
23175479
23175480
23175481
23175483
23175484
23175485
23175486
23175487
23175488
23175489
23175490
23175491
23175492
23175493
23175494
23175495
23175496
23175497
23175574
23175575
23175578
23175628
23175629
23175630
23175631
23175632
23175633
23175634
23175635
23175662
23175663
23175664
23175711
23175712
23175713
23175714
23175717
23175718
23175719
23175720
23175810
23175811
23175812
23175813
23175814
23175815
23175816
23175817
23175818
23175819
23175820
23175821
23175822
23175823
23175824
23175825
23175826
23175827
23175828
23175829
23175830
23175831
23175832
23175833
23175834
23175835
23175836
23175837
23175838
23175839
23175840
23175841
23175842
23175843
23175844
23175845
23175846
23175847
23175848
23175849
23175850
23175851
23175852
23175853
23175860
23175861
23175862
23175863
23175864
23175865
23175866
23175867
23175868
23175869
23175870
23175871
23175872
23175873
23175874
23175875
23175876
23175877
23175878
23175879
23175880
23175881
23175882
23175883
23175884
23175885
23175886
23175887
23175888
23175889
23175890
23175891
23175892
23175893
23175894
23175895
23175896
23175897
23175898
23175899
23175900
23175901
23175902
23175903
23175904
23175905
23175906
23175907
23175908
23175909
23175910
23175911
23175912
23175913
23175914
23175915
23175916
23175917
23175918
23175919
23175920
23175921
23175922
23175923
23175924
23175925
23175926
23175927
23175928
23175929
23175930
23175931
23175932
23175933
23175935
23175936
23175937
23175938
23175939
23175940
23175941
23175942
23175943
23175944
23175945
23175946
23175947
23175948
23175949
23175950
23175951
23175952
23175953
23175954
23175955
23175956
23175957
23175958
23175959
23175960
23175961
23175962
23175963
23175964
23175965
23175966
23175967
23175968
23175969
23175970
23175971
23175972
23175973
23175974
23175975
23175976
23175977
23175978
23175979
23175980
23175981
23175982
23175983
23175984
23175985
23175986
23175987
23175988
23175989
23175990
23175991
23175992
23175993
23175994
23175995
23175998
23175999
23176000
23176003
23176004
23176005
23176008
23176011
23176014
23176015
23176016
23176017
23176718
23176719
23176720
23176721
23176722
23176723
23176724
23176801
23176802
23176901
23176919
23176921
23176922
23176923
23176924
23176925
23176926
23176927
23176928
23176929
23176930
23176931
23176932
23176933
23176934
23176935
23176936
23176937
23176938
23176939
23176940
23176953
23176954
23176955
23176956
23176957
23176958
23176959
23176960
23176961
23176962
23177062
23177063
23177064
23177065
23177066
23177067
23177068
23177069
23177070
23177071
23177072
23177073
23177074
23177075
23177076
23177077
23177078
23177223
23177224
23177225
23177226
23177227
23177228
23177229
23177234
23177235
23177354
23177517
23177519
23177520
23177521
23177630
23177631
23177632
23177633
23177634
23177635
23177636
23177637
23177638
23177639
23177640
23177641
23177642
23177643
23177687
23177691
23177701
23177889
23177890
23177891
23177892
23177893
23177894
23177895
23177896
23177897
23177898
23177899
23177955
23177956
23177957
23177958
23177959
23177960
23177961
23177962
23177963
23177964
23177965
23177966
23177967
23177968
23178017
23178021
23178026
23178029
23178057
23178058
23178059
23178060
23178061
23178062
23178063
23178064
23178065
23178066
23178067
23178068
23178069
23178070
23178071
23178072
23178117
23178118
23178119
23178120
23178121
23178122
23178123
23178124
23178125
23178126
23178127
23178128
23178129
23178599
23178601
23178602
23178603
23178604
23178605
23178606
23178607
23178608
23178609
23178610
23178611
23178612
23178613
23178614
23178880
23178881
23178882
23178883
23179867
23179868
23179877
23179878
23179879
23179880
23179881
23179882
23179883
23179884
23179885
23179886
23179887
23179888
23179889
23179890
23180488
23180494
23180496
23180497
23180499
23180500
23180501
23180502
23180694
23180695
23180696
23180697
23180698
23180699
23180700
23180703
23180704
23180705
23180706
23180707
23180708
23180710
23180713
23180715
23180730
23180731
23180732
23180733
23180734
23180735
23180771
23180774
23180775
23180776
23180830
23180835
23180837
23180838
23180839
23180840
23180841
23180842
23180843
23180844
23180847
23180848
23180849
23180853
23180855
23180856
23180857
23180859
23180860
23182092
23182093
23182094
23182095
23182096
23182097
23182098
23182099
23182100
23182101
23182102
23182103
23182104
23182106
23182107
23182108
23182248
23182251
23182252
23182253
23182254
23182255
23182256
23182257
23182258
23182259
23182260
23182261
23182262
23182263
23182264
23182265
23182266
23182321
23182322
23182323
23182324
23182325
23182326
23182327
23182328
23182329
23182330
23182331
23182332
23182333
23183004
23183005
23183006
23183007
23183059
23183060
23183064
23183065
23183067
23183071
23183072
23183073
23183281
23183284
23183285
23183318
23183319
23183363
23183364
23183365
23183366
23183367
23183368
23183369
23184282
23184283
23184284
23184285
23184365
23184426
23184546
23184547
23184548
23184550
23184682
23184683
23184685
23184686
23184687
23184689
23184690
23184691
23184692
23184693
23184694
23184695
23184696
23184716
23184717
23184718
23184719
23184720
23184721
23184722
23184723
23184724
23184725
23184726
23184740
23184741
23184742
23184743
23184744
23184745
23184746
23184747
23184749
23184750
23184751
23184752
23184753
23184754
23184770
23184771
23184772
23184773
23184774
23184775
23184776
23184777
23184778
23184779
23184780
23184781
23184782
23184783
23184784
23184785
23184786
23184788
23184789
23184790
23184791
23184792
23184793
23184794
23184795
23184796
23184797
23184798
23184799
23184800
23184801
23184802
23184803
23184804
23184805
23184871
23185085
23185086
23185087
23185088
23185089
23185090
23185091
23185092
23185747
23185748
23185779
23185780
23185781
23185782
23185783
23185784
23185785
23185786
23185787
23185788
23185789
23185790
23185791
23185792
23185793
23185794
23185795
23185796
23185797
23185798
23185799
23185800
23185801
23185802
23185803
23185804
23185805
23185806
23185807
23185808
23185809
23185810
23185811
23185812
23185813
23185815
23185816
23185817
23185818
23185819
23185820
23185821
23185822
23185823
23185824
23185830
23185831
23185832
23185833
23185834
23185835
23185836
23185837
23185838
23185839
23185840
23185842
23185843
23185844
23185845
23185846
23185847
23185848
23185849
23185850
23185851
23185852
23185853
23185854
23185855
23185856
23185857
23185858
23185859
23185860
23185861
23185862
23185863
23185864
23185865
23185866
23185867
23185868
23185869
23185870
23185871
23185872
23185873
23185874
23185875
23185876
23185877
23185878
23185879
23185880
23185881
23185882
23185883
23185884
23185885
23185886
23185887
23185888
23185889
23185901
23185902
23185903
23185904
23185905
23185906
23185907
23185908
23185909
23185910
23185911
23185912
23185913
23185914
23185915
23185916
23185917
23185918
23185919
23185920
23185921
23185922
23185923
23185925
23185926
23185927
23185928
23185929
23185930
23185931
23185932
23185938
23185939
23185940
23185941
23185942
23185943
23185944
23185945
23185946
23185947
23185948
23185949
23185950
23185951
23185952
23185953
23185954
23185955
23185956
23185957
23185958
23185959
23185973
23186696
23186697
23186698
23186699
23186700
23186701
23186702
23186703
23186704
23186705
23186909
23186910
23187094
23187095
23187096
23187097
23187098
23187099
23187100
23187104
23187105
23187113
23187290
23187693
23187764
23187765
23187791
23187792
23187793
23187794
23187795
23187796
23188001
23188004
23188005
23188021
23188023
23188024
23188025
23188026
23188027
23188028
23188029
23188030
23188031
23188039
23188631
23188632
23188633
23188634
23188635
23188636
23188637
23188638
23188639
23188640
23188641
23188642
23188645
23188646
23189319
23189321
23189322
23189323
23189324
23189325
23189329
23189330
23189332
23189336
23189337
23189338
23189339
23189340
23189341
23189344
23189345
23189346
23189347
23189348
23189349
23189350
23189351
23189352
23189353
23189354
23189355
23189356
23189357
23189358
23189359
23189360
23189361
23189362
23189363
23189364
23189365
23189366
23189367
23189368
23189369
23189370
23189371
23189372
23189373
23189374
23189375
23189376
23189377
23189378
23189379
23189380
23189381
23189383
23189384
23189385
23189391
23189392
23189406
23189407
23189408
23189409
23189410
23189411
23189412
23189413
23189414
23189415
23189416
23189417
23189418
23189419
23189420
23189421
23189422
23189423
23189424
23189425
23189426
23189427
23189428
23189429
23189430
23189431
23189432
23189433
23189434
23189435
23189436
23189437
23189438
23189439
23189440
23189441
23189443
23189444
23189445
23189446
23189447
23189448
23189449
23189451
23189452
23189453
23189454
23189455
23189456
23189457
23189458
23189459
23189460
23189478
23189479
23189480
23189481
23189482
23189483
23189484
23189485
23189486
23189487
23189488
23189489
23189490
23189491
23189492
23189493
23189494
23189495
23189496
23189497
23189498
23189499
23189500
23189501
23189502
23189503
23189504
23189505
23189506
23189507
23189509
23189510
23189511
23189512
23189513
23189514
23189515
23189516
23189517
23189518
23189519
23189521
23189522
23189523
23189524
23189525
23189526
23189528
23189529
23189530
23189531
23189532
23189533
23189534
23189535
23189537
23189538
23189539
23189540
23189541
23189542
23189543
23189544
23189545
23189546
23189547
23189548
23189549
23189550
23189551
23189552
23189568
23189569
23189570
23189571
23189572
23189573
23189574
23189575
23189576
23189577
23189578
23189579
23189580
23189581
23189582
23189583
23189584
23189585
23189586
23189587
23189588
23189589
23189590
23189591
23189592
23189593
23189594
23189595
23189596
23189597
23189598
23189599
23189600
23189601
23189602
23189603
23189604
23189605
23189606
23189607
23189608
23189609
23189610
23189611
23189612
23189613
23189614
23189716
23189717
23189718
23189719
23189720
23189721
23189722
23189723
23189724
23189725
23189726
23189727
23189728
23189729
23189730
23189731
23189732
23189733
23189734
23189735
23189736
23189737
23189738
23189739
23189740
23189741
23189742
23189743
23189744
23189745
23189746
23189747
23189748
23189749
23189750
23189751
23189752
23189753
23189757
23189758
23189759
23189760
23189761
23189762
23189763
23189764
23189765
23189766
23189767
23189768
23189769
23189770
23189771
23189772
23189773
23189774
23189775
23189776
23189777
23189778
23189779
23189780
23189781
23189782
23189783
23189784
23189785
23189786
23189787
23189788
23189789
23189790
23189791
23189792
23189793
23189794
23189795
23189797
23189798
23189799
23189800
23189801
23189802
23189803
23189804
23189805
23189833
23189834
23189835
23189836
23189837
23189838
23189839
23189840
23189841
23189842
23189843
23189844
23189845
23189846
23189847
23189848
23189849
23189850
23189851
23189852
23189853
23189854
23189855
23189856
23189857
23189858
23189859
23189860
23189861
23189862
23189863
23189864
23189865
23189866
23189867
23189868
23189869
23189870
23189871
23189872
23189873
23189874
23189875
23189876
23189877
23189878
23189879
23189880
23189881
23189882
23189883
23189884
23189885
23189886
23189887
23189888
23189889
23189890
23189891
23189892
23189893
23189894
23189895
23189896
23189897
23189898
23189899
23189900
23189901
23189902
23189903
23189904
23189905
23189906
23189907
23189908
23189909
23189910
23189911
23189912
23189913
23189914
23189915
23189916
23190187
23190219
23190220
23190221
23190222
23190223
23190224
23190225
23190227
23190244
23190266
23190267
23190802
23190803
23190805
23190806
23190808
23190809
23190810
23190811
23190812
23190814
23190816
23190817
23190819
23190820
23190821
23190822
23190823
23190829
23190830
23190831
23190832
23190833
23190834
23190836
23190837
23190838
23190852
23190853
23190854
23190855
23190856
23190857
23190858
23190859
23190860
23190861
23190862
23190863
23190864
23190904
23190905
23190906
23190907
23190908
23190909
23190910
23190911
23190912
23190913
23190914
23190915
23190916
23191959
23191960
23191961
23191962
23191963
23191964
23191965
23191966
23191968
23191969
23191970
23191971
23191972
23191973
23191976
23191977
23191978
23191979
23192057
23192058
23192059
23192060
23192061
23192062
23192063
23192064
23192065
23192066
23192067
23192068
23192069
23192070
23192071
23192072
23192073
23192074
23192075
23192076
23192077
23192078
23192079
23192080
23192107
23192119
23192120
23192121
23192122
23192123
23192125
23192126
23192127
23192129
23192130
23192135
23192139
23192145
23192146
23192148
23192176
23192177
23192178
23192179
23192605
23192609
23192710
23192711
23192712
23192713
23192714
23192715
23192716
23192717
23192718
23192719
23192720
23193090
23193541
23193558
23193561
23193562
23193569
23193570
23193571
23193572
23193574
23193575
23193576
23193577
23193589
23193590
23193591
23193592
23193593
23193594
23193595
23193596
23193597
23193598
23193599
23193600
23193601
23193602
23193603
23193604
23193628
23193629
23193630
23193631
23193632
23193633
23193634
23193635
23193636
23193637
23193638
23193639
23193640
23193644
23193646
23193647
23193648
23193649
23193650
23193651
23193652
23193653
23193654
23193655
23193656
23193657
23193658
23193659
23193660
23193679
23193680
23193681
23193682
23193683
23193684
23193685
23193686
23193687
23193688
23193689
23193690
23193691
23193692
23193693
23193694
23193708
23193709
23193710
23193711
23193712
23193713
23193714
23193715
23193716
23193717
23193718
23193719
23193720
23193721
23193722
23193723
23193724
23193725
23193726
23193727
23193728
23193729
23193730
23193731
23193732
23193733
23193754
23193755
23193756
23193757
23193758
23193759
23193760
23193761
23193762
23193763
23193764
23193765
23193766
23193767
23193768
23193769
23193770
23193771
23193772
23193773
23193774
23193775
23193776
23193777
23193778
23193779
23193780
23193781
23193782
23193783
23193784
23193785
23193786
23193788
23193789
23193790
23193791
23193792
23193793
23193794
23193795
23193796
23193797
23193798
23193799
23193800
23193813
23193814
23193815
23193816
23193817
23193818
23193819
23193820
23193821
23193822
23193823
23193824
23193825
23193826
23193827
23193828
23193829
23193830
23193831
23193832
23193833
23193834
23193835
23193836
23193837
23193838
23193839
23193840
23193841
23193842
23193843
23193844
23193845
23193846
23193847
23193848
23193849
23193850
23193853
23193854
23193855
23193856
23193857
23193858
23193859
23193861
23193862
23193863
23193864
23193865
23193866
23193867
23193868
23193869
23193870
23193871
23193872
23193873
23193874
23193875
23193876
23193877
23193878
23193879
23193880
23193881
23193882
23193883
23193884
23193885
23193886
23193887
23193888
23193889
23193890
23193891
23193892
23193893
23193894
23193895
23193896
23193897
23193898
23193899
23193900
23193901
23193902
23193903
23193904
23193905
23193906
23193907
23193908
23193909
23193910
23193911
23193912
23193913
23193914
23193915
23193916
23193917
23193918
23193919
23194039
23194040
23194041
23194042
23194043
23194044
23194045
23194046
23194047
23194048
23194049
23194050
23194051
23194052
23194115
23194116
23194117
23194118
23194119
23194120
23194121
23194122
23194124
23194125
23194126
23194127
23194128
23194129
23194130
23194131
23194132
23194202
23194203
23194204
23194205
23194206
23194207
23194208
23194209
23194210
23194211
23194212
23194213
23194214
23194215
23194216
23194217
23194237
23194238
23194239
23194240
23194241
23194242
23194243
23194692
23194693
23194937
23194938
23194940
23194941
23194942
23194943
23194944
23194945
23194951
23195357
23195358
23195360
23195361
23195362
23195363
23195364
23195365
23195366
23195367
23195368
23195369
23195370
23195371
23195372
23195373
23195374
23195375
23195376
23195520
23195521
23195522
23195668
23195669
23195670
23195671
23195672
23195673
23195674
23196839
23196840
23196841
23196907
23196908
23196911
23197116
23197117
23197118
23197119
23197120
23197121
23197122
23197123
23197124
23197125
23197126
23197127
23197128
23197500
23197505
23197506
23197509
23197510
23197511
23197512
23197514
23197515
23197517
23197518
23197520
23197523
23197524
23197525
23197526
23197527
23197531
23197532
23197533
23197534
23197535
23197536
23197537
23197583
23197584
23197596
23197597
23197598
23197599
23197600
23197631
23197632
23197633
23197634
23197635
23197636
23197637
23197638
23197639
23197640
23197641
23197642
23197643
23197689
23197690
23197691
23197692
23197693
23197694
23197695
23197696
23197775
23197776
23197777
23197778
23197779
23197780
23197781
23197782
23197783
23197784
23197787
23197798
23197814
23197815
23197816
23197817
23197818
23197819
23197820
23197821
23197822
23197823
23197863
23197864
23197865
23197866
23197867
23197868
23197869
23197870
23197871
23197872
23197873
23197874
23197875
23197876
23198292
23198298
23198300
23198302
23198303
23198304
23198305
23198306
23198307
23198308
23198309
23198310
23198311
23198312
23198313
23198314
23198315
23198316
23198317
23198329
23198330
23198331
23198332
23198333
23198334
23198346
23198347
23198348
23198349
23198351
23198352
23198353
23198354
23198355
23198356
23198357
23198358
23198359
23198360
23198362
23198363
23198364
23198365
23198366
23198367
23198368
23198369
23198370
23198371
23198372
23198373
23198374
23198375
23198376
23198377
23198378
23198381
23198382
23198383
23198384
23198385
23198386
23198387
23198388
23198389
23198390
23198391
23198392
23198393
23198394
23198395
23198396
23198397
23198398
23198400
23198401
23198402
23198403
23198404
23198405
23198406
23198407
23198408
23198409
23198410
23198452
23198453
23198454
23198455
23198456
23198457
23198458
23198459
23198460
23198461
23198462
23198463
23198464
23198465
23198466
23198467
23198468
23198469
23198470
23198471
23198472
23198473
23198474
23198475
23198476
23198477
23198478
23198479
23198480
23198481
23198482
23198483
23198484
23198485
23198486
23198487
23198488
23198489
23198490
23198491
23198492
23198493
23198494
23198495
23198496
23198497
23198498
23198499
23198500
23198501
23198502
23198503
23198504
23198505
23198506
23198507
23198508
23198509
23198510
23198511
23198512
23198513
23198514
23198515
23198516
23198517
23198518
23198519
23198520
23198521
23198522
23198523
23198524
23198525
23198526
23198527
23198528
23198604
23198605
23198606
23198607
23198608
23198609
23198610
23198611
23198612
23198613
23198614
23198615
23198616
23198617
23198619
23198620
23198621
23198622
23198623
23198624
23198625
23198626
23198627
23198628
23198629
23198630
23198631
23198634
23198635
23198636
23198637
23198638
23198639
23198640
23198641
23198642
23198643
23198644
23198645
23198647
23198648
23198649
23198650
23198651
23198652
23198859
23199937
23199938
23199939
23199940
23199941
23199942
23199943
23199944
23199945
23199946
23199947
23199948
23199949
23200483
23200484
23200485
23200486
23200487
23200488
23200490
23200491
23200502
23200503
23200504
23200505
23201211
23201214
23201676
23201679
23201684
23201686
23202280
23202281
23202282
23202283
23202633
23202634
23202635
23202636
23202637
23202638
23202639
23202640
23202641
23202642
23202643
23202644
23202645
23202646
23202647
23202648
23202649
23202650
23202651
23202652
23202653
23202654
23202655
23202981
23202982
23202983
23203999
23204001
23204002
23204003
23204004
23204005
23204006
23204007
23204008
23204009
23204010
23204040
23204041
23204042
23204043
23204044
23204045
23204046
23204047
23204048
23204063
23204149
23204150
23204151
23204152
23204153
23204154
23204155
23204156
23204157
23204332
23204340
23204341
23204343
23204344
23204345
23204346
23204347
23204348
23204376
23204378
23204380
23204381
23204382
23204383
23204434
23204532
23204533
23204534
23204535
23204576
23204577
23204578
23204579
23204580
23204581
23204582
23204583
23204584
23204585
23204586
23204587
23204588
23204589
23204590
23204591
23204592
23205393
23205399
23205400
23205401
23205402
23205490
23205898
23205931
23205932
23205957
23205958
23205959
23205960
23205961
23206282
23206283
23206285
23206286
23206836
23207495
23207496
23207497
23207916
23207917
23207918
23207919
23210132
23210133
23210134
23210140
23210143
23210144
23210145
23210146
23210147
23210148
23210166
23210167
23210168
23210169
23210170
23210171
23210172
23210173
23210174
23210175
23210176
23210177
23210178
23210179
23210180
23210181
23210182
23210183
23210184
23210185
23210186
23210187
23210188
23210189
23210190
23210191
23210192
23210193
23210194
23210195
23210196
23210197
23210198
23210199
23210215
23210216
23210217
23210218
23210219
23210220
23210221
23210222
23210223
23210224
23210225
23210226
23210227
23210228
23210229
23210230
23210231
23210232
23210234
23210235
23210236
23210237
23210238
23210239
23210240
23210241
23210242
23210243
23210244
23210245
23210246
23210247
23210248
23210249
23210250
23210251
23210252
23210253
23210254
23210255
23210257
23210258
23210259
23210260
23210261
23210262
23210263
23210264
23210265
23210266
23210267
23210268
23210269
23210283
23210284
23210285
23210286
23210287
23210288
23210289
23210290
23210291
23210292
23210293
23210294
23210295
23210296
23210297
23210298
23210299
23210300
23210301
23210302
23210303
23210304
23210305
23210306
23210307
23210308
23210309
23210310
23210311
23210312
23210313
23210314
23210315
23210316
23210317
23210318
23210319
23210320
23210321
23210322
23210323
23210324
23210325
23210326
23210327
23210328
23210329
23210330
23210331
23210332
23210333
23210334
23210335
23210336
23210337
23210338
23210339
23210340
23210341
23210342
23210343
23210344
23210345
23210346
23210347
23210348
23210349
23210350
23210351
23210352
23210353
23210369
23210370
23210371
23210372
23210373
23210374
23210375
23210376
23210377
23210378
23210379
23210380
23210381
23210382
23210383
23210384
23210385
23210386
23210387
23210388
23210389
23210390
23210391
23210392
23210393
23210394
23210395
23210396
23210397
