23210398
23210399
23210400
23210401
23210402
23210403
23210404
23210405
23210406
23210407
23210408
23210409
23210410
23210411
23210412
23210413
23210414
23210415
23210416
23210417
23210418
23210419
23210420
23210421
23210451
23210551
23210552
23210553
23210554
23210555
23210556
23210557
23210558
23210559
23210560
23210561
23210620
23210800
23211035
23211723
23211724
23211725
23211726
23211727
23211728
23211729
23211730
23211844
23211845
23211846
23211847
23211848
23211859
23211862
23211864
23212005
23212006
23212007
23212008
23212009
23212010
23212011
23212012
23212013
23212014
23212015
23212016
23212017
23212018
23212019
23212020
23212021
23212022
23212023
23212024
23212025
23212026
23212053
23212054
23212055
23212056
23212057
23212058
23212059
23212060
23212061
23212062
23212065
23212066
23212485
23212486
23212492
23212493
23212494
23212495
23212496
23212497
23212498
23212499
23212500
23212501
23212502
23212506
23212507
23212508
23212514
23212950
23212951
23212952
23212953
23212954
23212955
23212956
23213644
23213645
23213649
23213650
23213653
23213654
23213658
23213669
23213670
23213709
23213710
23213792
23213793
23213794
23213795
23213796
23213797
23213798
23213799
23213800
23213801
23213802
23213803
23213804
23213805
23213806
23213807
23213808
23213809
23213810
23213811
23213812
23213813
23213814
23213815
23213816
23213817
23213852
23213853
23213854
23213855
23213856
23213857
23213858
23213859
23213860
23213861
23213862
23213863
23213924
23213925
23213926
23213927
23213928
23213929
23213930
23213931
23213932
23213933
23213934
23213935
23213936
23213937
23213938
23213939
23213940
23213941
23213942
23213943
23213944
23213945
23213946
23213947
23213948
23213949
23213950
23213951
23213952
23213953
23213954
23213955
23213956
23213957
23213958
23213959
23213960
23213961
23213962
23213963
23213964
23213965
23213966
23213967
23213968
23213969
23213970
23213971
23213972
23213973
23213974
23213975
23213976
23213977
23213978
23213979
23213980
23213981
23213982
23213983
23213984
23213985
23213986
23213987
23213988
23213989
23213990
23213991
23213992
23213993
23213994
23213995
23213996
23213997
23213998
23213999
23214000
23214001
23214002
23214003
23214004
23214005
23214006
23214007
23214008
23214009
23214010
23214011
23214012
23214013
23214014
23214015
23214016
23214017
23214018
23214019
23214020
23214021
23214022
23214023
23214024
23214025
23214026
23214027
23214028
23214029
23214030
23214031
23214032
23214033
23214034
23214035
23214036
23214037
23214038
23214039
23214040
23214041
23214042
23214043
23214044
23214045
23214125
23214126
23214127
23214128
23214129
23214130
23214131
23214132
23214133
23214134
23214135
23214136
23214137
23214138
23214139
23214140
23214141
23214142
23214143
23214144
23214145
23214146
23214147
23214148
23214149
23214150
23214151
23214152
23214153
23214154
23214155
23214156
23214157
23214158
23214159
23214160
23214161
23214162
23214163
23214164
23214165
23214166
23214167
23214168
23214169
23214173
23214174
23214175
23214176
23214179
23214180
23214181
23214183
23214189
23214190
23214191
23214192
23214193
23214194
23214195
23214196
23214197
23214198
23214199
23214200
23214201
23214202
23214203
23214204
23214227
23214228
23214229
23214230
23214231
23214232
23214233
23214234
23214235
23214236
23214237
23214238
23214239
23214240
23214241
23214259
23214260
23214261
23214262
23214263
23214264
23214265
23214266
23214267
23214268
23214269
23214270
23214271
23214272
23214273
23214274
23214275
23214276
23214277
23214278
23214279
23214280
23214281
23214282
23214283
23214284
23214285
23214286
23214287
23214288
23214289
23214290
23214291
23214292
23214293
23214294
23214295
23214296
23214297
23214298
23214299
23214300
23214301
23214302
23214303
23214304
23214305
23214306
23214307
23214308
23214326
23214327
23214328
23214329
23214330
23214331
23214332
23214333
23214334
23214335
23214336
23214337
23214338
23214339
23214340
23214341
23214358
23214359
23214360
23214361
23214362
23214363
23214364
23214365
23214366
23214367
23214368
23214369
23214370
23214371
23214372
23214373
23214374
23214375
23214376
23214377
23214378
23214379
23214380
23214381
23214382
23214383
23214384
23214385
23214386
23214387
23214388
23214389
23214390
23214391
23214392
23214393
23214394
23214395
23214396
23214397
23214398
23214399
23214400
23214457
23214458
23214459
23214460
23214461
23214462
23215227
23215262
23215265
23215271
23215279
23215281
23215282
23215290
23215295
23215309
23215328
23215330
23215334
23215335
23215336
23215337
23215338
23215339
23215373
23215375
23215388
23215393
23215404
23215422
23215425
23215429
23215431
23215553
23215554
23215555
23215556
23215557
23215558
23215559
23215560
23215561
23215575
23215579
23216230
23216548
23216549
23216616
23217105
23217136
23217223
23217224
23217225
23217226
23217227
23217228
23217229
23217230
23217231
23217232
23217233
23217234
23217235
23217236
23217237
23217238
23217239
23217240
23217439
23217440
23217850
23217851
23217852
23217853
23217856
23217865
23217868
23217869
23218027
23218028
23218029
23218030
23218031
23218032
23218033
23218035
23218036
23218038
23218039
23218042
23220130
23220261
23220348
23220385
23220452
23220505
23220559
23220598
23220683
23220734
23222435
23222436
23222437
23222438
23222439
23222440
23222441
23222891
23222916
23222973
23222974
23222975
23222976
23222977
23222978
23222979
23222980
23222981
23222982
23222983
23222984
23222985
23222986
23222987
23222988
23222989
23223245
23223246
23223452
23223453
23223454
23223458
23223461
23223462
23223463
23223464
23223466
23223467
23223468
23223469
23223470
23223471
23223473
23223475
23223476
23223477
23223478
23223479
23223685
23223686
23223687
23223688
23223689
23223690
23223691
23223692
23224366
23224367
23224368
23224369
23224370
23224371
23224372
23224373
23224524
23224529
23224530
23224531
23224532
23224533
23224534
23224535
23224536
23224537
23224541
23224548
23224549
23224551
23224553
23224554
23224555
23224556
23224557
23224558
23227471
23227472
23227473
23227474
23227483
23227526
23227562
23227566
23227567
23227568
23227569
23227570
23227571
23227572
23227573
23227575
23227576
23227581
23227582
23227583
23227584
23227585
23227586
23227587
23227588
23227589
23227590
23227591
23227592
23227593
23227594
23227595
23227596
23227597
23227598
23227599
23227600
23227601
23227602
23227603
23227604
23227605
23227606
23227607
23227608
23227609
23227610
23227611
23227612
23227613
23227614
23227615
23227616
23227617
23227618
23227619
23227620
23227621
23227622
23227623
23227624
23227625
23227626
23227627
23227628
23227629
23227630
23227631
23227632
23227676
23227677
23227678
23227679
23227680
23227681
23227682
23227683
23227684
23227685
23227686
23227687
23227688
23227689
23227690
23227691
23227692
23227693
23227694
23227695
23227696
23227697
23227698
23227699
23227700
23227701
23227702
23227703
23227704
23227705
23227706
23227720
23227721
23227722
23227723
23227736
23227737
23227738
23227739
23227740
23227741
23227742
23227743
23227744
23227745
23227746
23227747
23227748
23227749
23227750
23227751
23227752
23227753
23227754
23227755
23227756
23227757
23227758
23228172
23229070
23229071
23229072
23229073
23229074
23229075
23230582
23230583
23230590
23230591
23230601
23230602
23230611
23230612
23230614
23230615
23230616
23230617
23230618
23230619
23230621
23230622
23230623
23230635
23230636
23230637
23230638
23230639
23230640
23230641
23230642
23230643
23230644
23230645
23230646
23230647
23230648
23230649
23230650
23230651
23230652
23230653
23230654
23230655
23230656
23230683
23230684
23230685
23230686
23230687
23230688
23230699
23230700
23230701
23230702
23230703
23230704
23230705
23230706
23230707
23230708
23230709
23230710
23230711
23230712
23230713
23230714
23230715
23230716
23230717
23230718
23230719
23230720
23230721
23230722
23230723
23230724
23230725
23230726
23230727
23230728
23230729
23230785
23230786
23230787
23230789
23230790
23230791
23230792
23230793
23230794
23230797
23230798
23230801
23230802
23230804
23230805
23230806
23230807
23230808
23230809
23230810
23230872
23230873
23230874
23230875
23230876
23230877
23230878
23230879
23230880
23230881
23230882
23230883
23230904
23231865
23231866
23231867
23231868
23231869
23231870
23231871
23231872
23231873
23231875
23232656
23232657
23232658
23232659
23232660
23232661
23233914
23233921
23233922
23233923
23233924
23233925
23233926
23233927
23233928
23233929
23233930
23233931
23233932
23233933
23233934
23233935
23233936
23233937
23233938
23233939
23233940
23233941
23233942
23233943
23233944
23233945
23233946
23233947
23233948
23233949
23233950
23233951
23234018
23234019
23234020
23234021
23234022
23234023
23234024
23234025
23234026
23234027
23234028
23234117
23234118
23234119
23234120
23234121
23234122
23234123
23234124
23234128
23234129
23234130
23234131
23234132
23234133
23234134
23234135
23234136
23234137
23234138
23234139
23234140
23234141
23234142
23234143
23234144
23234145
23234146
23234147
23234148
23234149
23234150
23234151
23234152
23234153
23234154
23234155
23234156
23234157
23234158
23234159
23234160
23234161
23234162
23234163
23234164
23234165
23234166
23234167
23234169
23234170
23234171
23234173
23234174
23234175
23234176
23234177
23234178
23234179
23234180
23234181
23234182
23234183
23234184
23234185
23234186
23234187
23234188
23234189
23234190
23234191
23234192
23234470
23234472
23234473
23234513
23234514
23234515
23234516
23234518
23234530
23234534
23234535
23235296
23235297
23235298
23235840
23235851
23235852
23235854
23235855
23235857
23235858
23235860
23235861
23235865
23235866
23235867
23235868
23235872
23235874
23235878
23235882
23235883
23236591
23236592
23236593
23236594
23236595
23236596
23236597
23236598
23236599
23236605
23236607
23236608
23236622
23236626
23236635
23236651
23236655
23236656
23236658
23236659
23236662
23236663
23236664
23236666
23236667
23236668
23236672
23236675
23236676
23236677
23236678
23236680
23236700
23236701
23236702
23236703
23236705
23236706
23236707
23236709
23236719
23236721
23236722
23236723
23236724
23236725
23236727
23236728
23236729
23236730
23236736
23236737
23236738
23236741
23236742
23236746
23236747
23236751
23236752
23236755
23236756
23236758
23236759
23236760
23236762
23236763
23236766
23236767
23236768
23236769
23236770
23236773
23236774
23236775
23236838
23236839
23236840
23236841
23236843
23236844
23236845
23236846
23236848
23236849
23236850
23236851
23236852
23236901
23236905
23236906
23236908
23236911
23236914
23236915
23236916
23236917
23236918
23236919
23236920
23238539
23238540
23238541
23238542
23238543
23238544
23238545
23238546
23238547
23238548
23238549
23238550
23239623
23239624
23239626
23239700
23239706
23239709
23239710
23239712
23239713
23239720
23239722
23239725
23239728
23239729
23239733
23239734
23239736
23239738
23239739
23239740
23240132
23240150
23240159
23240160
23240161
23240162
23240163
23240164
23240165
23240166
23240167
23240168
23240169
23240170
23240171
23240172
23240173
23240174
23240175
23240176
23240177
23240178
23240179
23240180
23240181
23240182
23240183
23240184
23240185
23240186
23240187
23240188
23240189
23240190
23240191
23240192
23240193
23240194
23240195
23240196
23240197
23240198
23240199
23240200
23240201
23240202
23240203
23240204
23240205
23240206
23240207
23240208
23240209
23240210
23240211
23240212
23240213
23240214
23240215
23240216
23240217
23240218
23240219
23240220
23240221
23240222
23240223
23240224
23240225
23240226
23240227
23240228
23240229
23240230
23240231
23240232
23240233
23240234
23240236
23240237
23240238
23240239
23240240
23240241
23240242
23240244
23240253
23240254
23240255
23240256
23240257
23240258
23240259
23240266
23240267
23240268
23240269
23240270
23240271
23240272
23240273
23240274
23240275
23240276
23240277
23240278
23240279
23240280
23240281
23240282
23240283
23240284
23240285
23240286
23240287
23240288
23240289
23240291
23240292
23240293
23240295
23240296
23240297
23240298
23240299
23240300
23240316
23240317
23240318
23240319
23240320
23240321
23240367
23240368
23240369
23240370
23240371
23240372
23240373
23240375
23240377
23240378
23240379
23240380
23240381
23240382
23240383
23240446
23240447
23240448
23240449
23240450
23240451
23240452
23240453
23240454
23240455
23240456
23240457
23240458
23240459
23240460
23240461
23240462
23240463
23240464
23240465
23240466
23240467
23240468
23240469
23240470
23240471
23240472
23240473
23240474
23240475
23240476
23240477
23240478
23240479
23240480
23240481
23240482
23240483
23240484
23240485
23240486
23240487
23240488
23240489
23240490
23240491
23240492
23240493
23240494
23240495
23240496
23240497
23240498
23240499
23240500
23240501
23240502
23240503
23240504
23240505
23240506
23240507
23240508
23240509
23240510
23240511
23240512
23240513
23240514
23240515
23240516
23240517
23240518
23240519
23240520
23240521
23240774
23243670
23243671
23243676
23243677
23243678
23243679
23243680
23243681
23243682
23243683
23243684
23243685
23243686
23243687
23243688
23243689
23243690
23243691
23243692
23243693
23243694
23243695
23243696
23243697
23243698
23243699
23243700
23243701
23243702
23243705
23243706
23243707
23243708
23243709
23243710
23243711
23243712
23243713
23243714
23243715
23243716
23243717
23243718
23243719
23243720
23243721
23243722
23243723
23243724
23243725
23243726
23243727
23243728
23243729
23243730
23243731
23243732
23243733
23243734
23243735
23243736
23243737
23243738
23243739
23243740
23243741
23243742
23243743
23243744
23243746
23243747
23243748
23243749
23243750
23243752
23243753
23243754
23243755
23243756
23243757
23243758
23243759
23243760
23243761
23243762
23243763
23243764
23243766
23243767
23243768
23243769
23243770
23243771
23243772
23243773
23243774
23243775
23243776
23243777
23243778
23243779
23243780
23243781
23243782
23243783
23243784
23243785
23243786
23243787
23243788
23243789
23243790
23243791
23243792
23243793
23243794
23243795
23243796
23243797
23243798
23243799
23243800
23243801
23243802
23243803
23243804
23243805
23243806
23243807
23243808
23243809
23243810
23243811
23243812
23243813
23243814
23243815
23243816
23243817
23243818
23243819
23243820
23243821
23243822
23243824
23243825
23243826
23243827
23243828
23243829
23243830
23243831
23243832
23243834
23243835
23243836
23243837
23243838
23243896
23243897
23243898
23243899
23243900
23243901
23243902
23243903
23243904
23243905
23243906
23243907
23243908
23243909
23243910
23243911
23243912
23243913
23243914
23243915
23243916
23243917
23243918
23243919
23243920
23243921
23243922
23243923
23243924
23243925
23243926
23243927
23243928
23243929
23243930
23243931
23243932
23243933
23243934
23243935
23243936
23243937
23243938
23243939
23243940
23243941
23243942
23243943
23243944
23243945
23243946
23243947
23243948
23243949
23243950
23243951
23243952
23243953
23243954
23243955
23243956
23243957
23243958
23243959
23243960
23243961
23243962
23243963
23243964
23243965
23243966
23243967
23243968
23243969
23243970
23243971
23243972
23243973
23243974
23243975
23243976
23243977
23243978
23243979
23243980
23243981
23243994
23243995
23243996
23243997
23243998
23243999
23244000
23244001
23244002
23244003
23244004
23244005
23245595
23245596
23245597
23245598
23245599
23245600
23245601
23245602
23245603
23245604
23245605
23245606
23245607
23245608
23245609
23245610
23248824
23248825
23248826
23248827
23248828
23248829
23248830
23248831
23248832
23248833
23248834
23248835
23248861
23248862
23248863
23248864
23248865
23248866
23248868
23248869
23248870
23248872
23248873
23248875
23248876
23248877
23248878
23248879
23248880
23248881
23248882
23248883
23248884
23248885
23248886
23248887
23248888
23248889
23248890
23248891
23248892
23248893
23248894
23248895
23248896
23248897
23248898
23248899
23248900
23248901
23248902
23248903
23248904
23248905
23248906
23248907
23248925
23248926
23248927
23248928
23248929
23248930
23248931
23248932
23248933
23248934
23248935
23248936
23248937
23248938
23248939
23248940
23248941
23248942
23248943
23248944
23248945
23248946
23248947
23248948
23248949
23248950
23248951
23248952
23248953
23248954
23248955
23248966
23248967
23248968
23248969
23248970
23248971
23248972
23248973
23248974
23251913
23251920
23251921
23251923
23251924
23251927
23251929
23251932
23251938
23251939
23251940
23251941
23251942
23251943
23251944
23251948
23251949
23251950
23251953
23251954
23251955
23251956
23251957
23251958
23251959
23251960
23251961
23251962
23251963
23251964
23251965
23251966
23251967
23251968
23251969
23251970
23251971
23251972
23251973
23251974
23251975
23251976
23251977
23251978
23251979
23251980
23251981
23251982
23251983
23251984
23251985
23251986
23251987
23251988
23251989
23251990
23251991
23251992
23251993
23251994
23251995
23251996
23251997
23251998
23251999
23252000
23252001
23252002
23252003
23252004
23252005
23252006
23252007
23252008
23252009
23252010
23252011
23252012
23252013
23252014
23252015
23252016
23252017
23252018
23252019
23252020
23252021
23252022
23252023
23252024
23252025
23252026
23252027
23252028
23252029
23252030
23252031
23252032
23252033
23252034
23252035
23252036
23252037
23252038
23252039
23252040
23252041
23252042
23252043
23252044
23252045
23252046
23252047
23252048
23252049
23252050
23252051
23252052
23252053
23252054
23252055
23252056
23252057
23252058
23252059
23252060
23252061
23252062
23252063
23252064
23252065
23252066
23252067
23252068
23252069
23252070
23252071
23252072
23252073
23252074
23252075
23252076
23252077
23252078
23252079
23252080
23252081
23252082
23252083
23252084
23252085
23252086
23252087
23252088
23252089
23252090
23252091
23252092
23252093
23252094
23252095
23252096
23252097
23252098
23252099
23252100
23252101
23252102
23252103
23252104
23252105
23252108
23252109
23252110
23252111
23252112
23252113
23252114
23252115
23252117
23252118
23252119
23252120
23252121
23252122
23252123
23252124
23252126
23252127
23252137
23252138
23252139
23252140
23252141
23252142
23252143
23252144
23252145
23252146
23252147
23252149
23252150
23252152
23252153
23252154
23252155
23252156
23252157
23252158
23252159
23252160
23252161
23252162
23252163
23252164
23252165
23252166
23252167
23252168
23252169
23252170
23252171
23252172
23252173
23252174
23252175
23252176
23252177
23252178
23252179
23252180
23252181
23252182
23252183
23252185
23252188
23252189
23252190
23252191
23252192
23252193
23252194
23252195
23252196
23252197
23252198
23252199
23252218
23252219
23252220
23252221
23252222
23252223
23252240
23252241
23252242
23252243
23252244
23252245
23252246
23252247
23252248
23252249
23252250
23252251
23252252
23252253
23252254
23252255
23252256
23252257
23252258
23252320
23252321
23252322
23252323
23252324
23252325
23252326
23252500
23252522
23252523
23252524
23252525
23252526
23252527
23252529
23252546
23252550
23256203
23256204
23256205
23256210
23256211
23256212
23256213
23256214
23256215
23256216
23256229
23256230
23256231
23256232
23256233
23256234
23256235
23256236
23256237
23256238
23256239
23256240
23256242
23256245
23256246
23256247
23256248
23256249
23256250
23256251
23256252
23256253
23256254
23256255
23256256
23256257
23256258
23256259
23256260
23256261
23256262
23256263
23256264
23256265
23256266
23256267
23256268
23256269
23256270
23256271
23256272
23256273
23256274
23256275
23256277
23256278
23256279
23256280
23256281
23256282
23256283
23256284
23256285
23256286
23256287
23256288
23256289
23256290
23256291
23256292
23256293
23256294
23256295
23256296
23256297
23256298
23256299
23256300
23256301
23256302
23256303
23256304
23256305
23256306
23256307
23256308
23256309
23256310
23256311
23256312
23256313
23256314
23256315
23256316
23256317
23256318
23256319
23256320
23256321
23256322
23256323
23256324
23256325
23256328
23256329
23256330
23256331
23256332
23256333
23256334
23256335
23256336
23256337
23256338
23256339
23256340
23256341
23256342
23256343
23256344
23256345
23256346
23256347
23256348
23256349
23256350
23256351
23256352
23256353
23256393
23256394
23256395
23256396
23256397
23256398
23256399
23256400
23256402
23256404
23256405
23256407
23256408
23256826
23256827
23256828
23256829
23256830
23256831
23256832
23256833
23256834
23256835
23256836
23257315
23258408
23258409
23258851
23258858
23258865
23258867
23258868
23258869
23258870
23258873
23258877
23258878
23258880
23258883
23258884
23258890
23258891
23258894
23258895
23259158
23259159
23259160
23259161
23259162
23259163
23259164
23259165
23259166
23259167
23259168
23259169
23259170
23259171
23259172
23259173
23259174
23259175
23259176
23259177
23259181
23259182
23259183
23259184
23259199
23259200
23259201
23259202
23259203
23259204
23259205
23259206
23259207
23259208
23259209
23259230
23259231
23259232
23259233
23259234
23259235
23259236
23259237
23259238
23259239
23259240
23259241
23259242
23259243
23259351
23259352
23259353
23259354
23259355
23259356
23259670
23264967
23264968
23264969
23264970
23264971
23264972
23264973
23264974
23264975
23264976
23264977
23264978
23264979
23264980
23264981
23264982
23264983
23264984
23264985
23264986
23264987
23264988
23264989
23264996
23264997
23264998
23264999
23265064
23265065
23265066
23265067
23265068
23265069
23265070
23265071
23265072
23268494
23268495
23268496
23268497
23268509
23268513
23268514
23268515
23268516
23268517
23268518
23268519
23268520
23268521
23268529
23268546
23268547
23268647
23268661
23268662
23268663
23268664
23268665
23268666
23268667
23268668
23268669
23268670
23268671
23268686
23270014
23270015
23270016
23270017
23270018
23270019
23270020
23270021
23270022
23270023
23270024
23270025
23270026
23270028
23270029
23270030
23270031
23270032
23270033
23270034
23270038
23270039
23270040
23270041
23270042
23270043
23270044
23270064
23270065
23270066
23270067
23270068
23270069
23270070
23270071
23270083
23270084
23270085
23270086
23270087
23270088
23270089
23270090
23270091
23270092
23270093
23270094
23270095
23270096
23270097
23270098
23270099
23270101
23270102
23270103
23270104
23270105
23270134
23270135
23270136
23270137
23270138
23270139
23270140
23270141
23270142
23270143
23270144
23270145
23270146
23270147
23270148
23270149
23270150
23270151
23270152
23270153
23270154
23270155
23270156
23270157
23270158
23270159
23270160
23270161
23270162
23270163
23270164
23270165
23270166
23270167
23270168
23270169
23270170
23270171
23270172
23270173
23270174
23270175
23270176
23270177
23270178
23270179
23270180
23270181
23270182
23270183
23270184
23270185
23270186
23270187
23270188
23270189
23270190
23270191
23270192
23270193
23270194
23270195
23270196
23270197
23270198
23270199
23270200
23270201
23270202
23270203
23270204
23270205
23270206
23270207
23270208
23270209
23270210
23270211
23270212
23270213
23270214
23270215
23270216
23270274
23270275
23270276
23270277
23270278
23270279
23270280
23270281
23272375
23272376
23272377
23272378
23272379
23272380
23272381
23272382
23272383
23272384
23272385
23272388
23272389
23272390
23272391
23272392
23272393
23272394
23272395
23272396
23272397
23272398
23272399
23272400
23272401
23272402
23272403
23272405
23272406
23272407
23272408
23272409
23272410
23272411
23272412
23272413
23272414
23272415
23272416
23272417
23272418
23272419
23272420
23272421
23272422
23272423
23272424
23272425
23272426
23272427
23272428
23272429
23272430
23272431
23272432
23272433
23272434
23272435
23272436
23272437
23272438
23272439
23272440
23272441
23272442
23272443
23272444
23272445
23272446
23272447
23272448
23272449
23272450
23272451
23272452
23272453
23272454
23272455
23272456
23272457
23272458
23272459
23272460
23272461
23272462
23272591
23272592
23272593
23272594
23272595
23272596
23272597
23272598
23272599
23272600
23272601
23272602
23272603
23272604
23272605
23272606
23272607
23272608
23272609
23272610
23272611
23272612
23272613
23272614
23272615
23272616
23272617
23272618
23272619
23272620
23272621
23272622
23272623
23272624
23272625
23272626
23272627
23272628
23272629
23272630
23272631
23272632
23272633
23275986
23275987
23275988
23275989
23275990
23275991
23275992
23275993
23275994
23275995
23275996
23275997
23275998
23275999
23276000
23276001
23276002
23276003
23276004
23276005
23276006
23276007
23276008
23276009
23276010
23276011
23276012
23276013
23276014
23276015
23276016
23276017
23276018
23276019
23276020
23276021
23276022
23276023
23276024
23276025
23276026
23276027
23276028
23276029
23276030
23276031
23276032
23276033
23276034
23276035
23276036
23276037
23276038
23276039
23276040
23276041
23276042
23276043
23276044
23276045
23276046
23276047
23276048
23276049
23276050
23276051
23276052
23276053
23276054
23276055
23276056
23276057
23276058
23276059
23276060
23276061
23276062
23276063
23276064
23276065
23278162
23280196
23280198
23280199
23280200
23280201
23280219
23280220
23280221
23280222
23280223
23280224
23280225
23280226
23280227
23280228
23280232
23281503
23281507
23281510
23281511
23281512
23281513
23281514
23281515
23281516
23281517
23281518
23281519
23281520
23281521
23281522
23281532
23281533
23281534
23281535
23281536
23281546
23281547
23281548
23281549
23281550
23281551
23281552
23281572
23281573
23281575
23281920
23281971
23281972
23281973
23281974
23281975
23281976
23281977
23281978
23281979
23281981
23281998
23282001
23282204
23282205
23282206
23282207
23282208
23282209
23282210
23282211
23282369
23283547
23283548
23283549
23283550
23283551
23283552
23283553
23283554
23285514
23285516
23285517
23285518
23285519
23285520
23285521
23285522
23285523
23285524
23285525
23285526
23285527
23285528
23285529
23285530
23285531
23285532
23285533
23285534
23285535
23285536
23285537
23285538
23285539
23285540
23285541
23285542
23285543
23285544
23285545
23285546
23285547
23285548
23285549
23285550
23285551
23285552
23285553
23285554
23285555
23285556
23285557
23285558
23285559
23285560
23285561
23285562
23285563
23285564
23285565
23285566
23285567
23285568
23285569
23285570
23285571
23285572
23285573
23285574
23285575
23285576
23285577
23285578
23285579
23285580
23285581
23285582
23285583
23285584
23285585
23285586
23285587
23285588
23285589
23285590
23285591
23285592
23285593
23285594
23285595
23285596
23285597
23285598
23285599
23285600
23285601
23285602
23285603
23285604
23285605
23285606
23285607
23285608
23285609
23285610
23285611
23285612
23285613
23285614
23285615
23285616
23285617
23285618
23285619
23285620
23285621
23285622
23285623
23285625
23285631
23285641
23285642
23285643
23285644
23285645
23285646
23285647
23285648
23285649
23285650
23285651
23285652
23285653
23285654
23285655
23285656
23285657
23285720
23285721
23285754
23285755
23285756
23285757
23285758
23285759
23285760
23285761
23285762
23285763
23285764
23285765
23285766
23285767
23285768
23285769
23285770
23285771
23285772
23285773
23285774
23285775
23285776
23285777
23285778
23285779
23285780
23285781
23285782
23285783
23285784
23285785
23285786
23285787
23285788
23285789
23285790
23285791
23285792
23285793
23285794
23285829
23285830
23285831
23285832
23285833
23285834
23285835
23285836
23285837
23285838
23286025
23286026
23286027
23286028
23286029
23286030
23286031
23286032
23286033
23286034
23286035
23286036
23286037
23286038
23286039
23286040
23286041
23286042
23286043
23286044
23286045
23286046
23286047
23286048
23286049
23286050
23286051
23286052
23286053
23286054
23286055
23286056
23286057
23286058
23286059
23286060
23286061
23286062
23286063
23286064
23286065
23286066
23286067
23286068
23286069
23286070
23286071
23286072
23286073
23286074
23286075
23286076
23286077
23286078
23286079
23286080
23286081
23286082
23286083
23286084
23286085
23286086
23286087
23286088
23286089
23286090
23286091
23286092
23286093
23286094
23286095
23286096
23286097
23286098
23286099
23286100
23286101
23286102
23286103
23286104
23286105
23286106
23286107
23286108
23286109
23286110
23286111
23286112
23286113
23286114
23286115
23286116
23286117
23286118
23286119
23286120
23286121
23286122
23286123
23286124
23286125
23286126
23286127
23286128
23286129
23286130
23286131
23286132
23286133
23286134
23286135
23286136
23286137
23286138
23286139
23286140
23286141
23286142
23286143
23286144
23286145
23286146
23286147
23286148
23286149
23286150
23286151
23286152
23286153
23286154
23286155
23286156
23286157
23286158
23286159
23286160
23286161
23286162
23286163
23286164
23286165
23286166
23286167
23286168
23286169
23286170
23286171
23286172
23286173
23286174
23286175
23286176
23286177
23286178
23286179
23286180
23286181
23286182
23286183
23286184
23286185
23286186
23286187
23286188
23286189
23286190
23286191
23286192
23286193
23286194
23286195
23287848
23287854
23287889
23287891
23288022
23288038
23288310
23288340
23288372
23288416
23288445
23288447
23288474
23288513
23288516
23288517
23288518
23288523
23288524
23288526
23288528
23288529
23288531
23288535
23288536
23288537
23288538
23288539
23289105
23289106
23289108
23289110
23289111
23289114
23289115
23289117
23289127
23289135
23289157
23289158
23289159
23289160
23289161
23289166
23289167
23289168
23289169
23289170
23289171
23289172
23289173
23289174
23289175
23289177
23289178
23289179
23289180
23289210
23289211
23289212
23289213
23289214
23289215
23289216
23289217
23289218
23289219
23289220
23289221
23289222
23289223
23289224
23289225
23289226
23289227
23289228
23289229
23289230
23289231
23289232
23289233
23289234
23289235
23289236
23289237
23289238
23289251
23289252
23289253
23289254
23289255
23289256
23289257
23289258
23289259
23289260
23289261
23289262
23289263
23289264
23289265
23289266
23289267
23289268
23289269
23289270
23289271
23289272
23289273
23289274
23289275
23289276
23289277
23289278
23289279
23289280
23289281
23289282
23289283
23289284
23289285
23289286
23289287
23289288
23289289
23289290
23290953
23290954
23290955
23290956
23290962
23290965
23293796
23293800
23293801
23293802
23293803
23293804
23293805
23293806
23293807
23293808
23293809
23293810
23293811
23293812
23293813
23293814
23293815
23293816
23293817
23293818
23293819
23293820
23293821
23293822
23293823
23293824
23293825
23293826
23293827
23293828
23293829
23293830
23293831
23293832
23293833
23297427
23297428
23297429
23297433
23297434
23297435
23297437
23297438
23297439
23297440
23297441
23297442
23297443
23297444
23297445
23297446
23297447
23297448
23297449
23297451
23297453
23297455
23297456
23297458
23297460
23297461
23297463
23297464
23297466
23297467
23297472
23297474
23297477
23297478
23297479
23297508
23297509
23297510
23297511
23297512
23297513
23297514
23297515
23297516
23297517
23297518
23297519
23297520
23297521
23297522
23297523
23297524
23297525
23297526
23297610
23297611
23297612
23297613
23297614
23297615
23297616
23297617
23297618
23297619
23297620
23297621
23297622
23297623
23297624
23297625
23297626
23297627
23297628
23297629
23297630
23297631
23297632
23297633
23297634
23297635
23297636
23297637
23297638
23297639
23297640
23297641
23297642
23297643
23297644
23297645
23297646
23299583
23299584
23299585
23299601
23299602
23299603
23299604
23299605
23299606
23299607
23299608
23299609
23299610
23299613
23301248
23301249
23301250
23301251
23301252
23301253
23301254
23301255
23301256
23301257
23301258
23301259
23301260
23301261
23301262
23301264
23301265
23301266
23301267
23301268
23301269
23301270
23301271
23301272
23301273
23301274
23301275
23301276
23301277
23301278
23301279
23301280
23301285
23301286
23301287
23301288
23301289
23301290
23301291
23301292
23301293
23301294
23301295
23301296
23301297
23301352
23301353
23301354
23301355
23301356
23301357
23301358
23301359
23301360
23301361
23301362
23301363
23301364
23301366
23301367
23301368
23301369
23301370
23301371
23301372
23301373
23301374
23301375
23301376
23301377
23301378
23301379
23301380
23301381
23301382
23301383
23301384
23301385
23301386
23301387
23301388
23301389
23301390
23301391
23301392
23301393
23301394
23301395
23301396
23301397
23301398
23301399
23301400
23301401
23301402
23301403
23301404
23301405
23301406
23301407
23301408
23301409
23301410
23301411
23301412
23301432
23301433
23301434
23301435
23301436
23301437
23301729
23301730
23301731
23301732
23301733
23301734
23301735
23301754
23301755
23304709
23304710
23304714
23304731
23304766
23304767
23304789
23304790
23304791
23304792
23304793
23304794
23304795
23304796
23304797
23304805
23304806
23304807
23304808
23304809
23304810
23304811
23304812
23304813
23304814
23304815
23304816
23304817
23304818
23304819
23304820
23304821
23304822
23304823
23304824
23304825
23304826
23304827
23304828
23304829
23304830
23304831
23304841
23304842
23304843
23304844
23304845
23304846
23304847
23304848
23304849
23304858
23304859
23304860
23304861
23304862
23304863
23304864
23304865
23304866
23304867
23304868
23304869
23304870
23304903
23304904
23304905
23304906
23304907
23304908
23304909
23304910
23304911
23304912
23304913
23304914
23304915
23304916
23304992
23304993
23304994
23304995
23304996
23304997
23304998
23304999
23305000
23305001
23305002
23305003
23305004
23305005
23305006
23305007
23305999
23307654
23307707
23307712
23307714
23307715
23307716
23307717
23307718
23307719
23307724
23307731
23307732
23307733
23307734
23307735
23307738
23307739
23307741
23307742
23307743
23310970
23310982
23310983
23310986
23311004
23311005
23311006
23311007
23311008
23311009
23311010
23311011
23311012
23311071
23311072
23311073
23311074
23311075
23311076
23311077
23311078
23311079
23311080
23311081
23311082
23311083
23311084
23311085
23311086
23311087
23311088
23311089
23311091
23311092
23311094
23311095
23311096
23311097
23311098
23311099
23311100
23311101
23311102
23311103
23311111
23311112
23311114
23311115
23311116
23311117
23311118
23311119
23311120
23311121
23311122
23311123
23311124
23311125
23311126
23311127
23311128
23311129
23311234
23311235
23311236
23311237
23311238
23311239
23311240
23311241
23311242
23311243
23311244
23311245
23311246
23311247
23311248
23311249
23311250
23311251
23311252
23311253
23311254
23311255
23311256
23311270
23311271
23311272
23311273
23311274
23311275
23311276
23311277
23311278
23312739
23312740
23312741
23312743
23312755
23316500
23316501
23316502
23316503
23316504
23316505
23316506
23316507
23316508
23316509
23316510
23316511
23316518
23316519
23316520
23316521
23316522
23316523
23316524
23316525
23316526
23320266
23320267
23320268
23320280
23320281
23320282
23320842
23321737
23321739
23321740
23321741
23321742
23321760
23321761
23321762
23321763
23321764
23321765
23321766
23322601
23323270
23323275
23323324
23323325
23323326
23323327
23323328
23323329
23323330
23323331
23323332
23323333
23323868
23323894
23323895
23323896
23323897
23323898
23323899
23323900
23323901
23323902
23323903
23323904
23323906
23323920
23323921
23323922
23326903
23326904
23326905
23326906
23326907
23326908
23326909
23326910
23326911
23326912
23329019
23329023
23329024
23329025
23329028
23329029
23329035
23329036
23329041
23329044
23329045
23329046
23329047
23329048
23329049
23329050
23329051
23330168
23330200
23330201
23330202
23330203
23330204
23330205
23330206
23330207
23330208
23330209
23340614
23340615
23340616
23340629
23340632
23340633
23340634
23340635
23340636
23340637
23340638
23340639
23340640
23340641
23340644
23340645
23342762
23342763
23342764
23342765
23342766
23342767
23342768
23342769
23342770
23343058
23343059
23343060
23343061
23343062
23343063
23343064
23343065
23343066
23343067
23343078
23344676
23346640
23350072
23350073
