26535433
12399812
12399813
12399814
12399815
12399816
12399817
12399818
12399819
12399820
12399821
12399822
12399823
12399824
12399825
12399826
12399827
12399828
12399829
12506315
12506316
12506317
12506318
12506319
12506320
12506321
12506322
12506323
12506324
12506325
12506326
12506327
12506328
12506329
12506330
12852803
12852804
12852805
12852806
12852807
12852808
12852809
12852810
12852811
12852812
12852813
12852814
12852815
12852816
12852817
12852818
12852819
12852820
12852821
12852822
12852823
12852824
12857436
12857437
12857438
12857439
12857440
12857441
12857442
12857443
12857444
12857445
12857446
12857447
12857448
12857449
12857450
12857451
12857452
12857453
12857454
12857455
12857456
12857457
12857458
12857459
12857460
12857461
12857462
12857463
12857464
12857465
12857466
12857467
12857468
12857469
12857470
12857471
12857472
12857473
12857474
12857475
12857476
12857477
12857478
12857479
12857480
12857481
12857482
12857483
12857484
12857485
12857486
12857487
12857488
12857489
12857490
12857491
12857492
12857493
12857494
12857495
12857496
12857497
12857498
12857499
12857500
12857501
12857502
12857503
12857504
12857505
12857506
12857507
12857508
15730758
15730759
15730760
15730761
15730762
15730763
15730764
15730765
15730766
16217900
16217901
16217902
16217903
16217904
16217905
16217906
16217907
16217908
16217909
16609924
16609925
16615032
16615033
16615034
16615035
16649154
16649155
16649156
16649157
16685633
16685636
16685638
16685639
16685640
16685641
16807796
16816991
16835811
16838101
16838102
16841184
16841185
16865554
17151892
17151893
17151894
17151896
17151905
17171515
17203330
17253108
17285400
17285401
17285402
17285403
17294342
17318680
17334876
17378150
17378151
17378152
17378153
17378154
17378155
17378156
17378157
17378158
17378159
17378160
17378161
17378162
17387542
17387543
17440770
17552165
17552166
17552167
17552168
17552169
17552170
17552171
17552172
17552173
17552174
17552175
17552176
17632752
17853077
17853078
17853080
17853088
17853112
17853117
17853119
18317860
18338234
18357680
18357681
18357682
18357683
18357684
18357685
18357686
18357687
18357688
18357689
18357690
18357691
18357692
18357693
18357694
18357695
18357696
18357697
18357698
18357699
18357700
18392739
18392740
18392741
18392742
18392744
18392745
18392746
18392748
18392750
18404412
18415697
18415698
18415699
18425435
18425436
18442271
18465885
18507402
18507403
18590659
18590660
18590661
18590662
18590663
18590664
18590665
18590666
18664169
18664170
18664171
18664172
18664173
18664174
18664175
18664176
18664177
18664178
18664179
18664180
18664181
18664182
18664183
18664184
18664185
18664186
18664187
18664188
18664189
18664190
18709947
18709948
18709949
18709950
18709951
18709952
18709953
18709954
18709955
18709956
18709957
18709958
18709959
18709960
18709961
18709962
18709963
18709964
18712287
18719983
18784901
18787763
18791852
18797820
18806931
18819485
18819486
18819487
18819488
18819489
18819490
18819491
18819492
18819493
18819494
18819495
18819496
18819497
18819498
18819499
18819500
18819501
18819502
18819503
18819504
18822532
18830564
18835942
18835943
18835945
18835946
18835947
18835948
18835949
18835950
18835952
18835953
18840768
18840769
18840770
18840771
18843512
18850317
18852333
18852334
18852335
18852336
18852337
18852338
18853104
18853106
18853107
18854946
18854949
18855104
18923815
18931095
18931096
18931097
18931098
18931099
18931100
18931101
18931102
18936879
18941812
18945920
18945921
18945922
18945923
18945924
18945925
18945926
18945927
18945928
18945929
18972143
18972145
18984777
18998215
19015892
19016333
19023523
19030998
19037665
19037830
19050941
19057859
19066985
19082755
19085068
19089463
19089480
19092168
19092642
19092643
19092646
19104843
19107642
19114618
19114622
19114623
19114624
19114625
19114626
19114627
19114629
19114876
19114877
19115100
19119607
19119608
19119609
19119610
19119611
19119612
19119613
19119614
19119615
19119616
19119617
19119618
19119619
19119620
19119621
19119622
19119623
19119624
19119625
19119626
19119627
19119628
19119646
19119647
19119648
19119649
19119650
19119651
19119652
19119653
19119654
19119655
19119656
19119657
19119658
19119659
19119660
19119661
19119662
19119663
19119664
19123012
19123048
19132520
19139925
19140021
19140022
19140090
19142154
19142155
19142156
19142157
19142158
19142159
19142160
19142161
19142162
19142741
19142742
19148686
19148747
19153887
19156455
19160059
19165608
19166283
19173131
19173576
19178146
19178147
19178167
19182963
19183036
19184537
19184538
19184539
19184540
19184582
19184632
19189057
19189225
19190995
19190996
19191515
19191519
19191520
19191522
19191527
19195994
19198763
19198764
19198893
19199671
19199672
19199681
19199682
19212707
19214759
19214786
19219541
19219562
19219622
19221695
19224140
19224350
19229640
19229653
19240990
19242785
19242791
19247818
19253004
19255721
19258212
19258213
19258214
19258215
19258216
19258217
19258218
19258219
19259622
19262986
19262987
19262989
19263226
19266263
19267247
19274435
19274437
19274439
19277859
19280370
19283339
19283412
19288293
19290550
19294440
19298531
19298533
19298535
19298537
19298538
19298539
19298541
19298542
19301123
19301128
19305954
19308471
19319577
19326246
19330553
19333746
19337866
19343368
19343369
19347252
19347587
19347610
19350211
19350282
19350283
19350284
19350285
19350286
19360445
19365730
19373495
19381692
19381693
19381815
19382402
19382403
19382404
19382405
19382406
19382407
19382408
19382409
19382410
19382411
19382412
19387544
19387693
19387694
19387695
19387711
19387836
19396473
19396548
19404685
19408695
19408696
19408697
19408698
19408699
19408700
19408701
19408702
19408703
19408704
19408705
19408706
19408707
19408708
19408709
19408710
19408711
19408712
19408713
19413586
19413591
19415165
19415498
19415499
19418204
19419783
19421720
19421721
19421862
19434498
19444380
19444381
19444382
19452279
19455274
19455281
19455419
19459049
19466463
19466464
19466465
19466613
19468681
19468762
19471975
19473196
19473337
19473338
19473343
19473344
19473346
19475338
19475339
19475340
19479169
19479170
19479178
19479180
19479181
19479182
19479324
19479379
19480806
19484182
19484183
19484184
19484186
19484275
19484389
19484482
19488679
19488680
19488859
19495555
19495558
19495559
19495986
19495993
19495994
19499178
19499179
19504038
19504134
19506805
19506923
19506924
19507005
19507006
19507007
19507033
19513585
19513766
19517145
19517217
19517239
19521672
19521724
19521749
19521750
19526327
19526328
19533284
19533286
19533372
19533373
19533374
19536639
19543755
19543854
19544048
19545965
19548088
19551411
19554251
19554252
19554264
19554427
19554428
19558135
19558136
19558137
19558138
19558139
19558140
19558141
19558142
19558143
19558144
19558145
19558146
19558147
19558148
19558149
19558150
19558151
19558152
19558153
19558154
19558155
19562260
19564091
19565188
19565331
19565336
19568924
19572094
19572107
19572192
19578805
19582554
19582563
19582564
19588236
19590942
19590943
19592190
19593645
19593646
19593651
19596177
19597753
19597979
19603259
19609211
19609212
19609662
19609663
19617842
19626345
19626427
19626433
19636683
19637898
19639391
19641983
19642665
19642700
19644375
19644376
19645453
19649568
19653079
19653654
19655710
19655744
19655778
19655808
19667991
19667992
19675956
19675962
19682824
19682826
19682827
19682829
19687742
19688225
19688606
19688623
19690897
19692725
19692736
19696677
19696678
19697176
19697177
19697178
19697179
19697180
19710041
19710613
19710614
19713846
19713847
19713848
19713849
19724228
19724229
19727844
19730382
19730999
19734793
19734794
19738469
19738470
19741543
19741545
19752736
19756926
19759056
19759057
19765939
19767322
19774450
19778907
19778908
19782497
19797956
19800754
19803420
19803421
19803422
19803423
19803424
19803425
19803426
19803427
19803428
19803429
19803430
19803431
19803432
19803433
19803434
19803435
19803436
19803437
19806369
19806429
19818575
19819657
19821081
19821082
19821083
19821084
19821085
19821086
19821087
19821088
19821089
19821090
19821091
19821092
19821093
19821094
19821095
19821096
19821097
19821098
19821099
19821100
19821101
19821102
19821103
19821104
19821105
19821106
19821107
19821108
19821109
19821166
19822551
19822552
19822553
19822554
19822555
19822556
19822558
19822559
19822561
19822905
19825787
19828514
19833606
19833607
19833608
19833609
19843498
19843499
19846266
19850988
19850989
19850990
19850991
19850992
19850993
19850994
19850995
19850996
19850997
19854743
19854748
19858540
19875936
19884112
19897471
19912732
19912733
19912734
19912735
19912736
19912737
19912738
19912739
19912740
19912741
19912742
19912743
19912744
19912745
19912746
19918170
19921245
19921402
19934171
19946212
19946216
19946219
19956070
19959318
19968061
19968062
19968063
19968064
19968065
19968066
19968067
19968068
19968069
19968070
19968071
19968072
19968073
19968074
19968075
19968076
19968077
19968078
19968079
19968080
19968081
19968082
19968083
19968084
19968085
19968086
19968087
19968088
19968089
19968090
20002682
20009513
20009522
20009540
20019608
20037806
20037807
20037808
20037809
20037810
20037811
20037812
20037813
20037814
20037815
20037816
20037817
20037818
20037819
20037820
20037821
20037822
20037823
20037824
20037825
20037826
20037827
20037828
20037829
20037830
20049574
20055147
20055148
20055149
20055150
20055151
20055152
20055153
20055154
20055155
20055156
20055157
20055158
20055159
20055160
20055161
20055162
20055163
20055164
20055165
20055166
20055167
20055168
20055169
20055170
20055171
20055172
20055173
20055174
20055175
20055176
20055177
20055178
20055179
20055180
20055181
20055182
20055183
20055184
20055185
20066424
20070879
20075722
20075723
20087607
20089755
20097437
20098321
20098322
20110273
20124997
20124998
20132245
20132246
20132247
20134320
20134321
20138722
20149983
20149984
20149985
20149986
20149987
20149988
20149989
20156225
20156226
20156227
20156228
20156230
20160643
20160644
20160645
20163363
20163364
20163365
20163367
20164764
20168087
20168224
20168225
20171908
20177712
20179882
20179883
20179884
20179885
20179886
20179887
20179888
20179889
20179890
20179891
20179892
20179893
20179894
20186049
20186050
20189847
20207097
20207176
20222904
20224386
20224387
20224388
20224389
20224390
20224391
20224392
20224393
20234795
20234798
20234799
20299385
20300553
20300557
20305552
20306050
20308888
20308889
20337600
20338908
20340018
20340019
20340022
20345985
20345986
20346079
20346080
20350304
20350305
20352220
20352221
20352223
20352224
20352226
20352227
20353022
20353023
20353024
20353025
20353026
20353027
20353028
20353029
20353030
20353031
20353032
20353033
20353034
20353035
20353036
20353037
20353038
20353039
20353040
20353041
20353042
20353043
20353044
20353045
20354855
20354856
20354858
20360172
20360173
20360482
20360483
20360486
20360493
20360496
20360497
20360498
20361329
20364256
20378734
20378736
20378742
20378743
20378744
20378747
20379819
20384605
20385241
20387025
20392288
20392289
20392290
20392291
20392292
20401442
20401443
20401444
20401445
20401446
20401447
20401448
20401449
20401450
20401451
20401452
20401453
20401454
20401485
20407392
20407861
20407862
20407863
20407864
20407865
20407866
20407867
20407868
20407869
20407870
20407871
20407872
20407873
20407874
20407875
20407876
20407877
20407878
20407879
20407880
20407881
20407882
20407883
20407884
20407885
20424513
20428594
20428595
20428596
20428597
20428598
20428599
20431335
20431337
20431339
20431419
20433746
20439351
20439856
20439857
20439858
20439859
20439860
20439861
20439862
20439863
20439864
20439865
20439866
20439867
20439868
20439869
20439870
20439871
20439872
20439873
20439874
20439875
20439876
20439877
20439878
20439879
20439880
20439881
20439882
20439883
20439884
20439885
20439886
20439887
20439888
20439889
20439890
20439891
20439892
20439893
20439894
20439895
20439896
20439897
20439898
20439899
20439900
20439901
20439902
20439903
20439904
20440220
20442668
20451173
20454749
20455901
20456252
20456253
20456258
20462031
20462032
20462033
20462034
20462035
20462036
20462037
20462038
20462039
20462040
20462041
20462042
20462043
20462044
20462045
20462046
20462047
20462048
20462049
20462050
20462051
20462052
20462053
20462054
20462055
20462056
20462057
20466826
20466828
20466833
20466834
20466835
20466836
20473466
20473467
20473468
20473469
20473470
20473471
20473472
20473473
20473474
20473475
20476551
20476552
20476553
20476554
20476555
20476556
20476557
20476558
20476559
20476560
20476561
20476562
20476563
20476564
20476565
20476566
20476567
20476568
20476569
20476570
20476571
20476572
20476573
20476574
20476575
20476576
20476577
20476578
20476579
20476580
20476581
20476582
20476583
20476584
20476585
20480274
20489659
20491813
20491818
20491819
20491820
20491821
20491822
20511636
20511637
20511641
20511642
20512048
20515890
20515893
20515900
20515902
20515907
20515914
20515915
20522434
20522435
20524896
20531227
20535596
20535915
20535916
20535917
20535918
20535919
20535920
20535921
20535922
20535923
20535924
20535925
20535926
20535927
20535928
20535929
20535930
20535931
20535932
20535933
20535934
20535935
20535936
20535937
20535938
20535939
20537419
20545919
20545920
20545921
20545923
20545927
20556566
20556567
20556568
20556569
20556570
20556571
20556572
20556573
20556574
20556575
20556576
20556577
20556578
20556579
20556580
20556581
20556582
20556583
20556584
20556585
20556586
20556587
20556588
20556589
20556590
20556591
20556592
20558419
20558486
20558489
20558490
20558491
20558492
20558493
20560886
20560890
20561311
20561312
20561313
20562133
20562135
20562136
20562137
20562138
20562139
20562140
20562141
20562142
20562143
20562144
20562145
20562146
20562147
20562149
20562150
20562151
20562152
20562153
20562154
20562155
20562156
20562157
20562158
20563237
20566262
20575710
20575711
20575712
20579318
20579319
20581381
20583958
20583959
20584723
20584726
20584731
20586927
20586928
20586929
20586930
20586931
20586932
20586933
20586934
20586935
20586936
20588193
20591408
20596808
20602624
20602871
20602872
20602873
20602874
20602875
20602876
20602877
20602878
20602879
20602880
20602881
20602882
20602883
20602884
20602885
20602886
20602887
20602888
20602889
20602890
20602891
20602892
20602893
20607597
20610172
20610173
20610174
20610175
20610176
20610177
20610660
20616107
20618166
20620022
20623125
20626265
20626266
20626267
20626268
20626269
20628315
20629572
20629573
20629574
20629575
20629576
20629577
20629578
20629579
20629696
20629697
20629698
20629699
20634677
20636300
20636301
20636302
20636304
20636305
20636359
20636360
20636486
20650915
20653605
20659879
20659884
20659886
20660470
20660903
20660906
20662627
20662628
20662629
20665430
20667050
20668111
20669664
20669665
20669666
20669667
20669668
20669669
20669670
20669671
20669672
20669673
20669674
20669675
20669676
20669677
20669678
20669679
20669680
20669681
20669682
20669683
20669684
20669685
20669686
20669687
20670307
20670344
20672252
20673146
20673147
20675702
20677994
20678006
20679424
20679426
20681270
20681271
20681272
20681273
20681274
20681275
20681276
20681277
20681278
20681279
20681280
20681281
20681282
20681283
20681284
20681285
20681286
20681287
20681288
20681289
20681290
20681291
20681958
20683198
20684258
20684259
20684260
20684261
20684262
20684263
20684264
20684265
20684266
20684267
20684268
20684269
20684270
20684271
20684272
20684273
20684274
20684275
20684276
20684277
20684278
20684279
20684280
20684281
20684282
20684283
20684284
20684285
20684286
20684287
20684288
20684289
20684290
20684291
20684292
20684293
20684294
20684295
20684296
20688935
20688936
20688937
20688938
20688939
20688941
20688942
20688943
20688944
20689368
20689369
20689370
20689371
20689372
20689373
20689374
20689375
20689376
20689377
20689378
20689379
20689380
20689381
20689382
20689383
20689384
20689385
20689386
20689387
20689389
20689390
20689391
20689393
20689394
20689395
20689396
20689397
20689398
20689399
20690209
20690832
20691504
20691951
20691952
20691953
20691954
20691955
20693495
20694539
20695814
20695815
20696638
20696639
20696640
20696641
20696642
20696643
20696644
20696645
20698831
20703513
20707821
20708823
20708824
20709430
20709672
20709673
20709674
20709675
20709676
20709677
20709678
20709679
20709680
20709681
20709682
20709683
20709684
20709685
20712444
20714862
20714863
20714864
20714865
20714866
20714867
20714868
20714869
20714870
20714871
20714872
20714873
20714874
20714875
20714876
20714877
20714878
20714879
20714880
20714881
20714882
20714883
20714884
20714885
20714886
20714887
20716324
20716590
20717629
20717630
20717631
20717632
20717633
20717634
20717635
20717636
20717637
20717638
20717639
20717640
20718624
20718625
20718626
20718677
20718678
20718870
20719408
20719424
20719537
20722635
20724031
20724034
20724035
20724053
20724910
20724911
20727620
20727789
20731613
20731623
20732864
20734177
20735488
20735489
20735490
20737582
20738884
20739098
20796007
20796008
20796009
20796010
20796011
20796012
20796013
20796297
20798204
20798206
20798996
20799897
20799923
20799924
20803174
20805196
20809267
20809268
20809905
20810456
20813546
20815267
20815268
20815269
20815270
20815271
20815272
20815273
20815274
20815275
20815276
20815277
20815278
20815279
20815280
20815281
20815282
20815283
20815284
20815285
20815286
20815287
20815288
20815289
20815755
20815756
20815883
20819238
20820055
20820941
20820943
20822932
20822935
20825498
20826095
20826501
20826502
20827515
20830531
20832964
20833446
20838203
20838205
20838920
20838921
20838922
20838923
20838924
20838925
20840223
20842463
20843709
20843712
20845003
20845085
20845086
20846460
20848237
20850902
20851555
20851557
20851620
20851621
20851623
20851624
20851629
20852279
20852280
20852282
20852284
20852285
20852286
20852966
20852967
20855131
20857341
20857342
20857343
20859702
20861718
20862447
20862562
20863722
20864363
20864365
20868527
20868528
20868590
20868591
20868592
20868593
20868594
20868595
20868596
20868597
20868598
20868599
20868600
20868601
20868602
20868603
20868604
20868605
20868606
20868607
20868608
20868609
20868610
20868611
20868612
20868613
20868614
20870427
20870429
20870430
20872091
20872092
20875119
20875752
20876164
20878296
20878364
20878365
20878366
20878552
20880607
20880719
20880720
20882364
20882365
20882366
20883516
20884244
20884247
20884254
20884256
20884658
20886309
20886602
20888165
20888786
20890732
20890733
20920243
20922499
20922500
20922512
20924714
20925121
20925122
20925518
20925533
20926144
20926224
20927663
20929119
20929120
20929121
20929122
20929123
20929124
20929125
20929126
20929127
20929128
20929129
20929130
20929131
20929132
20929133
20929134
20929135
20929136
20929137
20929138
20929139
20929140
20929141
20929142
20929143
20929144
20929145
20929146
20929147
20932119
20932121
20932123
20933358
20934227
20935573
20936436
20937536
20938810
20938811
20938812
20941549
20941550
20942928
20943485
20943486
20943487
20943488
20943489
20943490
20943491
20943492
20943493
20943494
20943495
20943496
20943497
20943498
20945040
20945041
20945042
20945043
20945044
20945045
20945046
20945047
20945048
20945049
20945050
20945051
20947193
20947214
20947236
20947374
20947376
20947377
20947706
20949376
20953844
20953845
20954184
20955452
20957314
20957315
20957316
20957317
20957318
20957319
20957320
20957321
20957322
20957323
20957324
20957325
20957326
20957327
20957328
20957329
20957330
20957331
20957332
20957333
20957448
20957449
20960072
20961633
20961634
20961662
20961663
20961664
20961665
20961668
20963639
20963640
20964803
20965586
20965612
20965613
20966117
20969756
20970202
20970357
20970891
20971655
20971656
20972717
20974497
20974498
20974500
20974667
20977531
20977539
20978866
20980076
20980077
20981513
21029154
21029155
21033423
21033424
21033425
21033426
21033427
21033428
21033429
21033430
21033431
21033432
21033433
21033434
21033435
21033436
21033437
21033438
21033439
21033440
21033441
21033442
21033443
21033444
21033445
21033446
21033447
21033448
21033449
21033450
21033451
21033452
21035209
21036447
21036627
21038642
21038643
21038644
21038645
21038646
21038647
21038648
21038649
21038650
21038651
21038652
21038653
21038654
21038655
21038656
21038657
21038658
21038659
21038660
21038661
21038662
21038663
21039230
21039643
21040323
21044275
21044276
21048429
21048430
21049972
21050548
21050549
21050550
21050551
21050552
21050553
21050554
21050555
21050556
21050557
21050558
21050559
21050560
21050561
21050562
21050563
21050564
21050565
21050569
21051105
21051106
21051472
21053096
21054505
21054508
21054509
21054510
21054955
21054956
21054957
21054958
21054959
21061259
21063892
21068054
21069965
21070346
21070510
21070668
21070884
21073299
21074897
21074899
21075465
21077913
21080683
21082161
21083735
21083736
21083737
21083738
21083739
21083740
21083741
21083742
21083743
21083744
21083745
21084124
21084990
21086145
21090815
21091298
21091818
21091821
21091875
21092901
21092902
21092903
21092904
21092905
21093610
21093939
21095248
21095625
21104176
21104584
21105043
21109317
21110055
21110519
21110521
21111064
21111494
21111632
21112105
21112106
21112645
21113729
21114287
21114322
21114636
21115400
21116481
21116669
21117642
21117647
21117662
21118404
21118409
21121635
21121670
21121696
21125305
21126091
21126151
21126171
21126603
21126782
21128647
21128656
21128671
21128684
21128685
21130507
21130508
21131072
21131074
21131234
21132095
21133394
21133413
21135917
21138249
21138328
21138368
21138369
21138370
21139451
21140183
21140267
21141507
21141508
21141509
21141510
21141511
21141512
21141513
21141514
21141515
21141516
21141517
21141518
21141519
21141520
21141521
21141522
21141523
21141524
21141525
21141526
21141527
21141528
21141529
21141530
21141531
21141532
21141533
21141534
21141535
21141536
21141537
21141538
21141539
21141540
21141807
21141811
21141812
21141873
21141874
21141905
21141906
21141970
21142008
21142020
21142036
21142048
21142053
21142156
21142786
21144717
21145121
21146379
21146380
21146424
21146966
21147895
21148194
21148238
21150766
21150769
21151834
21153560
21153749
21153852
21154827
21154828
21154829
21154830
21154831
21154832
21154833
21154834
21155215
21155216
21155217
21155218
21155219
21155220
21155221
21155222
21155223
21155224
21155225
21155226
21155227
21155228
21155229
21155230
21155231
21155232
21155233
21155234
21155235
21155236
21155237
21155238
21155239
21155240
21155241
21155242
21155243
21155244
21155245
21155246
21155247
21155248
21155249
21155250
21155251
21155252
21155253
21155254
21155533
21155984
21157678
21158023
21158024
21158025
21158026
21158027
21158028
21158029
21158030
21158031
21158032
21158033
21158034
21158035
21158036
21158037
21158038
21158039
21158040
21158041
21158042
21158043
21158044
21158045
21158046
21158047
21158048
21158049
21158050
21158051
21158052
21158053
21158054
21158055
21158056
21158057
21158058
21158059
21158060
21158061
21158099
21158100
21158101
21158102
21158103
21158104
21158105
21158106
21158107
21158108
21158109
21158110
21158111
21158112
21158113
21158114
21158115
21158116
21158117
21158118
21158119
21158120
21158121
21158122
21158123
21158124
21158125
21158126
21158127
21158128
21158129
21158130
21158131
21158521
21158522
21158524
21159392
21159497
21159560
21159726
21161149
21161153
21162290
21162291
21162292
21162293
21162294
21162295
21162296
21162297
21162298
21162299
21162300
21162301
21162303
21162304
21162305
21162306
21162307
21162308
21162309
21162310
21162311
21162312
21162313
21162314
21162315
21162316
21162317
21162318
21162319
21162320
21162321
21162322
21163195
21163542
21163604
21163673
21163899
21165586
21165819
21166186
21166187
21166188
21166189
21166190
21166191
21166192
21166193
21166194
21166195
21166196
21166197
21166198
21166199
21166200
21166201
21166202
21166203
21166204
21166205
21166206
21166207
21166208
21166209
21166210
21166211
21166212
21166213
21166214
21166215
21166216
21166217
21166218
21166219
21166220
21166221
21166222
21166223
21166224
21166225
21166226
21166227
21166228
21166229
21166230
21166231
21166232
21166233
21166234
21166235
21166236
21166237
21166238
21166239
21166240
21166241
21166242
21166243
21166244
21166245
21166246
21166247
21166248
21167740
21170492
21170493
21170494
21170495
21170496
21170497
21170498
21170499
21170500
21170501
21170502
21170503
21170532
21170828
21170936
21170937
21170957
21170958
21170961
21170962
21170963
21170987
21170988
21170990
21171015
21171016
21171424
21171425
21171426
21171427
21171428
21171429
21171430
21171431
21171432
21171433
21171434
21171435
21171437
21171438
21171439
21171440
21171441
21171442
21171443
21171444
21171445
21171446
21171447
21171448
21171449
21171450
21171451
21171452
21171453
21171454
21171455
21171456
21171457
21171458
21171459
21171460
21171638
21172906
21174797
21174798
21174799
21174800
21174801
21174802
21174803
21174804
21174805
21174806
21174807
21174808
21174809
21174810
21174811
21174812
21174813
21174814
21174815
21174816
21174817
21174818
21174819
21174820
21174821
21174822
21174823
21174824
21174825
21174826
21174827
21174828
21174829
21174830
21174831
21176757
21176758
21176759
21176760
21176761
21176762
21176763
21176764
21176765
21176766
21176767
21177743
21179786
21179787
21179788
21179789
21179790
21179791
21179792
21179793
21179794
21179795
21179797
21179798
21179799
21179800
21179801
21179802
21179803
21179804
21179805
21179806
21179807
21179808
21179809
21179810
21179811
21179812
21179813
21179814
21179815
21179816
21179817
21179818
21179819
21179820
21179821
21179822
21179823
21179824
21179825
21179826
21179827
21179828
21179829
21179830
21179831
21179832
21179833
21179834
21179835
21179836
21179837
21179838
21179839
21179840
21179841
21179842
21179843
21179844
21179845
21179846
21179847
21179848
21179849
21179850
21179851
21179852
21179853
21179855
21179856
21179858
21180049
21180050
21180051
21180052
21180053
21180054
21180055
21180056
21180057
21180058
21180059
21180060
21180061
21180062
21180063
21180064
21180065
21180066
21180067
21180068
21180069
21180070
21180071
21180072
21180073
21180074
21180075
21180076
21180077
21180078
21180079
21180081
21181381
21182324
21183322
21185162
21185612
21185613
21185741
21185742
21185743
21186104
21186106
21186109
21186187
21186962
21189534
21189535
21189536
21189537
21189538
21189539
21189540
21189541
21189542
21189543
21189544
21189545
21189546
21189547
21189548
21189549
21189550
21189551
21189552
21189553
21189554
21189555
21189556
21189557
21189558
21189559
21189560
21189561
21189562
21189563
21189564
21189565
21189566
21189567
21189568
21189569
21189570
21189571
21189572
21189573
21189574
21189575
21189576
21189577
21189578
21189579
21189580
21189581
21189582
21189583
21189584
21189585
21189586
21189587
21189589
21189590
21189591
21189592
21189593
21189594
21189595
21189596
21189597
21189598
21189599
21189600
21189601
21189602
21189603
21189604
21189605
21189606
21189607
21189608
21190184
21190185
21190187
21190189
21190190
21190192
21190193
21190195
21191626
21192245
21192401
21192402
21192403
21192404
21192405
21192406
21192407
21192408
21192410
21192411
21192412
21192413
21192414
21192415
21192416
21192417
21192418
21192419
21192420
21192421
21192422
21192423
21192424
21192425
21192426
21192427
21192428
21192429
21192430
21192431
21192432
21192433
21193289
21193595
21194781
21194783
21194784
21194909
21194914
21195491
21195503
21195594
21195632
21197421
21198962
21198963
21198964
21204557
21204573
21205676
21205677
21207650
21207651
21207652
21207653
21207654
21207655
21207656
21207657
21207658
21207659
21207660
21207661
21207662
21207663
21207664
21207665
21207666
21207667
21207668
21207669
21207670
21207671
21207672
21207673
21207674
21207675
21207676
21207677
21207678
21207679
21207680
21207681
21207842
21207843
21207844
21207845
21207846
21207847
21207848
21207849
21207850
21207851
21207852
21207853
21207854
21207856
21207857
21207858
21207859
21207860
21207861
21207862
21207863
21207864
21207865
21207866
21207867
21207868
21207869
21207870
21207871
21208790
21210742
21210862
21211949
21213003
21214262
21216575
21216576
21216577
21216578
21217119
21218144
21218153
21218164
21219440
21219783
21219784
21219785
21219786
21219787
21219788
21219789
21219790
21219791
21219792
21219793
21219794
21219795
21219796
21219797
21219798
21219799
21219800
21219801
21219802
21219803
21219804
21219805
21224275
21224276
21224491
21226769
21227668
21227669
21228375
21228387
21231866
21232083
21235623
21235624
21236698
21236699
21236700
21236702
21240840
21240841
21240842
21241442
21242319
21243583
21243584
21243585
21243586
21243587
21243588
21243589
21244522
21244523
21244524
21244525
21244526
21245077
21245408
21246485
21248277
21248623
21252373
21252374
21255860
21255976
21256617
21256724
21257222
21257603
21258271
21258833
21259186
21259187
21261666
21261752
21265878
21266002
21266022
21266371
21267816
21267817
21269818
21273045
21273260
21273263
21273287
21273541
21276087
21277224
21277750
21277810
21278013
21280583
21280615
21280661
21280662
21282067
21282068
21282566
21284712
21284713
21288014
21288017
21288018
21288019
21288263
21290256
21291176
21291178
21291179
21291236
21292504
21292510
21292681
21294106
21294514
21294534
21294554
21294623
21295493
21295791
21296518
21296593
21296852
21296908
21297430
21297431
21298581
21299196
21299234
21299245
21299249
21299784
21302899
21302916
21302917
21302934
21302935
21302970
21303807
21303809
21305295
21305297
21305365
21305450
21305451
21305501
21305502
21305503
21306123
21306124
21306131
21306305
21306306
21306307
21306308
21306309
21306310
21306311
21306312
21306313
21306314
21306315
21306317
21306431
21306432
21307041
21308946
21309012
21309015
21309514
21309531
21309532
21309534
21309548
21309608
21309955
21310600
21311973
21312158
21314130
21314131
21314132
21314133
21314134
21314139
21314918
21315565
21315566
21319329
21320162
21320176
21320177
21320178
21320874
21322124
21323826
21323984
21324054
21324957
21326083
21327425
21327426
21327428
21327432
21327433
21327435
21327436
21327437
21327438
21327547
21327810
21328055
21328056
21328058
21330332
21331573
21331575
21331576
21331577
21332329
21332617
21332619
21332620
21333282
21333603
21333971
21334158
21334222
21334223
21334696
21336089
21336531
21338273
21338476
21338477
21340428
21340429
21340430
21340431
21340432
21340433
21340434
21340435
21340436
21340437
21340438
21340439
21340440
21342678
21343215
21343218
21344605
21345513
21345917
21346535
21347697
21347868
21349472
21350435
21350874
21350934
21351625
21351626
21351627
21351628
21351629
21351630
21351631
21351632
21351633
21351634
21351635
21351636
21351637
21351638
21351639
21351640
21351641
21351642
21351643
21351644
21351645
21351646
21351647
21351648
21351649
21351650
21351651
21351652
21351653
21351654
21351655
21351656
21352350
21352351
21352352
21354825
21354826
21356530
21357185
21358749
21358750
21358751
21358752
21360488
21360489
21360490
21360491
21360492
21360493
21360494
21360495
21360496
21360497
21360498
21360499
21360500
21360501
21360502
21360503
21360504
21360505
21360506
21360507
21360508
21360509
21360510
21360511
21360512
21360513
21360514
21360515
21360516
21360971
21360972
21360973
21360974
21360975
21360976
21360977
21360978
21360979
21360980
21360981
21360982
21360983
21360984
21360985
21360986
21360987
21360988
21360989
21360990
21360991
21362210
21362211
21362212
21362213
21362214
21362215
21362216
21362217
21362218
21362219
21362220
21362221
21362222
21362223
21362224
21362225
21362226
21362227
21362228
21362229
21362230
21362231
21362232
21362233
21362234
21362235
21362236
21362237
21362238
21362239
21362240
21362241
21362242
21362243
21362244
21362245
21362246
21362247
21362248
21362249
21362250
21362251
21362252
21362253
21362254
21362255
21362256
21362257
21362258
21362259
21362260
21362261
21362262
21362263
21362264
21362265
21362266
21362267
21363872
21365179
21366404
21371794
21371804
21371945
21372806
21373783
21373785
21375713
21375719
21375721
21375928
21375929
21375930
21375931
21375932
21375933
21375934
21375935
21375936
21375937
21375938
21375939
21375940
21375941
21375942
21375943
21375944
21375945
21375946
21375947
21375948
21376838
21377336
21377752
21378107
21378482
21378483
21378484
21378485
21378486
21378487
21378488
21378489
21378490
21378491
21378492
21378493
21378494
21378495
21378496
21378497
21378498
21381227
21382692
21382881
21382926
21382956
21382971
21382972
21382973
21383771
21383773
21385857
21387110
21387196
21387200
21387218
21387395
21388343
21388829
21389110
21390404
21390405
21390406
21390407
21390408
21390409
21390410
21390411
21390412
21390498
21391283
21392086
21392096
21392097
21392098
21392099
21394464
21394471
21395680
21395681
21395954
21396836
21398094
21398095
21398319
21398348
21398380
21401860
21402169
21402724
21402735
21403468
21404370
21406421
21410514
21410563
21410815
21411070
21411075
21411175
21414181
21414611
21414614
21416236
21416237
21416479
21416644
21416646
21416647
21417024
21417025
21417026
21417027
21417028
21417029
21417030
21417031
21417032
21417033
21417034
21417035
21417036
21417037
21417038
21417039
21417040
21417041
21417042
21417043
21417044
21417045
21418245
21418549
21418550
21419377
21419378
21419655
21419711
21421291
21421547
21424429
21424682
21425300
21426822
21426823
21426824
21426825
21426826
21426827
21426828
21426829
21426830
21426831
21426832
21426833
21426834
21426835
21428699
21428700
21428701
21428702
21428703
21428704
21429044
21429059
21429615
21429721
21431287
21431289
21431293
21431940
21431943
21431945
21431946
21432844
21432850
21433003
21433004
21433005
21433006
21433037
21436164
21436166
21437685
21437686
21437687
21437689
21437692
21437893
21437896
21438054
21438055
21438056
21438057
21438058
21438059
21438060
21438061
21438062
21438166
21438933
21439788
21439789
21439790
21439791
21439908
21440238
21441041
21441283
21441407
21441554
21441556
21441557
21441560
21442165
21442166
21442167
21442169
21442171
21442173
21442491
21444170
21444930
21445545
21446043
21446049
21446926
21447029
21447030
21447032
21447539
21447783
21448640
21448641
21448643
21448644
21448645
21448646
21448648
21448927
21448929
21450141
21450142
21450143
21450144
21450145
21450348
21450363
21450567
21450606
21450897
21451987
21452193
21453126
21453336
21453414
21453415
21453416
21453417
21453418
21453461
21453941
21453982
21454051
21455971
21455993
21455994
21455995
21455998
21455999
21456002
21456005
21456006
21456008
21456009
21456010
21457295
21457296
21457297
21457937
21458079
21458101
21458789
21459353
21459473
21459807
21461715
21461716
21461717
21461851
21461853
21461854
21461855
21461856
21462309
21463058
21463908
21463922
21463923
21464152
21465315
21465463
21466772
21466773
21466774
21466775
21466776
21466777
21466778
21466779
21466780
21466781
21466782
21466899
21467154
21468025
21468695
21468727
21468728
21469082
21469166
21469215
21470215
21470216
21470379
21470380
21470381
21470384
21470386
21470387
21470696
21471139
21472645
21472849
21472850
21472851
21472866
21472870
21472871
21472872
21472878
21474545
21474547
21474548
21474566
21476868
21477207
21477265
21477960
21478300
21479335
21479602
21479603
21479604
21479605
21479606
21479881
21479882
21479883
21480201
21480218
21480982
21481199
21481341
21481853
21484307
21484461
21484678
21484679
21484680
21484681
21484682
21484683
21484684
21484685
21484686
21484687
21484688
21484689
21484690
21484691
21484692
21484693
21484694
21484695
21484696
21484697
21484698
21484699
21484700
21484701
21484702
21485025
21485026
21485027
21486417
21487696
21487697
21488714
21488956
21489640
21489735
21490000
21490168
21490172
21490173
21490175
21491123
21491254
21491255
21491257
21491261
21491264
21492942
21493689
21493690
21493694
21494229
21494801
21496101
21496103
21496792
21497407
21497469
21497922
21498471
21498473
21499121
21499693
21499875
21499876
21499877
21499878
21500234
21501875
21501878
21501885
21502200
21502201
21502380
21502780
21502781
21502782
21502783
21502784
21502785
21502786
21503801
21504521
21504980
21505723
21505724
21505725
21505726
21505727
21505728
21505729
21505730
21505731
21505732
21505733
21505734
21506026
21506732
21507055
21507056
21507894
21509404
21509405
21509406
21509407
21509408
21509409
21509410
21509411
21509412
21509570
21511342
21511421
21511437
21511438
21511819
21512946
21513929
21513930
21514237
21514397
21514576
21514577
21514579
21514648
21514651
21514844
21514864
21515546
21515547
21516042
21516494
21516593
21517694
21518698
21518702
21518704
21519221
21519222
21520344
21520345
21520346
21520347
21520349
21520407
21521430
21521708
21522021
21522022
21522023
21523341
21523342
21523343
21523344
21523857
21524736
21524813
21525025
21525080
21526357
21526423
21526424
21526426
21527493
21527494
21527495
21527896
21529790
21529796
21529962
21530028
21530124
21530950
21531043
21531044
21531177
21531403
21531469
21531771
21533846
21533847
21533912
21534026
21534028
21534861
21535035
21535102
21535103
21535335
21535426
21536030
21536396
21536456
21536709
21537147
21538075
21538407
21538410
21538700
21538702
21538703
21538705
21540433
21540434
21540435
21540436
21540437
21541689
21541776
21542026
21542027
21542898
21543127
21543132
21543173
21543176
21543177
21543259
21543387
21543991
21543992
21543993
21544534
21544535
21544550
21544633
21544634
21544635
21544636
21544637
21544638
21544639
21544803
21544806
21544898
21545677
21546101
21546102
21546103
21546114
21546141
21546177
21546178
21546180
21546181
21546267
21546296
21546461
21546790
21546936
21547485
21547533
21547542
21547779
21547780
21547781
21547782
21547783
21547784
21547785
21547786
21548114
21548115
21548122
21548124
21548377
21548378
21548379
21548380
21548381
21548382
21548383
21548384
21548385
21548386
21548387
21548388
21548389
21548390
21548391
21548959
21549360
21549535
21550673
21550674
21550756
21550773
21551178
21551214
21551215
21551388
21551389
21551390
21551421
21551423
21552096
21552097
21552099
21553144
21553278
21553279
21553527
21553528
21553529
21553530
21553531
21553532
21553533
21553534
21553535
21553536
21553537
21553538
21553539
21553540
21553541
21553542
21553543
21553544
21555204
21555930
21555931
21555932
21555987
21556733
21556746
21556783
21556785
21557164
21557215
21557386
21557388
21557761
21557762
21557763
21558166
21558303
21558543
21558544
21559883
21559951
21559955
21561666
21561681
21561682
21561685
21562071
21562737
21563325
21564271
21564272
21564273
21565458
21566086
21566200
21566201
21567164
21567170
21567378
21567383
21567657
21567939
21567940
21568718
21569136
21569137
21570262
21571012
21571505
21571506
21571750
21571772
21571875
21571948
21571950
21571951
21571952
21573819
21573915
21573916
21574016
21574077
21574078
21574079
21574835
21574838
21574868
21576184
21576188
21577086
21577087
21584653
21584655
21585247
21585518
21585580
21586406
21586598
21586600
21586601
21586602
21586682
21586683
21586684
21590270
21590555
21591275
21592317
21592319
21592705
21592709
21592711
21592736
21592737
21593280
21593281
21593283
21593808
21594719
21594720
21594813
21595768
21595805
21595859
21596373
21596445
21596498
21596500
21596502
21596623
21596627
21596716
21596800
21597358
21597902
21597936
21598012
21598127
21598128
21598131
21599771
21600561
21600717
21601290
21601292
21601401
21601402
21601403
21601838
21602008
21602034
21602223
21602251
21602290
21602291
21602518
21602664
21603930
21603979
21604028
21604062
21604063
21604219
21604220
21604221
21604222
21604223
21605133
21605143
21605161
21605954
21606075
21606076
21606820
21606821
21606948
21607558
21607559
21607560
21607612
21607724
21607725
21607939
21608073
21608074
21608075
21609946
21609976
21610183
21610201
21610202
21610205
21611878
21611940
21612005
21612332
21612334
21613316
21613319
21615465
21615466
21615467
21615468
21615469
21615522
21615579
21615780
21615782
21615783
21615784
21615811
21616546
21616547
21616645
21616646
21616719
21616975
21616979
21616990
21616993
21617016
21617567
21617638
21618026
21618028
21618201
21618203
21618204
21618205
21618206
21618207
21618208
21618259
21618460
21618508
21618659
21618665
21618666
21618667
21618710
21619808
21619809
21619810
21619811
21619812
21619813
21619814
21619815
21619816
21619817
21619818
21619819
21619820
21619821
21619822
21619823
21619824
21619825
21619826
21619827
21619828
21619829
21619830
21619831
21619832
21620478
21620487
21620488
21620538
21620599
21620601
21620731
21621277
21621313
21621360
21621361
21621363
21621382
21622685
21622687
21622690
21622801
21623900
21623902
21623929
21623980
21623981
21624025
21624026
21624102
21624103
21624453
21626027
21626028
21626516
21627684
21627702
21627704
21627747
21628086
21628353
21628525
21629053
21629058
21629064
21629068
21629102
21629130
21630056
21630376
21630481
21630483
21631885
21631887
21631889
21632192
21632215
21632218
21633845
21633881
21634008
21635576
21635577
21635855
21635856
21635857
21635858
21635859
21635860
21635861
21635862
21635863
21635864
21636186
21636231
21636564
21636565
21636614
21637115
21637132
21637133
21637989
21638103
21638145
21638210
21638327
21638328
21639722
21639726
21639867
21640412
21640666
21640766
21640988
21640989
21641651
21641841
21641844
21641872
21641903
21641941
21642321
21642353
21642835
21643645
21643655
21643706
21643707
21643708
21643794
21643810
21643812
21643813
21644039
21644040
21644042
21644043
21644044
21644045
21644046
21645120
21645121
21645123
21645157
21645980
21645981
21645982
21645984
21646004
21646049
21646362
21646364
21646365
21647665
21647706
21647709
21647710
21647711
21647713
21647760
21647806
21647807
21647860
21647861
21647864
21647865
21647866
21647867
21649714
21649715
21649716
21649853
21649866
21649868
21649869
21649871
21649872
21649873
21649877
21651416
21651441
21652081
21652083
21652157
21652248
21652267
21652517
21652539
21652606
21654217
21654311
21654312
21654313
21654314
21654315
21654339
21655904
21656210
21656211
21656212
21656700
21658872
21658907
21658982
21658983
21659387
21659389
21659624
21659830
21659831
21659832
21659833
21659834
21659895
21660453
21660779
21660780
21660836
21663578
21663579
21663580
21663581
21663582
21663583
21663584
21664084
21664085
21664086
21664087
21664423
21664778
21664779
21664780
21664873
21665204
21665321
21665395
21665396
21665397
21665549
21665877
21666507
21666508
21667051
21667078
21667125
21668294
21668489
21668491
21668493
21668494
21668515
21669238
21669902
21670424
21670426
21671021
21671084
21671102
21671197
21671270
21671304
21671305
21671456
21671479
21671910
21671954
21672103
21672106
21672638
21672639
21672948
21673137
21673482
21673483
21673484
21673485
21673486
21673487
21673488
21673489
21673490
21673491
21673492
21673493
21673494
21673495
21673496
21673497
21674159
21674279
21674281
21674295
21674692
21674693
21674694
21674695
21674696
21674697
21676382
21676387
21676502
21676568
21676635
21676656
21677590
21678022
21678038
21678070
21678172
21678179
21678492
21678494
21679052
21679102
21679104
21680066
21680067
21680124
21680561
21680562
21680609
21680610
21680611
21680612
21681453
21681484
21681485
21681539
21681567
21681568
21681620
21681815
21681816
21681905
21681973
21681975
21681995
21683538
21683800
21683948
21684051
21684052
21684056
21684183
21684184
21684352
21684532
21684704
21684765
21685345
21685353
21685443
21685806
21687906
21687907
21687908
21687909
21687910
21687911
21687912
21687913
21687914
21687915
21687983
21688016
21688134
21688135
21688136
21688171
21688172
21688211
21688310
21688931
21688971
21689163
21689164
21689197
21689340
21689694
21689812
21689900
21690181
21690182
21690183
21690305
21690606
21690607
21691215
21691274
21691742
21691743
21691744
21691782
21691794
21691795
21691800
21691805
21691806
21691917
21692148
21692752
21692755
21692834
21692836
21692839
21692840
21692841
21692842
21692847
21692862
21692863
21692865
21692872
21692873
21693472
21693474
21693507
21693550
21694572
21694573
21694640
21695420
21695421
21695422
21695423
21695470
21695471
21695484
21695504
21695541
21695574
21695745
21695746
21695747
21695775
21696433
21696434
21696435
21696442
21696716
21696902
21697019
21697138
21697209
21697210
21697245
21697266
21698349
21698374
21698375
21698486
21698506
21698782
21698783
21698784
21698786
21699374
21699459
21699460
21699461
21699584
21699585
21699586
21699607
21699609
21699612
21699613
21699709
21699832
21699845
21699854
21700343
21700344
21700345
21700348
21700498
21700505
21701377
21701788
21701789
21701856
21701882
21701883
21701895
21701899
21701940
21701959
21702006
21702008
21702009
21702010
21702011
21702012
21702013
21702015
21702016
21702018
21702020
21702021
21702022
21702023
21702024
21703603
21703672
21703695
21703699
21703708
21703790
21703791
21703792
21703794
21703941
21704390
21704490
21704492
21704494
21704660
21704723
21705236
21705275
21705397
21705786
21705918
21706146
21706147
21706238
21706252
21706294
21706307
21706785
21706786
21706787
21706788
21706789
21706790
21706791
21706792
21706793
21706794
21706795
21706796
21706797
21706798
21706799
21706800
21706801
21706802
21706803
21706804
21706805
21706806
