21706807
21706808
21707257
21707407
21707551
21707741
21707742
21707743
21707754
21707781
21707913
21708439
21708440
21708442
21708443
21708450
21708488
21708792
21708835
21708836
21710179
21710209
21710361
21710362
21710647
21710653
21711127
21711216
21711388
21711389
21711390
21712301
21712348
21712353
21712393
21712462
21712649
21712650
21712651
21712652
21712654
21712701
21712724
21713375
21713376
21713583
21714036
21714591
21714946
21714995
21715024
21715044
21715068
21715117
21715370
21715371
21716319
21717229
21717230
21717251
21717422
21717486
21718253
21718349
21718364
21718975
21719127
21719224
21719225
21719230
21719425
21719515
21719558
21719722
21719726
21719727
21720425
21720426
21720427
21720434
21720439
21720441
21720752
21720770
21720771
21720773
21720774
21720775
21720776
21720783
21720841
21720854
21720916
21721019
21722018
21722190
21722192
21722193
21722194
21722195
21722196
21722197
21723011
21723058
21723059
21723098
21723336
21723344
21723409
21723410
21723411
21723543
21723546
21723608
21723617
21723681
21723684
21724215
21724259
21724260
21724268
21724279
21724348
21724349
21724350
21724351
21724352
21724354
21724355
21724357
21724369
21724432
21724438
21724469
21724470
21724657
21724680
21724681
21724682
21725633
21725668
21725669
21725672
21725871
21725986
21726015
21726017
21726019
21726183
21726184
21726185
21726186
21726273
21726274
21726275
21726276
21726320
21726425
21726659
21726660
21726969
21726970
21726973
21727076
21727898
21727899
21728063
21728064
21728073
21728410
21728928
21729911
21729973
21730015
21730017
21730099
21732027
21732028
21732029
21732030
21732057
21732075
21732102
21732720
21732721
21732866
21732908
21732960
21732989
21732991
21732994
21732995
21733226
21733228
21733229
21733285
21733651
21733715
21733916
21733984
21733986
21733987
21734463
21734469
21734471
21734536
21734537
21734538
21734540
21734541
21734543
21734544
21734545
21734546
21734547
21734548
21734549
21734593
21734721
21735040
21735056
21735205
21735292
21735293
21735294
21735453
21735517
21735518
21735525
21735531
21736507
21736588
21736679
21736877
21736953
21737220
21737352
21737357
21737421
21737434
21737479
21737482
21737820
21737821
21737825
21737827
21738002
21739129
21739177
21739187
21739193
21739224
21739420
21739421
21739422
21739423
21739424
21739425
21739426
21739436
21739528
21740099
21740100
21740102
21740103
21740302
21740314
21740315
21740316
21740317
21740318
21740319
21740320
21740321
21740322
21740323
21740324
21740325
21740347
21740368
21740369
21740370
21740371
21740372
21740373
21740374
21740375
21740376
21740377
21740378
21740379
21740380
21740467
21740468
21741093
21741100
21741190
21741191
21741210
21741636
21741709
21741785
21741855
21741857
21741870
21742355
21742448
21742452
21742558
21742702
21742764
21743072
21743293
21743295
21743342
21743998
21744084
21744096
21744099
21744100
21744176
21744246
21744376
21744378
21745094
21745133
21745179
21745437
21745470
21745663
21746735
21746747
21746748
21746749
21746752
21747124
21747395
21747397
21747399
21748275
21748309
21748464
21748474
21748825
21749170
21749464
21749465
21749466
21749932
21750011
21750012
21750013
21750014
21750015
21750023
21750185
21750186
21750395
21750398
21750399
21750400
21750454
21750456
21750876
21751026
21751275
21751294
21751968
21752063
21752492
21752565
21752621
21752738
21752739
21753788
21755291
21755344
21755345
21755380
21755392
21755579
21755586
21755602
21755603
21756153
21756155
21757025
21757194
21757245
21757524
21757574
21757575
21757576
21757577
21757578
21761133
21761195
21761197
21761215
21761216
21761506
21761507
21762043
21762288
21762353
21762427
21762428
21763028
21763092
21763730
21763777
21764048
21764188
21764189
21764190
21764640
21764811
21764813
21765155
21765157
21765239
21765240
21766212
21766483
21767208
21767212
21767236
21767440
21767587
21767659
21767926
21767991
21767992
21768159
21768205
21768207
21769084
21769100
21769101
21769450
21769486
21769487
21769488
21769489
21769490
21769491
21769610
21769657
21769834
21769836
21769837
21769839
21769840
21769841
21769843
21769844
21769847
21769848
21769849
21769850
21769851
21769988
21769989
21769991
21769992
21769993
21770719
21770722
21770726
21770860
21770904
21771047
21771048
21771049
21771050
21771051
21771055
21771105
21771612
21771821
21771822
21771853
21773814
21773836
21773843
21773883
21773884
21774018
21774033
21774747
21774748
21774922
21774923
21774989
21775034
21775035
21775163
21775179
21775226
21775316
21775317
21775318
21775320
21775408
21775409
21775414
21776016
21776586
21777050
21777084
21777155
21777207
21777294
21777295
21777508
21777509
21777635
21778072
21778159
21778246
21778415
21778416
21778417
21778418
21778419
21778420
21778421
21778465
21779092
21779093
21779916
21779918
21779919
21779924
21779970
21780855
21780983
21781018
21781610
21781611
21781612
21781613
21781614
21781996
21782033
21782297
21782366
21782386
21782472
21782474
21782542
21782543
21782544
21782545
21782546
21782547
21782871
21782882
21782964
21782966
21782983
21783255
21783258
21783264
21783379
21783396
21783454
21784115
21784166
21784167
21784504
21784593
21784663
21784685
21784686
21785115
21785333
21785335
21785468
21785469
21785838
21785881
21785953
21785954
21785955
21785956
21785957
21785958
21785959
21785960
21785962
21785970
21786017
21786118
21786122
21786123
21786152
21786212
21787284
21787285
21787286
21787287
21787288
21787289
21787290
21787291
21787292
21787293
21787294
21787371
21787821
21787855
21787878
21787882
21787888
21788098
21788110
21788731
21788732
21788733
21788734
21788735
21788736
21789502
21789552
21789583
21789609
21789613
21789616
21789618
21789728
21789743
21789747
21789748
21790491
21790660
21790719
21790795
21790796
21790797
21790921
21790925
21790962
21791457
21791459
21791966
21791968
21791969
21791970
21792545
21792555
21792556
21792567
21792579
21792620
21792621
21792641
21792643
21792688
21792734
21792823
21792826
21792829
21792831
21792832
21792834
21792835
21792837
21792838
21792840
21792841
21792842
21793109
21793643
21793644
21793683
21793764
21793769
21793807
21793899
21793941
21793942
21794172
21794852
21794962
21794997
21795072
21795090
21795119
21795254
21795303
21795842
21795843
21795844
21795995
21796366
21796378
21796379
21796480
21796590
21796671
21796672
21796752
21796776
21797715
21797717
21797800
21797805
21797929
21797932
21797933
21797934
21797935
21798375
21798376
21798377
21798378
21798529
21798756
21798781
21798783
21799106
21799128
21799129
21799130
21799131
21799134
21799135
21799144
21799448
21799451
21799482
21800089
21800119
21800122
21800215
21800282
21800283
21800397
21800435
21800436
21800437
21800953
21801089
21801195
21801202
21801236
21801237
21801238
21801305
21801320
21801764
21801775
21801848
21801860
21802176
21802233
21802234
21802371
21802467
21802490
21802802
21802803
21802959
21803112
21803176
21803442
21803450
21803627
21803793
21804101
21804102
21804377
21804611
21805109
21805230
21805297
21805303
21805313
21805314
21805328
21805348
21805379
21805536
21805572
21805580
21805586
21805587
21805596
21806678
21806684
21806685
21806686
21807045
21807117
21807125
21807542
21807955
21809096
21809142
21809452
21809902
21809946
21809954
21810170
21810443
21810487
21810842
21810892
21810995
21810996
21810997
21811005
21811149
21811150
21811809
21811851
21811861
21811878
21811885
21811993
21811994
21811995
21811996
21812014
21812541
21812623
21812704
21812806
21812809
21812814
21812831
21812833
21812834
21812835
21812836
21812837
21812898
21812915
21812943
21813212
21813213
21813214
21813297
21813298
21813329
21813479
21813480
21813481
21813482
21813483
21813485
21813486
21814130
21814284
21814739
21814770
21814809
21814832
21814833
21814838
21815746
21815769
21815772
21815774
21815775
21815780
21815836
21815878
21816123
21816236
21816384
21816512
21816569
21816570
21816573
21816607
21816629
21816631
21816633
21816685
21816722
21816810
21816813
21816854
21817109
21817111
21817112
21817921
21817923
21818146
21818150
21818155
21818621
21818708
21819311
21819312
21819410
21819417
21819418
21819450
21819451
21819802
21819803
21819804
21819805
21819806
21819807
21819808
21819809
21819810
21819811
21820194
21820218
21820263
21820358
21820365
21820772
21820774
21820775
21820776
21820777
21820778
21820779
21820928
21820929
21820930
21820964
21821149
21821154
21821309
21821315
21821653
21821667
21821776
21822116
21822150
21822547
21822629
21822677
21822729
21822742
21822770
21822792
21822918
21822938
21822967
21823206
21823835
21823836
21823837
21824185
21824529
21824737
21824834
21824835
21824836
21824837
21824981
21825967
21825968
21826444
21826464
21826496
21826497
21826536
21826664
21826757
21826786
21827282
21827291
21827363
21827364
21827365
21827366
21827367
21827368
21827526
21827527
21827809
21827822
21828064
21828175
21828229
21828289
21828290
21828292
21829136
21830057
21830082
21830156
21830220
21830222
21830256
21830257
21830290
21830861
21831112
21831117
21831126
21831229
21831259
21831486
21831487
21831489
21831662
21831663
21831665
21831668
21831906
21831907
21831917
21833025
21833491
21833517
21833519
21833521
21833522
21833525
21833526
21833527
21833528
21833529
21833530
21833531
21833533
21833557
21833558
21833571
21833659
21833660
21833742
21833776
21833779
21833788
21833802
21833809
21834064
21834065
21834066
21834067
21834068
21834070
21834102
21834731
21834767
21834785
21834786
21834787
21834788
21834789
21834948
21835087
21835217
21835264
21835272
21835273
21835396
21835468
21835478
21835481
21835513
21835515
21835569
21835570
21835841
21835842
21835843
21836047
21836161
21836644
21837397
21837398
21837412
21837462
21837475
21837500
21837534
21837550
21837756
21838541
21838591
21838766
21838768
21838769
21838770
21838826
21839119
21839123
21839612
21839637
21839792
21839841
21839860
21839861
21840070
21840075
21840077
21840169
21840189
21840266
21840287
21840288
21840346
21840418
21840419
21840427
21840885
21840893
21840930
21840934
21841124
21842149
21842156
21842166
21842167
21842172
21842173
21842216
21842246
21842292
21842333
21842382
21842399
21842424
21842458
21842459
21842518
21842981
21843111
21843112
21843205
21843436
21843437
21843438
21843439
21843440
21843441
21843570
21843662
21843884
21844136
21844604
21844883
21845489
21845831
21845832
21845833
21845834
21845835
21845836
21845837
21845838
21845839
21845840
21845841
21845842
21845843
21845844
21845845
21845846
21845847
21845848
21845849
21845850
21846171
21846172
21846173
21846174
21846183
21846187
21846199
21846200
21846203
21846421
21846501
21846588
21846791
21846792
21847555
21847556
21847561
21847562
21847638
21847657
21847658
21847688
21847690
21847986
21847987
21847988
21847989
21847990
21847991
21847992
21847993
21847994
21847995
21847996
21847997
21847998
21847999
21848000
21848001
21848002
21848003
21848529
21848611
21848612
21848681
21848893
21849263
21849671
21850408
21850409
21850429
21850490
21850495
21850496
21850514
21850522
21850525
21850545
21850718
21850719
21851209
21851210
21851213
21851376
21851425
21851792
21851793
21851796
21851798
21851800
21851801
21851802
21852084
21852085
21852087
21852088
21852089
21852153
21852316
21852317
21852319
21852320
21852322
21852409
21852997
21853232
21853233
21853241
21853265
21853323
21853370
21853476
21853511
21853512
21853518
21854123
21854131
21854132
21854133
21854134
21854135
21854136
21854137
21854138
21854294
21854420
21854479
21854542
21854680
21854681
21854819
21854820
21854878
21855094
21855172
21855296
21855298
21855321
21855416
21855641
21856036
21856124
21856125
21856126
21856127
21856128
21856176
21856177
21856234
21856235
21856252
21856259
21856339
21856347
21856400
21856404
21856431
21856455
21856630
21856792
21856793
21856794
21856795
21857219
21857220
21857245
21857251
21858482
21858534
21858540
21858645
21858656
21858686
21858687
21858907
21859374
21859394
21859395
21859432
21859440
21859515
21859749
21859771
21859773
21859775
21860054
21860055
21860056
21860063
21860226
21861064
21861096
21861200
21861642
21861993
21862112
21862139
21862144
21862159
21862179
21862271
21862272
21862339
21862340
21862346
21862511
21862519
21862704
21862705
21862707
21862708
21862710
21862918
21862919
21862921
21862922
21863201
21863202
21863203
21863204
21863205
21863206
21863207
21863208
21863209
21863210
21863211
21863240
21863241
21863281
21863282
21863283
21863301
21863322
21863355
21863369
21863458
21863460
21863461
21864033
21864608
21864609
21864714
21864726
21864853
21865023
21865051
21865052
21865053
21865094
21865293
21865296
21865305
21865306
21865307
21865309
21865311
21865312
21865313
21865501
21865502
21865503
21865504
21865505
21865506
21865507
21866056
21866058
21866308
21866379
21866380
21866386
21866426
21866570
21866571
21867404
21867600
21867601
21867602
21867603
21867604
21867605
21867606
21867607
21867608
21867609
21867610
21867611
21867612
21867613
21867614
21867615
21867616
21867617
21867618
21867619
21867620
21867621
21867622
21867623
21867624
21867625
21867626
21867627
21867628
21867629
21867630
21867631
21867632
21867633
21867634
21867635
21867636
21867637
21867638
21867639
21867640
21867641
21867642
21867643
21867644
21867645
21867646
21867647
21867648
21867649
21867650
21867651
21867652
21867653
21867654
21867655
21867656
21867657
21867658
21867659
21867660
21867661
21867662
21867698
21867734
21867737
21867780
21868116
21868246
21868250
21868256
21868426
21868431
21868745
21868747
21868752
21869761
21870048
21870090
21870103
21870131
21870155
21870202
21870207
21870211
21870933
21870934
21870975
21871084
21871502
21871511
21871512
21871513
21871514
21871548
21871681
21871682
21871811
21871936
21872206
21872298
21872299
21872302
21872339
21872362
21872363
21872364
21872440
21872441
21872482
21872483
21872484
21872485
21872486
21872487
21872491
21872492
21872493
21872830
21872831
21872853
21872966
21873024
21873075
21873116
21873274
21873276
21873277
21873278
21873300
21873467
21873565
21873592
21873633
21873891
21874057
21874373
21874388
21874511
21874584
21874586
21874611
21874615
21874620
21874658
21875407
21875411
21875413
21875455
21875686
21875695
21875736
21875810
21875820
21875968
21875969
21875970
21875971
21875972
21875973
21875974
21875975
21876548
21876553
21877125
21877136
21877138
21877168
21877171
21877172
21877174
21877217
21877233
21877256
21878001
21878002
21878004
21878357
21878663
21878751
21878805
21879291
21879307
21879315
21879380
21879390
21879810
21880064
21880065
21880066
21880113
21880178
21880179
21880180
21880181
21880182
21880183
21880184
21880185
21880186
21880353
21880380
21880404
21880405
21880467
21880493
21880498
21880500
21880501
21880502
21880510
21880547
21880551
21880613
21880690
21880697
21880991
21881079
21881405
21881406
21881407
21881408
21881409
21881410
21881411
21881412
21881864
21881910
21881981
21882011
21882048
21882054
21882172
21882253
21882254
21882255
21882256
21882257
21882259
21882260
21882285
21882299
21882300
21882301
21882331
21882338
21883037
21883039
21883040
21883041
21883284
21883285
21883377
21883378
21883379
21883382
21883419
21883420
21883421
21883422
21883423
21883424
21883425
21883430
21883441
21883495
21883599
21883600
21883601
21883621
21883628
21883745
21883747
21883748
21883754
21883887
21883892
21883893
21883894
21883895
21883896
21883897
21883898
21883971
21884002
21884007
21884012
21884014
21884015
21884016
21884020
21884023
21884024
21884031
21884601
21884735
21884744
21884776
21884799
21885155
21885251
21885292
21885293
21885298
21885301
21885303
21885355
21885494
21886009
21887723
21887809
21887840
21887841
21888627
21888631
21888962
21888963
21889134
21889138
21889297
21889347
21889474
21889475
21889476
21889477
21889478
21889480
21889547
21889559
21889585
21889591
21889608
21889620
21889790
21889808
21889824
21889871
21889924
21889981
21889996
21890004
21890161
21890213
21890432
21890438
21890439
21890584
21890586
21890589
21890591
21890596
21890908
21892604
21892617
21892625
21892656
21892686
21892691
21892693
21892700
21892749
21892754
21892759
21892795
21893141
21893152
21893153
21893218
21893219
21893437
21893484
21893504
21893505
21893506
21893507
21894158
21894160
21894162
21894171
21894448
21894477
21894508
21894512
21894529
21894576
21895368
21895450
21895463
21895692
21895736
21895749
21895777
21895893
21895905
21895923
21895924
21895926
21895963
21895965
21896235
21896494
21896496
21896497
21896575
21896615
21897111
21897112
21897113
21897115
21897289
21898032
21898040
21898049
21898050
21898082
21898089
21898110
21898111
21898124
21898148
21898166
21898340
21898460
21898461
21898527
21898675
21898787
21899603
21899652
21899653
21899654
21899706
21899707
21899708
21899709
21899711
21899713
21899714
21899906
21899969
21899970
21899971
21900360
21900361
21900548
21900610
21900611
21900612
21901298
21901436
21901457
21901472
21901557
21901581
21901582
21901668
21901794
21902577
21902624
21902710
21902818
21903306
21903307
21903308
21903413
21903889
21903892
21903893
21903894
21903971
21903972
21904191
21904237
21904238
21904242
21904243
21904244
21904832
21904834
21904839
21904939
21904941
21905151
21905152
21905153
21905173
21905204
21905841
21905885
21905888
21905913
21905915
21905972
21906085
21906141
21906143
21906145
21906151
21906152
21906153
21906157
21906158
21906215
21906216
21906419
21906577
21906578
21906632
21906637
21906644
21906645
21906650
21906785
21906787
21906826
21906857
21906894
21906896
21906897
21906898
21907169
21907170
21907171
21907172
21907173
21907258
21907272
21907273
21907313
21907423
21907425
21907427
21907458
21907459
21907470
21907516
21907553
21907623
21907650
21907651
21907977
21907979
21907983
21908082
21908120
21908122
21908123
21908124
21908125
21908201
21908387
21908520
21908522
21908523
21908524
21908848
21908859
21908860
21908861
21908882
21908893
21908898
21908899
21909652
21909653
21909718
21909720
21909723
21909793
21909966
21910002
21910010
21910027
21910033
21910034
21910555
21910557
21910746
21910747
21910754
21910811
21910816
21910819
21910823
21910850
21910953
21911264
21911296
21911298
21911337
21911429
21911913
21912076
21912268
21912269
21912289
21912290
21912291
21912292
21912293
21912294
21912295
21912296
21912297
21912298
21912299
21912300
21912338
21912397
21912419
21912420
21912839
21912861
21912862
21912885
21912928
21912989
21913026
21913027
21913048
21913280
21913338
21913339
21913940
21913968
21913975
21914013
21914127
21914168
21914169
21914170
21914171
21914172
21914215
21914216
21914217
21914218
21914219
21914243
21914244
21914484
21914496
21914497
21914702
21914703
21914704
21914705
21914713
21915608
21915632
21915649
21915653
21915696
21915721
21915746
21915799
21915942
21915943
21915986
21916015
21916017
21916672
21916770
21916771
21916772
21916811
21916812
21916813
21916852
21916930
21916933
21916952
21916953
21916954
21916955
21916956
21916957
21916958
21916971
21917050
21917123
21917125
21917300
21917301
21917302
21917328
21917340
21917341
21917428
21917524
21917731
21918791
21918816
21918850
21918851
21918869
21918875
21918876
21918883
21918889
21918893
21918923
21918955
21919032
21919080
21919550
21919551
21919552
21919553
21919554
21919561
21919564
21919808
21919809
21919916
21919968
21919969
21920008
21920009
21920010
21920011
21920054
21920460
21920467
21920481
21920483
21920484
21920611
21920612
21920613
21920641
21920657
21920847
21920848
21920849
21920856
21920990
21921096
21921791
21921815
21921816
21921817
21921819
21921820
21921821
21921823
21921824
21921825
21922190
21922194
21922202
21922203
21922266
21922267
21922319
21922348
21923305
21923307
21923308
21923327
21923328
21923329
21923560
21923610
21923611
21923659
21923660
21923714
21923837
21923838
21923839
21923863
21923864
21923884
21923894
21923922
21924121
21924224
21924345
21924506
21924533
21924572
21924627
21924631
21924632
21924636
21924638
21924639
21924759
21924760
21924845
21924850
21924851
21924889
21925134
21925215
21925715
21925740
21925744
21925748
21925750
21925756
21925769
21925770
21925778
21925834
21925856
21925883
21925912
21925983
21926099
21926100
21926145
21926146
21926147
21926421
21926423
21926425
21926426
21926428
21926655
21926660
21926898
21926899
21926900
21926901
21927037
21927040
21927806
21927807
21927839
21927852
21927861
21927879
21927940
21927983
21927993
21928044
21928052
21928053
21928075
21928098
21928316
21928374
21928924
21928930
21929293
21929523
21929549
21929550
21929552
21929553
21929616
21930109
21930110
21930291
21930308
21930315
21930316
21930357
21930358
21930443
21930446
21930646
21930647
21930677
21930678
21930679
21930680
21931121
21931122
21931337
21931985
21932031
21932107
21932124
21932141
21932144
21932291
21932328
21932351
21933391
21933392
21933393
21933394
21933395
21933396
21933397
21933460
21933781
21933887
21933944
21934474
21935500
21935667
21935678
21935679
21935680
21935708
21935717
21935718
21935744
21935936
21935943
21935946
21935948
21936012
21936030
21936034
21936638
21936641
21936704
21936740
21936767
21937083
21937084
21937085
21937127
21937130
21937177
21937210
21937211
21937212
21937213
21937244
21937284
21937286
21937292
21937527
21937529
21937530
21937532
21937533
21937535
21937537
21938075
21938392
21938399
21938400
21938409
21938465
21938497
21938524
21938732
21939291
21939292
21939369
21939399
21939527
21939528
21939582
21939588
21939589
21939627
21939629
21939630
21939695
21939776
21939789
21939987
21939988
21940038
21940057
21940092
21940128
21940133
21940144
21940145
21940154
21940155
21940156
21940481
21940483
21940486
21940488
21940489
21940760
21940761
21940984
21940985
21940986
21940987
21941105
21941106
21941107
21941108
21941109
21941110
21941111
21941112
21941113
21941115
21941116
21941117
21941168
21941169
21941214
21942324
21942377
21942513
21942553
21942647
21942759
21942788
21943049
21943150
21943722
21943958
21943960
21944063
21944320
21944321
21944382
21944427
21944570
21944842
21944998
21945135
21945180
21945183
21945199
21945237
21945325
21945354
21945356
21945362
21945363
21945364
21945374
21945375
21945376
21945401
21945403
21945510
21945692
21945739
21945740
21945741
21945743
21945795
21945800
21945801
21945889
21945896
21945899
21945900
21945901
21945942
21945952
21946014
21946015
21946017
21946023
21946027
21946046
21946059
21946117
21946147
21946157
21946196
21946197
21946198
21946199
21946200
21946201
21946202
21946203
21946204
21946205
21946206
21946207
21946208
21946209
21946210
21946211
21946212
21946250
21946341
21946342
21946343
21946443
21946662
21946663
21946664
21946705
21946706
21946769
21946950
21947084
21947207
21947218
21947235
21947249
21947256
21947335
21947383
21947406
21947407
21947408
21947409
21947411
21947412
21947428
21947440
21947441
21947452
21947453
21947454
21947455
21947456
21947462
21947490
21947491
21947552
21947558
21947559
21947560
21947573
21947580
21947601
21947604
21947661
21947664
21947813
21947873
21947887
21947908
21947958
21947975
21948053
21948075
21948090
21948091
21948092
21948093
21948094
21948095
21948483
21948858
21948935
21948936
21948938
21949009
21949011
21949047
21950378
21950482
21950484
21950522
21950559
21950651
21950773
21950959
21951106
21951265
21951294
21951298
21951306
21951308
21951335
21951376
21951396
21951461
21951513
21951575
21951688
21951723
21951837
21951861
21951916
21951947
21951971
21952002
21952006
21952007
21952052
21952072
21952100
21952117
21952140
21952161
21952180
21952224
21952267
21952413
21952495
21952510
21952560
21952668
21952688
21952690
21952691
21952721
21952731
21952790
21952910
21952980
21952981
21953061
21953083
21953084
21953085
21953086
21953087
21953088
21953089
21953133
21953209
21953217
21953240
21953280
21953288
21953296
21953311
21953352
21953378
21953414
21953445
21953572
21953702
21953790
21953859
21953920
21953980
21954115
21954141
21954570
21954571
21954572
21954573
21954574
21954575
21954576
21954577
21954578
21954579
21954580
21954581
21954582
21954583
21954584
21954585
21954586
21954587
21954588
21955180
21955293
21955302
21955329
21955395
21955405
21955474
21955499
21955501
21955502
21955503
21955514
21955529
21955584
21955604
21955605
21955617
21955651
21955652
21955747
21955748
21955817
21955828
21955829
21955837
21956017
21956128
21956143
21956251
21956409
21956453
21956486
21956601
21956604
21956607
21956608
21956798
21957089
21957204
21957205
21957880
21957901
21957942
21958187
21958339
21958365
21958389
21958415
21958425
21958427
21958465
21958466
21958467
21958715
21958909
21958961
21958962
21958982
21959003
21959034
21959042
21959043
21959044
21959045
21959046
21959047
21959048
21959049
21959050
21959054
21959055
21959060
21959086
21959104
21959105
21959106
21959107
21959126
21959181
21959183
21959342
21959359
21959360
21959361
21959362
21959363
21959651
21959842
21959956
21959983
21960032
21960086
21960182
21960299
21960314
21960368
21960488
21960668
21960669
21960670
21961955
21961993
21962025
21962458
21962484
21962485
21962490
21962762
21962816
21962882
21962907
21962908
21962913
21962914
21962915
21962937
21962978
21962981
21962983
21963064
21963068
21963136
21963169
21963199
21963245
21963270
21963291
21963292
21963293
21963467
21963468
21963469
21963470
21963472
21963473
21963475
21963476
21963554
21963556
21963557
21963558
21963559
21963560
21963561
21963562
21963563
21963567
21963569
21963585
21963588
21963794
21963919
21964045
21964192
21964193
21964194
21964262
21964424
21964426
21964428
21964429
21964458
21964480
21964505
21964511
21964564
21964568
21964618
21964619
21964642
21964647
21964721
21964853
21964854
21964855
21964856
21964870
21964880
21964907
21964908
21964909
21964910
21964911
21964942
21964953
21964968
21964984
21965004
21965104
21965129
21965130
21965132
21965156
21965189
21965190
21965191
21965313
21965543
21965589
21965590
21965591
21965592
21966890
21966937
21966947
21967010
21967073
21967075
21967134
21967193
21967241
21967522
21967553
21967602
21967617
21967627
21967634
21967644
21967664
21967680
21967748
21967801
21968011
21968012
21968014
21968103
21968145
21968146
21968147
21968196
21968448
21968500
21968501
21968502
21968698
21968712
21968713
21968762
21968799
21968803
21968804
21968931
21968966
21969090
21969105
21969112
21969210
21969241
21969242
21969307
21969309
21969310
21970361
21970448
21970822
21970844
21970858
21971122
21971207
21971293
21971405
21971483
21971518
21971564
21971646
21971667
21971909
21971932
21971942
21971945
21971993
21972007
21972153
21972179
21972204
21972214
21972324
21972325
21972326
21972328
21972329
21972330
21972331
21972332
21972333
21972334
21972335
21972336
21972523
21972524
21972525
21972526
21972527
21972528
21972529
21972530
21972531
21972532
21972533
21972534
21972535
21972536
21972537
21972538
21972539
21972540
21972541
21972542
21972543
21972544
21972545
21972546
21972547
21972548
21972549
21972550
21972848
21972920
21972976
21973026
21973029
21973049
21973057
21973085
21973163
21973190
21973191
21973222
21973327
21974744
21974899
21974972
21974974
21975086
21975170
21975215
21975252
21975293
21975353
21975369
21975419
21975431
21975451
21975459
21975463
21975529
21975560
21975574
21975601
21975657
21975855
21975970
21976036
21976111
21976141
21976142
21976294
21976298
21976300
21976301
21976355
21976364
21976395
21976407
21976412
21976419
21976437
21976738
21976739
21976740
21976741
21977507
21978132
21978167
21978171
21978225
21978248
21978254
21978279
21978414
21978415
21978428
21978430
21978456
21978472
21978567
21978578
21978601
21978647
21978773
21978774
21978775
21978877
21978879
21978881
21978914
21978915
21978960
21978962
21978963
21978965
21978966
21979130
21979196
21979249
21979252
21979299
21979300
21979301
21979302
21979328
21979380
21979382
21979390
21979412
21979427
21979558
21979581
21979582
21979583
21979788
21979823
21979825
21979903
21979904
21979927
21980020
21980059
21980154
21980156
21980157
21980936
21980989
21981019
21981046
21981061
21981105
21981141
21981270
21981311
21981347
21981349
21981353
21981375
21981807
21981811
21981816
21981936
21981966
21981984
21982050
21982061
21982070
21982116
21982117
21982159
21982274
21982347
21982349
21982350
21982460
21982461
21982462
21982491
21982514
21982624
21982739
21982786
21982788
21982791
21982792
21982793
21982837
21982850
21982864
21982959
21982962
21983095
21983200
21983217
21983231
21983244
21983275
21983330
21983395
21983430
21983455
21983490
21983546
21983794
21983795
21983834
21983855
21983863
21983875
21983883
21983892
21983893
21983894
21983913
21983918
21984056
21984075
21984130
21984223
21984317
21984335
21984358
21984359
21984374
21984376
21984377
21984380
21984381
21984490
21984553
21984554
21984663
21984664
21984665
21984666
21984667
21984668
21984669
21984670
21984671
21984672
21984673
21984674
21984676
21984677
21984678
21984679
21984680
21984681
21984733
21985061
21985079
21985126
21985396
21985404
21985490
21985499
21985527
21985528
21985571
21985607
21985644
21985690
21985860
21985898
21985905
21985909
21986039
21986113
21986228
21986229
21986238
21986242
21986251
21986257
21986309
21986341
21986342
21986458
21986488
21986558
21986635
21986637
21986638
21986672
21986673
21986674
21986677
21986689
21986690
21986691
21986692
21986693
21986694
21986695
21986696
21986697
21986698
21986704
21986707
21986708
21986709
21986723
21986724
21986725
21986884
21986886
21986906
21986907
21986958
21986959
21986982
21987052
21987065
21987085
21987086
21987087
21987099
21987353
21987360
21987365
21987404
21987418
21987429
21987431
21987437
21987450
21987558
21987833
21988074
21988100
21988102
21988103
21988128
21988137
21988279
21988339
21988483
21988549
21988592
21988603
21988612
21988650
21988653
21988674
21988715
21988784
21988826
21988827
21988890
21989039
21989080
21989315
21989354
21989417
21989426
21989506
21989517
21989519
21989572
21989804
21989805
21989806
21989807
21989809
21989829
21989856
21989861
21989903
21989955
21990003
21990016
21990019
21990141
21990263
21990343
21990583
21992010
21992149
21992185
21992440
21992451
21992471
21992550
21992564
21992601
21992629
21992704
21992851
21992858
21992970
21993000
21993001
21993002
21993003
21993004
21993005
21993055
21993171
21993178
21993180
21993199
21993243
21993306
21993335
21993337
21993377
21993493
21993536
21993567
21993589
21993590
21993599
21993769
21993808
21993833
21993834
21993850
21993851
21993852
21993853
21993878
21993879
21993917
21993918
21993979
21994001
21994031
21994034
21994042
21994159
21994163
21994421
21995288
21995426
21995450
21995522
21995551
21995665
21995730
21995780
21995850
21996023
21996055
21996056
21996166
21996269
21996293
21996338
21996355
21996356
21996357
21996358
21996371
21996439
21996539
21996555
21996572
21996573
21996587
21996658
21996981
21996982
21996983
21996984
21996985
21996986
21997125
21997276
21997284
21997436
21997445
21997446
21997447
21997448
21997450
21997452
21997453
21997454
21997455
21997456
21997457
21997458
21997459
21997599
21997600
21997601
21997602
21997604
21997642
21997670
21997675
21997676
21997677
21997678
21997679
21997680
21997893
21998127
21998260
21998439
21998441
21998444
21998446
21999109
21999115
21999137
21999155
21999173
21999187
21999200
21999222
21999244
21999302
21999394
21999396
21999427
21999476
21999484
21999486
21999530
21999577
21999598
21999644
21999656
21999727
21999729
21999730
21999731
21999732
21999733
21999734
21999735
21999736
21999812
21999898
21999901
21999963
22000023
22000113
22000157
22000163
22000294
22000295
22000485
22000524
22000580
22000581
22000593
22000634
22000658
22000664
22000687
22000694
22000805
22000839
22000857
22000858
22000909
22000952
22000976
22000982
22000988
22001063
22001072
22001073
22001138
22001263
22001265
22001289
22001379
22001401
22001524
22001564
22001565
22001590
22001591
22001598
22001604
22001643
22001706
22001707
22001708
22001709
22001710
22001715
22001727
22001774
22001824
22001857
22001858
22001859
22001863
22002010
22002084
22002088
22002110
22002179
22002194
22002226
22002229
22002249
22002250
22002349
22002487
22002488
22002517
22002665
22002682
22002708
22002726
22002793
22002794
22002808
22002814
22002830
22002858
22002872
22002939
22002961
22003033
22003034
22003035
22003036
22003037
22003038
22003039
22003040
22003041
22003042
22003043
22003044
22003873
22003890
22003898
22003958
22003959
22003964
22004001
22004002
22004004
22004008
22004013
22004051
22004061
22004076
22004090
22004109
22004112
22004157
22004169
22004170
22004171
22004327
22004336
22004340
22004473
22004558
22004597
22004663
22004689
22004690
22004716
22004835
22004836
22004893
22004894
22004895
22005292
22005719
22005720
22005883
22005907
22005909
22005945
22005946
22005960
22005961
22005966
22006026
22006030
22006069
22006120
22006121
22006200
22006209
22006263
22006264
22006270
22006341
22006364
22006370
22006410
22006421
22006423
22006426
22006497
22006501
22006502
22006504
22006508
22006531
22006538
22006549
22006848
22006862
22006933
22007605
22007627
22007637
22007657
22007658
22007673
22007687
22007718
22007723
22007726
22007751
22007757
22007784
22007840
22007841
22007844
22007845
22007862
22007865
22007873
22007898
22007901
22007910
22007923
22007940
22007951
22007959
22007991
22008000
22008023
22008036
22008064
22008100
22008178
22008191
22008221
22008234
22008243
22008251
22008373
22008467
22008480
22008519
22008551
22008586
22008587
22008589
22008590
22008667
22008862
22008866
22008876
22008877
22008878
22008879
22008882
22008973
22008978
22008979
22009018
22009116
22009155
22009307
22009308
22009444
22009445
22009480
22009527
22009528
22009820
22009855
22009869
22010638
22010641
22010786
22010788
22010816
22010818
22010839
22010854
22010864
22010941
22010957
22010979
22011062
22011084
22011086
22011127
22011128
22011140
22011141
22011190
22011191
22011218
22011252
22011262
22011270
22011272
22011309
22011311
22011337
22011511
22011570
22011641
22011643
22011658
22011659
22011660
22011661
22011662
22011663
22011788
22011883
22012022
22012144
22012170
22012447
22012478
22012541
22012542
22012561
22012565
22012579
22012654
22012681
22012859
22012961
22013131
22013150
22014026
22014172
22014173
22014330
22014454
22014532
22014588
22014589
22014613
22014614
22014616
22014619
22014620
22014714
22014836
22015007
22015148
22015150
22015151
22015234
22015309
22015310
22015312
22015313
22015316
22015387
22015440
22015441
22015442
22015445
22015571
22015621
22015643
22015644
22015678
22015679
22015811
22015814
22015822
22015957
22015958
22015980
22016039
22016041
22016042
22016043
22016044
22016073
22016074
22016075
22016094
22016097
22016102
22016145
22016195
22016267
22016328
22016346
22016347
22016348
22016349
22016350
22016351
22016352
22016353
22016354
22016355
22016356
22016357
22016367
22016398
22016479
22016480
22016506
22016979
22016980
22016981
22016982
22016983
22016984
22016985
22016986
22016987
22016988
22016989
22016990
22016991
22016992
22016993
22016994
22016995
22016996
22017262
22017387
22017465
22017546
22017576
22017577
22017603
22017742
22017761
22017796
22017807
22017816
22017857
22018243
22018279
22018289
22018307
22018333
22018398
22018466
22018511
22018555
22018604
22018693
22018758
22018794
22018825
22018879
22018896
22018914
22018933
22018934
22019010
22019022
22019023
22019024
22019053
22019060
22019151
22019192
22019206
22019313
22019322
22019323
22019351
22019470
22019471
22019481
22019482
22019489
22019493
22019511
22019597
22019599
22019699
22019700
22019719
22019768
22019788
22019813
22019863
22019880
22019882
22019989
22020022
22020023
22020260
22020270
22020271
22020276
22020391
22020392
22020422
22020534
22020546
22020556
22020566
22020590
22020629
22020630
22020635
22020730
22020751
22020766
22020926
22020954
22020961
22020982
22020992
22021373
22021567
22021574
22021575
22021576
22021577
22021578
22021580
22021581
22021582
22021583
22021584
22021812
22021911
22021912
22021913
22021914
22021915
22021916
22023051
22023096
22023176
22023222
22023254
22023261
22023264
22023265
22023307
22023325
22023332
22023348
22023701
22023702
22023707
22023719
22023734
22023741
22023743
22023846
22023847
22023852
22023880
22023889
22024011
22024012
22024054
22024148
22024149
22024150
22024191
22024193
22024194
22024195
22024196
22024198
22024199
22024208
22024278
22024387
22024532
22024566
22024639
22024640
22024641
22024891
22024906
22024907
22024908
22024910
22025112
22025115
22025117
22025119
22025120
22025194
22025352
22025401
22025416
22025423
22025424
22025446
22025453
22025485
22025504
22025524
22025746
22026822
22026972
22027017
22027223
22027224
22027225
22027226
22027227
22027228
22027229
22027230
22027231
22027232
22027233
22027240
22027269
22027494
22027503
22027505
22027508
22027546
22027555
22027568
22027704
22027846
22027847
22027848
22027849
22027850
22027851
22027852
22027853
22027854
22027855
22027856
22027857
22027858
22027860
22028144
22028212
22028387
22029448
22029711
22029732
22029909
22029952
22029963
22029973
22030011
22030015
22030017
22030022
22030113
22030118
22030148
22030161
22030162
22030175
22030176
22030180
22030181
22030188
22030189
22030191
22030192
22030195
22030196
22030202
22030203
22030204
22030262
22030265
22030276
22030346
22030406
22030456
22030715
22030986
22030989
22031475
22031481
22031487
22031506
22031620
22031621
22031680
22031681
22031682
22031683
22031684
22031685
22031686
22031687
22031688
22031689
22031690
22031691
22032238
22032242
22032249
22032257
22032263
22032287
22032300
22032340
22032415
22032496
22032519
22032620
22032644
22032690
22032720
22032731
22032800
22032817
22032833
22032834
22032851
22032864
22032866
22032867
22032868
22032882
22032943
22033050
22033051
22033053
22033054
22033059
22033066
22033079
22033080
22033081
22033082
22033083
22033084
22033085
22033113
22033281
22033366
22033387
22033388
22033390
22033392
22033420
22033422
22033425
22033426
22033427
22033431
22033576
22033577
22033774
22033798
22033817
22033832
22033835
22033864
22033865
22033870
22033890
22034632
22034811
22034812
22034813
22034814
22034815
22034816
22034817
22034818
22034819
22034820
22034821
22034822
22034823
22034824
22034825
22034826
22034920
22035017
22035126
22035185
22035186
22035193
22035216
22035237
22035250
22035252
22035266
22035281
22035294
22035335
22035344
22035476
22035507
22035560
22035587
22035588
22035589
22035590
22035591
22035592
22035658
22035659
22035674
22035854
22035855
22035856
22035857
22035858
22035859
22035860
22035861
22036016
22036273
22036302
22036303
22036455
22036534
22036536
22036537
22036539
22036540
22036544
22036592
22036693
22036714
22036768
22036769
22036844
22036906
22036932
22036939
22036944
22036945
22036995
22036996
22037002
22037095
22037096
22037097
22037119
22037120
22037121
22037122
22037123
22037124
22037125
22037126
22037139
22037140
22037141
22037142
22037162
22037233
22037244
22037280
22037281
22037421
22037493
22037528
22037531
22037593
22037596
22037597
22037598
22037599
22037708
22037808
22037813
22037844
22037860
22037862
22037863
22037867
22037894
22037917
22037925
22037929
22037930
22038056
22038084
22038085
22038086
22038087
22038088
22038089
22038090
22038107
22038125
22038144
22038145
22038146
22038148
22038151
22038178
22038236
22038237
22038238
22038271
22038290
22038315
22038316
22038331
22038332
22038333
22038403
22038404
22038405
22038406
22038407
22038422
22038423
22038424
22038425
22038426
22038427
22038428
22038429
22038430
22038431
22038432
22038449
22038450
22038482
22038499
22038500
22038534
22038537
22038559
22038565
22038674
22038686
22038715
22038780
22038858
22038872
22038878
22038892
22038899
22038906
22038907
22038908
22038909
22038910
22038998
22038999
22039000
22039001
22039002
22039003
22039004
22039005
22039006
22039290
22039291
22039911
22039916
22039960
22040127
22040129
22040169
22040255
22040313
22040314
22040315
22040364
22040450
22040518
22040610
22040681
22040739
22040773
22040804
22040806
22040950
22040951
22040952
22040953
22040954
22040955
22040956
22040957
22040958
22040959
22040960
22040961
22040962
22040963
22040964
22040965
22040966
22040967
22040968
22040969
22040970
22040971
22040972
22040973
22040974
22040975
22040976
22040977
22040978
22040979
22040980
22040981
22040982
22040983
22040984
22040985
22040986
22040987
22040988
22040989
22040990
22040991
22040992
22040993
22040994
22040995
22040996
22040997
22040998
22040999
22041000
22041129
22041130
22041168
22041255
22041256
22041716
22041717
22041845
22041847
22041848
22041849
22041850
22041851
22041852
22041866
22041868
22041869
22041870
22041871
22041925
22041983
22041984
22041986
22041988
22041994
22042041
22042042
22042044
22042130
22042131
22042159
22042161
22042251
22042292
22042307
22042308
22042309
22042488
22042506
22042531
22042550
22042641
22042771
22042911
22043969
22043970
22043971
22043972
22043973
22043974
22043975
22043982
22043990
22043995
22043998
22044025
22044027
22044095
22044176
22044211
22044218
22044257
22044348
22044361
22044458
22044460
22044477
22044491
22044575
22044596
22044599
22044617
22044622
22044644
22044645
22044668
22044675
22044682
22044714
22044784
22044913
22044932
22044991
22044992
22045005
22045006
22045020
22045021
22045022
22045116
22045152
22045162
22045164
22045300
22045331
22045480
22045487
22045622
22045726
22045829
22045830
22045831
22045848
22045850
22046974
22046976
22046977
22046978
22046979
22047109
22047172
22047667
22047788
22047814
22047815
22047816
22047817
22047818
22047938
22047947
22047963
22047964
22047965
22047966
22047967
22047968
22047969
22047978
22048069
22048124
22048125
22048322
22048405
22048461
22048462
22048463
22048468
22048619
22048748
22048749
22048793
22048794
22048797
22048872
22048884
22048891
22048893
22048896
22048921
22048922
22048923
22048924
22048925
22049181
22049183
22049316
22049906
22049943
22050044
22050086
22050189
22050214
22050265
22050316
22050325
22050359
22050407
22050410
22050422
22050449
22050459
22050474
22050544
22050545
22050546
22050547
22050548
22050549
22050637
22050647
22050664
22050666
22050691
22050710
22050733
22050734
22050776
22050789
22050790
22050831
22050841
22050842
22050843
22050894
22050903
22050926
22050954
22050982
22050983
22051024
22051083
22051084
22051097
22051102
22051103
22051145
22051157
22051223
22051224
22051417
22051418
22051419
22051448
22051693
22051694
22051699
22051746
22051843
22052060
22052084
22052171
22052211
22052241
22052343
22052380
22052409
22052437
22052449
22052453
22052546
22052577
22052598
22052606
22052610
22052620
22052627
22052628
22052657
22052667
22052704
22052775
22052776
22052777
22052778
22052784
22052938
22053074
22053288
22053735
22053753
22053817
22053822
22053869
22053948
22053980
22054056
22054420
22054700
22054722
22054723
22054725
22054870
22054871
22054872
22054874
22054903
22054904
22054906
22054923
22055011
22055013
22055252
22055283
22055390
22055623
22055682
22055683
22055684
22055775
22055895
22055915
22055916
22055939
22055965
22056098
22056146
22056148
22056151
22056196
22056199
22056200
22056205
22056256
22056264
22056309
22056458
22056462
22056486
22056487
22056490
22056531
22056538
22056541
22056545
22056640
22056641
22056643
22056644
22056674
22056732
22056793
22056794
22056893
22056983
22057018
22057026
22057097
22057125
22057155
22057205
22057206
22057207
22057208
22057209
22057210
22057263
22057266
22057352
22057353
22057354
22057361
22057371
22057386
22057398
22057427
22057471
22057506
22057577
22057635
22057656
22057657
22057691
22057729
22057836
22057924
22057933
22057953
22058025
22058061
22058136
22058172
22058173
22058174
22058177
22058316
22058317
22058318
22058319
22058320
22058321
22058322
22058323
22058324
22058325
22058326
22058388
22059450
22059909
22059910
22059911
22059912
22059938
22059998
22060011
22060046
22060049
22060050
22060063
22060280
22060281
22060282
22060283
22060284
22060285
22060286
22060287
22060288
22060289
22060290
22060291
22060292
22060293
22060631
22060633
22060820
22060821
22061446
22061965
22062192
22062686
22062925
22063092
22063093
22063273
22063880
22064013
22064157
22064158
22064159
22064160
22064323
22064493
22064668
22064680
22064706
22064707
22064731
22064798
22064801
22064985
22065089
22065104
22065148
22065168
22065237
22065238
22065260
22065294
22065301
22065304
22065863
22065864
22066489
22066511
22066568
22066678
22066680
22066704
22066719
22066736
22066756
22066779
22066793
22066819
22066835
22066836
22066856
22066861
22066939
22066978
22067014
22067020
22067035
22067063
22067065
22067137
22067196
22067197
22067211
22067214
22067240
22067241
22067242
22067243
22067244
22067246
22067247
22067248
22067249
22067250
22067251
22067252
22067253
22067254
22067255
22067268
22067271
22067281
22067282
22067288
22067296
22067298
22067313
22067349
22067363
22067557
22067596
22067613
22067719
22067936
22067937
22067938
22067939
22067940
22067941
22067982
22067983
22067984
22067985
22067986
22067987
22068016
22068027
22068028
22068029
22068048
22068217
22068218
22068219
22068220
22068225
22068269
22068310
22068311
22068312
22068314
22068315
22068316
22068317
