22068384
22068459
22068625
22068681
22068684
22068820
22068821
22068823
22068878
22068879
22069022
22069060
22069117
22069216
22069243
22069246
22070097
22070098
22070139
22070182
22070283
22070354
22070383
22070404
22070405
22070428
22070429
22070455
22070456
22070515
22070531
22070541
22070552
22070572
22070573
22070608
22070611
22070642
22070657
22070662
22070769
22070770
22070793
22070796
22070854
22070914
22070915
22070925
22071119
22071120
22071123
22071124
22071169
22071199
22071227
22071228
22071272
22071276
22071340
22071345
22071412
22071441
22071450
22071483
22071578
22071581
22071788
22071794
22071871
22071872
22071911
22071959
22071970
22071987
22072048
22072049
22072124
22072226
22072237
22072238
22072314
22072320
22072324
22072326
22072419
22072445
22072640
22072992
22072993
22072994
22072995
22072996
22072997
22072998
22072999
22073000
22073001
22073002
22073003
22073004
22073005
22073006
22073007
22073008
22073009
22073010
22073011
22073012
22073013
22073014
22073938
22073988
22074016
22074027
22074050
22074061
22074114
22074116
22074133
22074188
22074194
22074230
22074231
22074288
22074430
22074431
22074432
22074433
22074434
22074435
22074436
22074437
22074438
22074439
22074570
22074617
22074688
22074783
22074786
22074789
22074790
22074806
22074876
22074909
22074912
22075226
22075256
22075403
22075413
22075438
22075444
22075550
22075605
22075732
22075941
22076054
22076055
22076076
22076093
22076094
22076095
22076096
22076097
22076098
22076099
22076100
22076101
22076103
22076245
22076246
22076305
22076403
22076427
22076430
22076431
22076432
22076447
22076448
22076482
22076483
22076484
22076620
22076621
22076647
22076648
22076694
22076731
22076750
22076751
22076753
22076756
22076757
22076758
22076759
22076760
22076761
22076762
22076763
22076764
22076765
22076766
22076767
22076768
22076769
22076770
22076771
22076772
22076773
22076774
22076775
22076776
22076788
22076793
22076800
22077163
22077164
22077165
22077166
22077167
22077203
22077268
22077331
22077334
22077382
22077419
22077422
22077424
22077430
22077457
22077478
22077483
22077499
22077559
22077600
22077630
22077643
22077669
22077692
22077696
22077728
22077730
22077731
22077758
22077771
22077791
22077801
22077815
22077850
22077874
22077906
22077911
22077915
22077951
22077954
22077999
22078011
22078105
22078125
22078257
22078388
22078389
22078390
22078396
22078485
22078546
22078648
22078649
22078710
22078716
22078747
22078750
22078792
22078793
22078857
22078866
22078867
22078868
22078891
22078976
22078988
22079039
22079041
22079059
22079060
22079129
22079144
22079146
22079157
22079173
22079179
22079205
22079206
22079207
22079208
22079398
22079402
22079444
22079446
22079480
22079494
22079671
22079808
22079811
22079876
22079919
22079921
22079922
22079923
22079924
22079925
22079926
22079927
22079952
22079998
22080177
22080193
22080211
22080236
22080256
22080257
22080356
22080378
22080379
22080383
22080389
22080396
22080397
22080469
22080515
22080531
22080617
22080618
22080620
22080815
22080816
22080818
22080963
22080964
22080965
22080966
22080967
22080968
22080969
22080970
22080971
22080972
22080973
22081041
22081056
22081057
22081058
22081101
22081115
22081116
22081117
22081118
22081119
22081206
22081264
22081366
22081382
22081427
22081455
22081474
22081507
22081542
22081710
22081711
22081712
22081713
22081714
22081715
22081716
22081717
22081718
22081719
22081720
22081721
22081722
22081723
22081871
22081874
22081879
22081881
22081889
22081894
22081895
22081940
22081947
22081961
22081968
22082013
22082113
22082114
22082116
22082125
22082131
22082141
22082154
22082187
22082206
22082238
22082299
22082302
22082304
22082318
22082508
22082509
22082861
22082867
22082868
22082877
22082879
22082881
22083104
22083247
22083250
22083256
22083284
22083357
22083362
22083368
22083398
22083399
22083400
22083401
22083402
22083403
22083406
22083417
22083418
22083419
22083420
22083458
22083498
22083526
22083540
22083548
22083551
22083587
22083640
22083655
22083664
22083729
22083783
22083851
22083852
22083865
22083906
22084040
22084053
22084055
22084488
22084826
22084865
22084866
22084891
22084904
22084953
22084972
22085015
22085016
22085021
22085083
22085222
22085254
22085286
22085305
22085306
22085397
22085409
22085422
22085446
22085527
22085528
22085676
22085684
22085685
22085691
22085797
22085798
22085800
22085980
22085999
22086000
22086001
22086002
22086003
22086004
22086005
22086006
22086007
22086008
22086009
22086010
22086011
22086012
22086013
22086014
22086140
22086184
22086222
22086266
22086267
22086306
22086307
22086311
22086367
22086405
22086406
22086407
22086468
22086493
22086558
22086613
22086666
22086762
22086787
22086788
22086855
22086967
22086972
22087019
22087555
22087575
22087605
22087647
22087734
22087803
22087804
22087805
22087806
22087807
22088198
22088221
22088255
22088265
22088387
22088391
22088426
22088429
22088490
22088561
22088679
22088680
22088780
22088783
22088927
22089092
22089139
22089145
22089167
22089314
22089315
22089316
22089318
22089319
22089320
22089321
22089322
22089371
22089372
22089373
22089392
22089393
22089395
22089401
22089425
22089426
22089428
22089473
22089523
22089623
22089624
22089625
22089626
22089627
22089632
22089977
22090010
22090024
22090066
22090160
22090171
22090190
22090192
22090193
22090366
22090412
22090413
22090415
22090416
22090418
22091829
22091867
22091895
22091904
22091948
22091969
22091996
22092003
22092026
22092116
22092311
22092343
22092359
22092364
22092417
22092434
22092441
22092451
22092499
22092500
22092521
22092532
22092570
22092592
22092596
22092600
22092654
22092656
22092664
22092665
22092685
22092693
22092697
22092743
22092748
22092780
22092829
22092881
22092916
22092934
22092939
22093003
22093020
22093167
22093245
22093379
22093457
22093485
22093548
22093691
22093773
22093911
22093914
22093958
22093964
22094119
22094120
22094121
22094123
22094133
22094235
22094437
22094488
22094490
22094492
22094493
22094588
22094592
22094714
22094734
22094827
22095022
22095023
22095068
22095130
22095190
22095199
22095203
22095212
22095213
22095214
22095216
22095220
22095400
22095402
22095403
22095405
22095429
22095484
22095551
22095622
22095662
22095787
22096085
22096086
22096087
22096204
22097742
22097743
22097744
22097745
22097746
22097747
22097748
22097749
22097750
22097751
22097752
22097753
22097754
22097755
22097756
22097757
22097758
22097759
22097760
22097761
22097762
22097763
22097883
22097885
22097921
22097923
22097962
22098059
22098079
22098090
22098091
22098104
22098114
22098117
22098127
22098129
22098130
22098131
22098135
22098141
22098144
22098148
22098156
22098160
22098166
22098187
22098249
22098294
22098300
22098323
22098461
22098491
22098496
22098527
22098558
22098563
22098592
22098594
22098613
22098615
22098616
22098619
22098634
22098652
22098653
22098686
22098695
22098698
22098699
22098760
22098761
22098776
22098814
22098948
22098949
22099028
22099181
22099183
22099184
22099255
22099335
22099372
22099379
22099389
22099424
22099425
22099477
22099478
22099534
22099607
22099610
22099626
22099704
22099707
22099726
22099740
22099741
22099743
22099868
22099869
22099886
22099945
22099946
22099950
22100056
22100109
22100110
22100125
22100200
22100209
22100243
22100244
22100245
22100246
22100247
22100248
22100353
22100368
22100369
22100371
22100373
22100419
22100464
22100466
22100468
22100469
22100470
22100474
22100475
22100477
22100478
22100479
22100480
22100481
22100485
22100498
22100753
22100754
22100755
22100756
22100757
22100758
22100856
22100858
22101002
22101098
22101099
22101107
22101115
22101137
22101198
22101199
22101216
22101393
22101567
22101634
22101737
22101738
22101741
22101775
22101827
22101866
22101872
22101904
22101924
22101927
22101957
22101969
22101981
22101991
22102010
22102056
22102059
22102092
22102137
22102171
22102292
22102293
22102323
22102424
22102482
22102601
22102604
22103266
22103303
22103341
22103451
22103468
22103573
22103630
22103720
22103739
22103797
22103810
22103841
22103860
22103883
22103889
22103909
22103974
22103977
22104044
22104045
22104046
22104087
22104089
22104130
22104353
22104364
22104391
22104444
22104504
22104506
22104507
22104508
22104557
22104568
22104629
22104662
22104663
22104664
22104679
22104703
22104734
22104759
22104990
22104999
22105002
22105047
22105048
22105049
22105050
22105051
22105079
22105091
22105092
22105093
22105110
22105140
22105141
22105143
22105144
22105162
22105163
22105209
22105307
22105331
22105332
22105333
22105431
22105460
22105461
22105462
22105516
22105517
22105518
22105519
22105520
22105655
22105656
22105698
22105704
22105737
22105738
22105739
22105805
22105837
22105849
22105855
22105925
22105979
22106012
22106447
22106990
22107027
22107031
22107033
22107034
22107049
22107058
22107067
22107072
22107076
22107087
22107105
22107113
22107132
22107162
22107251
22107259
22107330
22107360
22107367
22107605
22107685
22107708
22107824
22107890
22107914
22107915
22108001
22108290
22108291
22108378
22108503
22108539
22108700
22108759
22108808
22108828
22108830
22108833
22108855
22108868
22109095
22109101
22109103
22109107
22109243
22109513
22109566
22109646
22109694
22109703
22109802
22109812
22109813
22109815
22109958
22109961
22109997
22110014
22110048
22110161
22110163
22110164
22111653
22111663
22111811
22111881
22111923
22111936
22112011
22112014
22112148
22112201
22112505
22112506
22112627
22112631
22112638
22112680
22112692
22112718
22112746
22112967
22113002
22113086
22113087
22113088
22113106
22113150
22113200
22113207
22113216
22113217
22113222
22113223
22113227
22113229
22113230
22113242
22113246
22113259
22113308
22113315
22113341
22113351
22113360
22113389
22113426
22113517
22113519
22113532
22113533
22113562
22113585
22113646
22113647
22113746
22113827
22113852
22113988
22114016
22114301
22114772
22114847
22114862
22114948
22115074
22115173
22115181
22115331
22115341
22115416
22115426
22115465
22115534
22115597
22115598
22115599
22115600
22115601
22115602
22115606
22115632
22115699
22115755
22115760
22115762
22115763
22115765
22115766
22115796
22115824
22115856
22115857
22115859
22115860
22115864
22115887
22115951
22115952
22115974
22116011
22116108
22116139
22116203
22116262
22116264
22116313
22116350
22116406
22116407
22116462
22116463
22116505
22116536
22116589
22116627
22116733
22116778
22116785
22116796
22117009
22117012
22117013
22117021
22117024
22117052
22117054
22117082
22117083
22117108
22117121
22117138
22117162
22117559
22117566
22117571
22117588
22117595
22117596
22117605
22117607
22117619
22117690
22117756
22117760
22117761
22117796
22117815
22117835
22117837
22117844
22117847
22117892
22117935
22117936
22117938
22118023
22118124
22118157
22118268
22118300
22118402
22118417
22118428
22118560
22118578
22118581
22118582
22118583
22118584
22118585
22118586
22118587
22118761
22118764
22118768
22118855
22118902
22118903
22118919
22118941
22118944
22118945
22118946
22118947
22118948
22118986
22119025
22119034
22119113
22119166
22119167
22119178
22119181
22119186
22119234
22119250
22119263
22119271
22119365
22119410
22119411
22119441
22119454
22119460
22119484
22119519
22119570
22119726
22119855
22119856
22119857
22119935
22119936
22120024
22120101
22120127
22120132
22120140
22120141
22120156
22120186
22120187
22120188
22120189
22120254
22120259
22120264
22120278
22120421
22120425
22120432
22120470
22120508
22120534
22120541
22120547
22120553
22120554
22120556
22120558
22120562
22120563
22120567
22120568
22120569
22120570
22120571
22120657
22120670
22120674
22120705
22120706
22120707
22120750
22120758
22120776
22120784
22120826
22120840
22120908
22120909
22120952
22120984
22120986
22120987
22121012
22121053
22121088
22121090
22121105
22121887
22121892
22122007
22122062
22122070
22122089
22122121
22122127
22122157
22122225
22122233
22122236
22122237
22122238
22122271
22122296
22122298
22122299
22122310
22122311
22122348
22122355
22122380
22122383
22122399
22122403
22122451
22122452
22122453
22122454
22122455
22122456
22122457
22122458
22122459
22122469
22122472
22122474
22122475
22122485
22122512
22122519
22122520
22122521
22122522
22122523
22122544
22122551
22122558
22122594
22122605
22122606
22122609
22122653
22122672
22122713
22122732
22122734
22122753
22122892
22122914
22123125
22123126
22123127
22123131
22123132
22123154
22123155
22123156
22123197
22123203
22123225
22123264
22123331
22123500
22123523
22123583
22123608
22123651
22123653
22123658
22124196
22124205
22124231
22124287
22124345
22124346
22124349
22124351
22124381
22124428
22124430
22124439
22124443
22124446
22124449
22124450
22124451
22124452
22124453
22124478
22124522
22124527
22124544
22124545
22124571
22124576
22124580
22124583
22124584
22124585
22124586
22124619
22124620
22124672
22124676
22124732
22124766
22124796
22124801
22124806
22124851
22124852
22124853
22124854
22125023
22125052
22125094
22125099
22125122
22125124
22125198
22125233
22125310
22125312
22126302
22126319
22126336
22126338
22126396
22126407
22126433
22126588
22126591
22126628
22126654
22126667
22126702
22126745
22126800
22126859
22127047
22127151
22127152
22127262
22127263
22127364
22127365
22127374
22127375
22127396
22127415
22127416
22127417
22127419
22127429
22127463
22127524
22127525
22127538
22127548
22127550
22127555
22127556
22127606
22127623
22127628
22127680
22127739
22127750
22127757
22127761
22127929
22127955
22127956
22127999
22128033
22128201
22128354
22128356
22128362
22128363
22128364
22128751
22128761
22128780
22128786
22128789
22128804
22128808
22128816
22128835
22128880
22128893
22128898
22128914
22129041
22129077
22129084
22129096
22129111
22129140
22129221
22129298
22129368
22129439
22129441
22129453
22129460
22129466
22129481
22129486
22129650
22129651
22129780
22129936
22129937
22129938
22130195
22130206
22130207
22130223
22130227
22130249
22130459
22130461
22130470
22130503
22130558
22130559
22130574
22130575
22130587
22130678
22130739
22130913
22130958
22131008
22131012
22131013
22131014
22131015
22131016
22131053
22131086
22131087
22131120
22131122
22131133
22131168
22131223
22131233
22131236
22131256
22131264
22131367
22132722
22132747
22132748
22132762
22132770
22132781
22132840
22132854
22132869
22132870
22133049
22133079
22133104
22133127
22133145
22133276
22133277
22133278
22133279
22133280
22133297
22133464
22133467
22133469
22133479
22133480
22133481
22133486
22133498
22133541
22133632
22133649
22133650
22133708
22133731
22133778
22133804
22133870
22133872
22133965
22133966
22133967
22133968
22133970
22133980
22133984
22133997
22134134
22134185
22134186
22134371
22134376
22134442
22134487
22134512
22134514
22134522
22134582
22134583
22134599
22134624
22134640
22134643
22134668
22134676
22134775
22134852
22134854
22134855
22134856
22134857
22134858
22134863
22134928
22135225
22135284
22135321
22136065
22136071
22136083
22136136
22136164
22136179
22136199
22136212
22136213
22136249
22136278
22136283
22136299
22136322
22136333
22136411
22136420
22136427
22136455
22136456
22136467
22136487
22136597
22136738
22136740
22136747
22136751
22136756
22136797
22136807
22136886
22136888
22136889
22136890
22136965
22136967
22136968
22136969
22136990
22137030
22137097
22137146
22137153
22137159
22137256
22137257
22137259
22137260
22137261
22137262
22137263
22137264
22137265
22137266
22137267
22137268
22137269
22137338
22137371
22137377
22137445
22137501
22137502
22137546
22137547
22137548
22137579
22137609
22137611
22137612
22137613
22137675
22137676
22137827
22137828
22137965
22138004
22138026
22138059
22138074
22138118
22138121
22138122
22138200
22138201
22138208
22138313
22138322
22138353
22138418
22138533
22138535
22138654
22138677
22138700
22138725
22138730
22138736
22138737
22138739
22138813
22138844
22138845
22138846
22138851
22138860
22138866
22138867
22138868
22138884
22138901
22138908
22138967
22139049
22139050
22139066
22139070
22139077
22139083
22139135
22139136
22139145
22139323
22139325
22139410
22139417
22139425
22139428
22139429
22139430
22139431
22139450
22139453
22139467
22139482
22139498
22139789
22139830
22139858
22139871
22139889
22139893
22139900
22139957
22139974
22139996
22139997
22140008
22140014
22140096
22140124
22140129
22140134
22140135
22140141
22140150
22140151
22140152
22140153
22140154
22140155
22140156
22140157
22140158
22140159
22140160
22140161
22140162
22140163
22140164
22140165
22140166
22140167
22140168
22140169
22140170
22140172
22140173
22140174
22140175
22140176
22140177
22140179
22140195
22140208
22140209
22140210
22140248
22140251
22141158
22141159
22141356
22141358
22141359
22141360
22141363
22141375
22141379
22141406
22141433
22141437
22141579
22142166
22142179
22142186
22142187
22142223
22142248
22142323
22142392
22142417
22142418
22142430
22142437
22142492
22142517
22142550
22142629
22142656
22142670
22143119
22143299
22143353
22143411
22143412
22143425
22143428
22143429
22143432
22143449
22143491
22143553
22143579
22143583
22143616
22143617
22143619
22143621
22143679
22143680
22143742
22143749
22143752
22143841
22143842
22143843
22143844
22143845
22143846
22143883
22143884
22143957
22143966
22144041
22144119
22144134
22144210
22144225
22144260
22144290
22144368
22144397
22144516
22144657
22144658
22144659
22144661
22144667
22144668
22144669
22144737
22145099
22145100
22145677
22145682
22145748
22145770
22145921
22146014
22146050
22146056
22146105
22146108
22146109
22146110
22146285
22146337
22146338
22146339
22146383
22146384
22146480
22146527
22146561
22146575
22146705
22146797
22146815
22146817
22146818
22146819
22146820
22146821
22146822
22146824
22146833
22146834
22146847
22146863
22146865
22146867
22146893
22146897
22146904
22146933
22146934
22147061
22147062
22147063
22147194
22147240
22147242
22147283
22147284
22147460
22147523
22147531
22147532
22147643
22147672
22147744
22147749
22147750
22147751
22147755
22147756
22147923
22147924
22147925
22147926
22147927
22148925
22148926
22148927
22148928
22148929
22148943
22148944
22148945
22148956
22148973
22149013
22149044
22149090
22149107
22149120
22149125
22149127
22149129
22149148
22149181
22149236
22149291
22149307
22149354
22149388
22149472
22149474
22149516
22149554
22149599
22149639
22149726
22149759
22149763
22149768
22149899
22149905
22149975
22150016
22150115
22150117
22150249
22150292
22150345
22150349
22150359
22150374
22150405
22150422
22150437
22150506
22150511
22150517
22150558
22150577
22150582
22150605
22150618
22150619
22150639
22150745
22150747
22150756
22150767
22150778
22150794
22150804
22150869
22150870
22150875
22150933
22150943
22150963
22150975
22151012
22151014
22151025
22151078
22151079
22151080
22151088
22151134
22151183
22151197
22151247
22151250
22151254
22151263
22151280
22151299
22151303
22151345
22151349
22151350
22151534
22151542
22151562
22151574
22151580
22151581
22151601
22151619
22151626
22151690
22151728
22151737
22151770
22151788
22151799
22151821
22151824
22151827
22151853
22151895
22151898
22151902
22151907
22151923
22151924
22151928
22151967
22152002
22152023
22152041
22152054
22152069
22152092
22152093
22152099
22152111
22152114
22152121
22152146
22152149
22152150
22152193
22152230
22152451
22152496
22152497
22152586
22152594
22152608
22152684
22152702
22152703
22152723
22152724
22152761
22152764
22152765
22152766
22152767
22152768
22152769
22152770
22152771
22152772
22152773
22152774
22152775
22152776
22152777
22152778
22152779
22152780
22152781
22152918
22152984
22152988
22153017
22153020
22153021
22153053
22153060
22153062
22153124
22153128
22153180
22153183
22153220
22153225
22153300
22153319
22153320
22153321
22153322
22153383
22153483
22153746
22153747
22153761
22153763
22153790
22153791
22153792
22153793
22153828
22153879
22153894
22153896
22153900
22153945
22153946
22153947
22153948
22153949
22153950
22153951
22153979
22153984
22154016
22154017
22154018
22154019
22154020
22154026
22154027
22154034
22154035
22154036
22154037
22154038
22154039
22154065
22154066
22154119
22154132
22154162
22154187
22154188
22154190
22154223
22154238
22154271
22154342
22154358
22154409
22154410
22154418
22154490
22154509
22154521
22154531
22154588
22154590
22154602
22154603
22154605
22154620
22154659
22154685
22154687
22154761
22154788
22154789
22154790
22154793
22154817
22154819
22154820
22154823
22154825
22154827
22154829
22154830
22154873
22154877
22154992
22154993
22155071
22155166
22155168
22155169
22155170
22155274
22155319
22155321
22155333
22155347
22155446
22155528
22155589
22155590
22155641
22155719
22155720
22155750
22155752
22155753
22155758
22155759
22155760
22155761
22155762
22155798
22155799
22155845
22155991
22155992
22156103
22156387
22156388
22156389
22156390
22156406
22156609
22156610
22156615
22156626
22156706
22156707
22156734
22156743
22156744
22156746
22156748
22156790
22156825
22156826
22156827
22156892
22156940
22156945
22156981
22157019
22157206
22157213
22157235
22157236
22157237
22157238
22157280
22157327
22157546
22157626
22157684
22157977
22157978
22157979
22157980
22157984
22158004
22158033
22158034
22158036
22158038
22158039
22158043
22158044
22158045
22158046
22158047
22158049
22158050
22158063
22158252
22158264
22158267
22158268
22158389
22158394
22158395
22158544
22158691
22158854
22158884
22158909
22158913
22159030
22159314
22159315
22159316
22159317
22159318
22159319
22159320
22159321
22159322
22159323
22159324
22159325
22159326
22159327
22159328
22159352
22159353
22159354
22159370
22159451
22159452
22159472
22159473
22159497
22159504
22159517
22159518
22159522
22159575
22159671
22159672
22159731
22159749
22159812
22159813
22159820
22159870
22159871
22159889
22159891
22159896
22159916
22159917
22159918
22159919
22159961
22159968
22159990
22159991
22160102
22160137
22160138
22160148
22160156
22160164
22160180
22160184
22160208
22160211
22160214
22160244
22160250
22160257
22160258
22160263
22160264
22160299
22160300
22160324
22160334
22160359
22160370
22160385
22160386
22160398
22160434
22160435
22160436
22160444
22160463
22160473
22160474
22160475
22160476
22160485
22160487
22160509
22160550
22160565
22160579
22160602
22160641
22160647
22160729
22160732
22160736
22160744
22160747
22160748
22160751
22160764
22160823
22160824
22160846
22160850
22160863
22160878
22160880
22160881
22160887
22160888
22160928
22160932
22160948
22161015
22161114
22161320
22161321
22161322
22161323
22161324
22161325
22161326
22161327
22161328
22161329
22161330
22161331
22161332
22161333
22161334
22161335
22161336
22161337
22161338
22161339
22161340
22161341
22161342
22161343
22161344
22161345
22161346
22161347
22161348
22161349
22161350
22161351
22161352
22161353
22161354
22161355
22161356
22161357
22161358
22161496
22161500
22161549
22161576
22161578
22161579
22161580
22161636
22161690
22161695
22161735
22161749
22161766
22161770
22161788
22161802
22161817
22161864
22161866
22161903
22161912
22161959
22161969
22161975
22161992
22161993
22162003
22162005
22162011
22162021
22162024
22162025
22162033
22162036
22162074
22162075
22162089
22162092
22162102
22162114
22162118
22162142
22162154
22162174
22162191
22162211
22162258
22162275
22162298
22162302
22162311
22162430
22162533
22162534
22162536
22162537
22162539
22162540
22162541
22162542
22162744
22162985
22165818
22165994
22166042
22166068
22166069
22166112
22166141
22166162
22166182
22166183
22166372
22166373
22166472
22166588
22166593
22166680
22166726
22166728
22166729
22166748
22166766
22166813
22166853
22166854
22166855
22166889
22166890
22166891
22166892
22166928
22166929
22167018
22167078
22167103
22167104
22167105
22167106
22167224
22167230
22167254
22167257
22167258
22167265
22167267
22167304
22167305
22167313
22167317
22167321
22167383
22167451
22167485
22167530
22167533
22167563
22167569
22167571
22167578
22167585
22167593
22167597
22167621
22168129
22168133
22168265
22168277
22168313
22168332
22168355
22168356
22168381
22168391
22168461
22168479
22168486
22168523
22168524
22168529
22168566
22168592
22168622
22168666
22168750
22168783
22168798
22168819
22168825
22168839
22168895
22168899
22168914
22168958
22168965
22168966
22168967
22168968
22168971
22168993
22169116
22169122
22169172
22169173
22169199
22169200
22169201
22169202
22169203
22169204
22169211
22169258
22169280
22169281
22169282
22169283
22169284
22169285
22169286
22169287
22169288
22169289
22169290
22169291
22169292
22169293
22169294
22169295
22169296
22169297
22169298
22169299
22169300
22169301
22169302
22169303
22169304
22169305
22169306
22169307
22169308
22169309
22169310
22169311
22169312
22169313
22169314
22169315
22169316
22169317
22169318
22169319
22169320
22169321
22169322
22169323
22169324
22169333
22169358
22169398
22169447
22169504
22169578
22169579
22169584
22169585
22169587
22169659
22169684
22169685
22169686
22169687
22169688
22169689
22169690
22169691
22169692
22169693
22169694
22169695
22169696
22169697
22169698
22169699
22169703
22169715
22169716
22169717
22169718
22169719
22169720
22169721
22169722
22169723
22169724
22169725
22169726
22169727
22169728
22169729
22169730
22169760
22169828
22169832
22169880
22169887
22169894
22169895
22169941
22169944
22169966
22169983
22169984
22169986
22170012
22170013
22170014
22170015
22170016
22170017
22170041
22170078
22170079
22170156
22170157
22170158
22170159
22170161
22170181
22170236
22170243
22170245
22170246
22170261
22170286
22170338
22170380
22170419
22170420
22170421
22170422
22170423
22170425
22170426
22170428
22170429
22170444
22170447
22170500
22170511
22170512
22170523
22170596
22170630
22170702
22170746
22170791
22170803
22170850
22170854
22170858
22171069
22171070
22171071
22171072
22171074
22171095
22171097
22171098
22171099
22171574
22171600
22171655
22171659
22171690
22171691
22171698
22171702
22171710
22171790
22171805
22171842
22171938
22171954
22171959
22171963
22171964
22171989
22172021
22172047
22172055
22172151
22172158
22172166
22172207
22172226
22172243
22172251
22172314
22172323
22172339
22172380
22172385
22172386
22172389
22172395
22172402
22172403
22172409
22172410
22172411
22172412
22172413
22172414
22172428
22172453
22172468
22172523
22172524
22172525
22172535
22172544
22172554
22172597
22172681
22172682
22172684
22172726
22172793
22172796
22172798
22172919
22172924
22172955
22172978
22172985
22173083
22173133
22173229
22173267
22173292
22173371
22173484
22173486
22173545
22173562
22173577
22173609
22173696
22173713
22173777
22173787
22173788
22173789
22173828
22173848
22173864
22173873
22173874
22173876
22173910
22173911
22173933
22173943
22173944
22173953
22173968
22174005
22174315
22174327
22174329
22174432
22175251
22175297
22175526
22175547
22175695
22175715
22175764
22175793
22175805
22176121
22176216
22176219
22176262
22176263
22176264
22176265
22176266
22176267
22176268
22176269
22176270
22176271
22176297
22176350
22176528
22176529
22176531
22176555
22176604
22176627
22176632
22176649
22176701
22176805
22176807
22176950
22176997
22177007
22177026
22177087
22177088
22177089
22177095
22177097
22177195
22177217
22177290
22177295
22177296
22177297
22177298
22177299
22177300
22177301
22177302
22177303
22177304
22177305
22177306
22177307
22177308
22177326
22177368
22177419
22177421
22177566
22177568
22177573
22177574
22177576
22177577
22177711
22177720
22177721
22177728
22177754
22177759
22177791
22177792
22177794
22177795
22177796
22177797
22177798
22177799
22177806
22177810
22177814
22177815
22177973
22178013
22178034
22178046
22178048
22178050
22178052
22178064
22178068
22178069
22178071
22178080
22178081
22178151
22178156
22178192
22178197
22178199
22178202
22178204
22178205
22178230
22178262
22178312
22178345
22178356
22178357
22178359
22178360
22178389
22178395
22178415
22178416
22178504
22178506
22178536
22178612
22178615
22178620
22178624
22178722
22178750
22178751
22178771
22178772
22178897
22178929
22178958
22178959
22179025
22179027
22179095
22179218
22179219
22179223
22179284
22179312
22179329
22179338
22179415
22179417
22179418
22179422
22179434
22179528
22179555
22179659
22179695
22179703
22179773
22179784
22179796
22179824
22179826
22179827
22179828
22179829
22179831
22179832
22179833
22179834
22179835
22179836
22179837
22179839
22179847
22179853
22179856
22179857
22179924
22179926
22179943
22180015
22180025
22180026
22180029
22180040
22180049
22180051
22180059
22180062
22180082
22180146
22180148
22180163
22180166
22180170
22180301
22180328
22180389
22180421
22180424
22180426
22180427
22180431
22180435
22180445
22180456
22180457
22180458
22180459
22180460
22180461
22180502
22180561
22180562
22180563
22180594
22180608
22180609
22180610
22180611
22180766
22180767
22180768
22180852
22180871
22181005
22181007
22181028
22181042
22181045
22181057
22181324
22181557
22181687
22181713
22181855
22182017
22182062
22182065
22182197
22182231
22182245
22182290
22182314
22182356
22182359
22182362
22182363
22182364
22182368
22182401
22182421
22182422
22182423
22182431
22182453
22182464
22182482
22182584
22182597
22182601
22182667
22182669
22182689
22182690
22182741
22182759
22182851
22182915
22182938
22182963
22183031
22183046
22183047
22183049
22183059
22183081
22183086
22183087
22183088
22183126
22183163
22183190
22183193
22183464
22183465
22183466
22183467
22183468
22183469
22183470
22183471
22183472
22183473
22183483
22183484
22183485
22183486
22183487
22183488
22183489
22183490
22183492
22183501
22183564
22183617
22183687
22183690
22183735
22183772
22183774
22183776
22183823
22183889
22183890
22183934
22183937
22183981
22184057
22184070
22184253
22184256
22184258
22184636
22184784
22184787
22185204
22185206
22185230
22185327
22185354
22185370
22185375
22185383
22185464
22185471
22185501
22185513
22185516
22185560
22185562
22185591
22185623
22185642
22185653
22185660
22185667
22185683
22185684
22185685
22185694
22185721
22185769
22185770
22185771
22185772
22185773
22185774
22185814
22185817
22185939
22185956
22186021
22186022
22186025
22186026
22186027
22186071
22186072
22186073
22186074
22186075
22186076
22186077
22186078
22186079
22186080
22186375
22186600
22186663
22186699
22186744
22186767
22186772
22186830
22186835
22186844
22186845
22186848
22186849
22186851
22186852
22186853
22186906
22186921
22186922
22186927
22186945
22186966
22186971
22187007
22187008
22187026
22187063
22187070
22187071
22187086
22187095
22187117
22187122
22187139
22187140
22187147
22187161
22187164
22187217
22187315
22187317
22187320
22187332
22187333
22187350
22187351
22187948
22187952
22187955
22187969
22187971
22188035
22188116
22188129
22188158
22188162
22188183
22188209
22188236
22188259
22188393
22188414
22188431
22188434
22188441
22188469
22188475
22188476
22188477
22188485
22188507
22188512
22188528
22188555
22188562
22188564
22188610
22188633
22188644
22188670
22188676
22188719
22188720
22188721
22188725
22188778
22188779
22188780
22188985
22188994
22188995
22188996
22189026
22189027
22189028
22189029
22189030
22189031
22189097
22189142
22189157
22189167
22189250
22189288
22189383
22189493
22189494
22189495
22189499
22189515
22189572
22189627
22189635
22189636
22189657
22189794
22189824
22189825
22189828
22189836
22189837
22189865
22189866
22189890
22190079
22190141
22190144
22190173
22190225
22190248
22190255
22190268
22190282
22190333
22190471
22190483
22190498
22190499
22190505
22190533
22190565
22190568
22190572
22190587
22190626
22191380
22191426
22191462
22191509
22191544
22191551
22191565
22191668
22191697
22191698
22191714
22191716
22191787
22191856
22192058
22192061
22192068
22192090
22192091
22192170
22192241
22192242
22192243
22192300
22192304
22192309
22192316
22192389
22192390
22192400
22192402
22192405
22192446
22192447
22192474
22192494
22192500
22192593
22192619
22192660
22192685
22192686
22192711
22192758
22192780
22192789
22192790
22192791
22192843
22192852
22192864
22192880
22192889
22193041
22193112
22193181
22193214
22193219
22193432
22193433
22193434
22193435
22193436
22193437
22193438
22193439
22193440
22193574
22193618
22193630
22193631
22193636
22193754
22193756
22193922
22193925
22193948
22193949
22193950
22193951
22193952
22193986
22193989
22193990
22194003
22194004
22194005
22194006
22194007
22194089
22194094
22194193
22194195
22194196
22194217
22194251
22194590
22195599
22195768
22195986
22196031
22196139
22196140
22196623
22196742
22196915
22196918
22196960
22196962
22196974
22196998
22197005
22197027
22197063
22197064
22197088
22197090
22197092
22197104
22197116
22197178
22197213
22197214
22197215
22197275
22197286
22197287
22197289
22197300
22197301
22197302
22197304
22197305
22197358
22197454
22197468
22197495
22197496
22197506
22197509
22197513
22197526
22197550
22197566
22197631
22197632
22197643
22197644
22197668
22197683
22197722
22197723
22197724
22197936
22197941
22197944
22197945
22197946
22197949
22197960
22197961
22198003
22198013
22198014
22198016
22198036
22198037
22198056
22198057
22198058
22198059
22198089
22198098
22198208
22198223
22198309
22198310
22198326
22198357
22198377
22198412
22198466
22198474
22198475
22198484
22198518
22198519
22198547
22198555
22198563
22198616
22198617
22198619
22198628
22198654
22198655
22198657
22198666
22198679
22198682
22198683
22198684
22198685
22198697
22198707
22198711
22198714
22198794
22198795
22198796
22198811
22198812
22198813
22198817
22198870
22198871
22198912
22198913
22198943
22199017
22199018
22199024
22199117
22199179
22199234
22199235
22199236
22199239
22199359
22199378
22199380
22199419
22199420
22199421
22199422
22199423
22199424
22199426
22199427
22199428
22199429
22199430
22199431
22199432
22199433
22199434
22199435
22199436
22199437
22199438
22199439
22199440
22199441
22199442
22199443
22199445
22199446
22199447
22199448
22199449
22199450
22199451
22199452
22199453
22200101
22200104
22200374
22200380
22200539
22200583
22200629
22200671
22200672
22200686
22200737
22200738
22200752
22200796
22200838
22200839
22200840
22200841
22200851
22200863
22200872
22200886
22200933
22200934
22200943
22200984
22201035
22201038
22201039
22201042
22201048
22201052
22201055
22201061
22201119
22201120
22201122
22201229
22201278
22201303
22201330
22201331
22201334
22201343
22201411
22201412
22201414
22201415
22201448
22201449
22201450
22201583
22201584
22201585
22201586
22201587
22201588
22201589
22201590
22201591
22201642
22201643
22201648
22202149
22202180
22202438
22202474
22202501
22202747
22202748
22202888
22202966
22202970
22202973
22203031
22203032
22203034
22203035
22203061
22203119
22203134
22203188
22203268
22203363
22203366
22203398
22203406
22203410
22203411
22203412
22203413
22203423
22203435
22203436
22203439
22203461
22203465
22203476
22203498
22203499
22203500
22203501
22203502
22203503
22203504
22203505
22203506
22203507
22203508
22203509
22203510
22203511
22203512
22203520
22204306
22204310
22204449
22204657
22204853
22204856
22204919
22204934
22204944
22204964
22204997
22204998
22204999
22205002
22205003
22205005
22205006
22205007
22205011
22205013
22205014
22205015
22205016
22205040
22205041
22205098
22205104
22205113
22205117
22205146
22205207
22205277
22205300
22205326
22205387
22205440
22205441
22205443
22205447
22205469
22205470
22205497
22205532
22205534
22205546
22205573
22205579
22205580
22205651
22206248
22206249
22206250
22206251
22206252
22206253
22206254
22206255
22206256
22206257
22206258
22206259
22206455
22206583
22206623
22206631
22206696
22206702
22206713
22206730
22206733
22206789
22206802
22206803
22206820
22206821
22206824
22206831
22206837
22206845
22206846
22206847
22206942
22206967
22206971
22206981
22206982
22207031
22207048
22207137
22207190
22207213
22207217
22207323
22207324
22207327
22207328
22207329
22207332
22207342
22207362
22207363
22207372
22207394
22207399
22207400
22207449
22207496
22207527
22207528
22207530
22207566
22207571
22207616
22207619
22207630
22207681
22207682
22207683
22207685
22207686
22207687
22207688
22207689
22207690
22207713
22207714
22207719
22208497
22208612
22208650
22208651
22208652
22208653
22208654
22208655
22208656
22208657
22208658
22208659
22208682
22208761
22208784
22208846
22209017
22209018
22209024
22209028
22209041
22209042
22209058
22209081
22209082
22209086
22209098
22209101
22209105
22209106
22209108
22209158
22209159
22209174
22209183
22209185
22209186
22209189
22209199
22209269
22209271
22209295
22209297
22209311
22209335
22209337
22209339
22209343
22209348
22209352
22209359
22209360
22209363
22209364
22209366
22209410
22209428
22209431
22209432
22209433
22209452
22209453
22209465
22209466
22209467
22209470
22209490
22209491
22209496
22209501
22209502
22209526
22209543
22209555
22209631
22209632
22209634
22209638
22209639
22209657
22209658
22209662
22209678
22209679
22209687
22209694
22209695
22209696
22209722
22209757
22209796
22209797
22209799
22209800
22209814
22209864
22209865
22209946
22209956
22210011
22210012
22210013
22210014
22210049
22210062
22210063
22210067
22210070
22210071
22210073
22210080
22210123
22210124
22210134
22210264
22210265
22210266
22210267
22210308
22210349
22210413
22210449
22210552
22210560
22210600
22210708
22210737
22210738
22210854
22211274
22211278
22211299
22211322
22211325
22211354
22211392
22211399
22211481
22211488
22211526
22211571
22211573
22211627
22211633
22211653
22211671
22211697
22211709
22211715
22211716
22211778
22211782
22211810
22211831
22211833
22211842
22211846
22211855
22211863
22211874
22211884
22211900
22211921
22211927
22211929
22211941
22211946
22211959
22212017
22212020
22212114
22212125
22212130
22212169
22212171
22212187
22212237
22212243
22212297
22212376
22212400
22212402
22212405
22212439
22212445
22212449
22212467
22212484
22212485
22212488
22212496
22212497
22212519
22212521
22212555
22212559
22212561
22212591
22212592
22212597
22212622
22212628
22212638
22212640
22212646
22212647
22212690
22212697
22212712
22212715
22212724
22212725
22212730
22212737
22212745
22212761
22212813
22212818
22212822
22212861
22212862
22212880
22212885
22212914
22212925
22212998
22213038
22213063
22213080
22213081
22213098
22213103
22213138
22213169
22213213
22213214
22213216
22213237
22213239
22213250
22213268
22213273
22213335
22213345
22213361
22213371
22213390
22213396
22213407
22213409
22213410
22213411
22213419
22213422
22213532
22213569
22213578
22213587
22213588
22213610
22213612
22213775
22213796
22213833
22214192
22214200
22214236
22214265
22214267
22214285
22214317
22214345
22214387
22214513
22214529
22214652
22214730
22214752
22214772
22214788
22214790
22214791
22214792
22214820
22214826
22214835
22214842
22214856
22214857
22214858
22214859
22214860
22214861
22214862
22214863
22214864
22214865
22214882
22214936
22214977
22214985
22215056
22215057
22215071
22215072
22215089
22215115
22215122
22215137
22215144
22215145
22215181
22215182
22215212
22215235
22215236
22215237
22215240
22215250
22215251
22215254
22215288
22215322
22215412
22215430
22215443
22215452
22215498
22215520
22215525
22215734
22216933
22217218
22217259
22217267
22217301
22217314
22217321
22217331
22217336
22217359
22217369
22217383
22217384
22217415
22217416
22217417
22217418
22217419
22217434
22217442
22217462
22217468
22217474
22217497
22217515
22217519
22217521
22217522
22217524
22217527
22217536
22217537
22217539
22217547
22217560
22217561
22217562
22217563
22217564
22217565
22217566
22217567
22217568
22217569
22217570
22217571
22217578
22217582
22217700
22217819
22217820
22217878
22217908
22217909
22217935
22217980
22218096
22218151
22218299
22218466
22218467
22218468
22218469
22218470
22218471
22218472
22218473
22218474
22218475
22218476
22218477
22218478
22218479
22218480
22218481
22218482
22218531
22218648
22218649
22218650
22218651
22218652
22218708
22218726
22218765
22218769
22218771
22218772
22218778
22218830
22218832
22218919
22218920
22218940
22218975
22218994
22218995
22218996
22219001
22219015
22219016
22219018
22219027
22219031
22219067
22219126
22219127
22219128
22219129
22219130
22219131
22219215
22219219
22219491
22219504
22219517
22220503
22220558
22220569
22220575
22220640
22220678
22220679
22220680
22220692
22220723
22220725
22220755
22220770
22220775
22220809
22220911
22220931
22220932
22220967
22220998
22221036
22221039
22221109
22221208
22221227
22221324
22221395
22221397
22221408
22221412
22221450
22221492
22221517
22221543
22221559
22221581
22221776
22221804
22221805
22221806
22221807
22221808
22221809
22221810
22221811
22221812
22221813
22221814
22221815
22221816
22221817
22221829
22221835
22221879
22221886
22221934
22221936
22221937
22221965
22221983
22221985
22221998
22221999
22222012
22222047
22222058
22222060
22222061
22222062
22222063
22222165
22222187
22222203
22222256
22222305
22222329
22222339
22222340
22222341
22222342
22222343
22222344
22222345
22222346
22222347
22222348
22222353
22222358
22222361
22222419
22222420
22222429
22222430
22222432
22222433
22222437
22222440
22222547
22222555
22222604
22222607
22222669
22222673
22222724
22222751
22222753
22222773
22222855
22222856
22222857
22222888
22222942
22222951
22222969
22222989
22222990
22223060
22223061
22223107
22223157
22223163
22223172
22223173
22223174
22223265
22223287
22223362
22223443
22223479
22223533
22223582
22223584
22223618
22223697
22223719
22223720
22223722
22223723
22223724
22223743
22223744
22224439
22224440
22224457
22224468
22224475
22224507
22224508
22224548
22224590
22224672
22224712
22224723
22224747
22224757
22224829
22224847
22224909
22224974
22225409
22225431
22225458
22225478
22225509
22225511
22225514
22225548
22225577
22225591
22225616
22225619
22225620
22225626
22225630
22225680
22225682
22225685
22225686
22225687
22225688
22225689
22225690
22225691
22225692
22225693
22225694
22225695
22225730
22225769
22225783
22225787
22225788
22225790
22225827
22225829
22225843
22225857
22225858
22225860
22225866
22225911
22225922
22225925
22226010
22226021
22226028
22226072
22226073
22226088
22226149
22226150
22226227
22226232
22226240
22226244
22226329
22226376
22226377
22226402
22226412
22226419
22226420
22226421
22226425
22226429
22226431
22226453
22226454
22226455
22226487
22226488
22226489
22226497
22226569
22226587
22226609
22226610
22226612
22226613
22226614
22226620
22226668
22226690
22226695
22226696
22226726
22226754
22226785
22226799
22226801
22226813
22226814
22226827
22226853
22226854
22226893
22226901
22226939
22227000
22227007
22227012
22227026
22227030
22227032
22227080
22227081
22227083
22227085
22227088
22227183
22227184
22227200
22227225
22227226
22227244
22227245
22227253
22227259
22227262
22227265
22227297
22227347
22227395
22227398
22227451
22227460
22227509
22227513
22227518
22227618
22227619
22227620
22227621
22227774
22227775
22227791
22227792
22227796
22227851
22227852
22227853
22227865
22227866
22227911
22227999
22228004
22228093
22228122
22228149
22228197
22228214
22228258
22228259
22228261
22228314
22228317
22228325
22228329
22228374
22228376
22228379
22228383
22228402
22228410
22228413
22228422
22228432
22228441
22228442
22228443
22228446
22228448
22228449
22228450
22228453
22228457
22228476
22228482
22228483
22228487
22228501
22228511
22228547
22228551
22228573
22228576
22228586
22228592
22228594
22228596
22228612
22228617
22228652
22228664
22228683
22228684
22228685
22228711
22228775
22228814
22228820
22228821
22228836
22228839
22229249
22229250
22229251
22229252
22229277
22229388
22229389
22229390
22229539
22229639
22229702
22229745
22229746
22229754
22229790
22229796
22229797
22229802
22229819
22229828
22229881
22229930
22229934
22229957
22230041
22230098
22230099
22230110
22230190
22230216
22230256
22230258
22230335
22230347
22230490
22230491
22230576
22230595
22230619
22230704
22230710
22230785
22230789
22230845
22230885
22230886
22230887
22230888
22230889
22230890
22230892
22230893
22230894
22230895
22230896
22230898
22230900
22230918
22230919
22230920
22230921
22230979
22230980
22230981
22230982
22230983
22231009
22231025
22231026
22231035
22231129
22231442
22231443
22231444
22231446
22231448
22231449
22231450
22231461
22231476
22231477
22231498
22231499
22231541
22231544
22231545
22231560
22231577
22231578
22231594
22231626
22231652
22231673
22231745
22231746
22231777
22231779
22231796
22231798
22231803
22231846
22231864
22231865
22231866
22231871
22231872
22231900
22231925
22231929
22231956
22232017
22232024
22232205
22232206
22232207
22232343
22232386
22232388
22232389
22232391
22232393
22232396
22232398
22232402
22232403
22232408
22232409
22232410
22232412
22232413
22232414
22232415
22232423
22232547
22232732
22232772
22232773
22232774
22232775
22232776
22232778
22232779
22232780
22232781
22233110
22233112
22233115
22233132
22233138
22233143
22233155
22233179
22233182
22233184
22233202
22233204
22233208
22233227
22233257
22233265
22233292
22233299
22233355
22233377
22233383
22233402
22233403
22233441
22233501
22233524
22233584
22233727
22233780
22233921
22233937
22233974
22234270
22234277
22234278
22234282
22234284
22234288
22234397
22234398
22234399
22234404
22234421
22234423
22234431
22234434
22234435
22234449
22234460
22234501
22234509
22234518
22234531
22234537
22234542
22234561
22234573
22234575
22234603
22234640
22234673
22234720
22234731
22234739
22234744
22234748
22234779
22234780
22234811
22234849
22234874
22234884
22234897
22234918
22234928
22234930
22234980
22234983
22235060
22235843
22235844
