22235873
22235874
22235905
22235906
22235914
22235934
22235941
22236019
22236048
22236055
22236080
22236096
22236133
22236149
22236194
22236201
22236220
22236252
22236275
22236324
22236333
22236339
22236372
22236379
22236381
22236393
22236486
22236493
22236494
22236505
22236594
22236650
22236656
22236703
22236704
22236707
22236709
22236713
22236727
22236735
22236736
22236772
22236784
22236796
22236888
22236889
22237005
22237018
22237143
22237144
22237158
22237267
22237268
22237269
22237270
22237271
22237272
22237273
22237274
22237275
22237276
22237277
22237278
22237279
22237280
22237281
22237282
22237283
22237379
22237399
22237411
22237419
22237459
22237601
22237635
22237668
22237672
22237717
22237718
22237725
22237761
22237763
22237786
22237804
22237815
22237816
22237819
22237820
22237821
22237840
22237866
22237922
22237938
22237940
22237947
22237953
22238012
22238014
22238015
22238031
22238059
22238064
22238065
22238122
22238134
22238135
22238136
22238137
22238186
22238187
22238351
22238353
22239067
22239074
22239110
22239170
22239173
22239203
22239237
22239239
22239246
22239274
22239275
22239406
22239462
22239481
22239539
22239559
22239620
22239660
22239668
22239669
22239670
22239687
22239701
22239745
22239922
22239923
22239924
22239925
22239926
22239927
22239928
22239929
22239930
22239931
22239932
22239933
22239934
22239935
22239936
22239937
22240005
22240056
22240069
22240091
22240099
22240102
22240172
22240174
22240175
22240176
22240178
22240180
22240190
22240194
22240196
22240250
22240251
22240262
22240265
22240295
22240325
22240326
22240468
22240498
22240500
22240501
22240587
22240624
22240655
22240663
22240664
22240727
22240839
22240842
22240853
22240854
22240925
22240968
22240969
22240985
22240986
22240987
22240988
22241001
22241009
22241072
22241384
22241385
22241393
22241453
22241509
22241510
22241511
22241513
22241530
22241531
22241611
22241612
22241613
22241614
22241615
22241626
22241628
22241630
22241649
22241684
22241690
22241699
22241703
22241704
22241706
22241708
22241709
22241711
22241712
22241714
22241741
22241742
22241744
22241747
22241756
22241765
22241766
22241828
22241842
22241884
22241896
22241898
22242375
22242376
22242377
22242378
22242379
22242380
22242381
22242382
22242383
22242384
22242385
22242386
22242387
22242388
22242389
22242390
22242391
22242392
22242393
22242394
22242395
22242396
22242561
22242621
22242645
22242687
22242764
22242793
22242813
22242817
22242818
22242819
22242820
22242822
22242824
22242861
22242900
22242918
22242932
22243053
22243401
22243420
22243442
22243446
22243494
22243522
22243563
22243627
22243688
22243690
22243762
22243764
22243765
22243766
22243767
22243769
22243807
22243838
22243898
22243942
22243972
22243977
22243983
22244004
22244007
22244014
22244053
22244086
22244088
22244090
22244091
22244094
22244149
22244150
22244198
22244199
22244214
22244220
22244221
22244223
22244227
22244257
22244258
22244259
22244267
22244268
22244269
22244288
22244289
22244308
22244349
22244357
22244363
22244368
22244375
22244438
22244458
22244468
22244502
22244536
22244550
22244555
22244556
22244557
22244616
22244688
22244689
22244708
22244709
22244720
22244727
22244769
22244770
22244778
22244794
22244934
22244946
22244974
22244976
22244977
22244978
22244990
22245019
22245043
22245123
22245125
22245126
22245136
22245137
22245138
22245143
22245159
22245166
22245213
22245218
22245237
22245243
22245248
22245316
22245338
22245339
22245340
22245341
22245342
22245344
22245348
22245349
22245350
22245351
22245352
22245353
22245355
22245362
22245388
22245401
22245439
22245445
22245455
22245456
22245474
22245493
22245498
22245500
22245502
22245503
22245520
22245569
22245571
22245599
22245633
22245640
22245642
22245643
22245644
22245648
22245649
22245650
22245651
22245655
22245661
22245662
22245663
22245694
22245702
22245720
22245721
22245758
22245783
22245786
22245836
22245906
22245947
22245983
22246054
22246060
22246084
22246135
22246189
22246190
22246191
22246192
22246203
22246216
22246217
22246218
22246219
22246220
22246243
22246336
22246339
22246340
22246345
22246349
22246350
22246351
22246352
22246353
22246354
22246355
22246356
22246357
22246358
22246359
22246360
22246361
22246362
22246363
22246364
22246413
22246414
22246416
22246425
22246432
22246509
22246510
22246527
22246528
22246538
22246539
22246563
22246567
22246575
22246576
22246577
22246594
22246613
22246646
22246669
22246674
22246697
22246712
22246713
22246728
22246729
22246734
22246849
22246850
22246851
22246957
22246963
22246966
22246970
22246992
22246993
22246994
22246995
22247033
22247034
22247069
22247080
22247109
22247111
22247112
22247113
22247115
22247116
22247118
22247227
22247228
22247229
22247230
22247232
22247233
22247263
22247286
22247287
22247349
22247363
22247420
22247421
22247423
22247424
22247523
22247955
22247970
22247976
22247977
22247979
22248003
22248004
22248016
22248024
22248025
22248031
22248041
22248042
22248064
22248065
22248076
22248078
22248079
22248092
22248114
22248125
22248154
22248328
22248342
22248349
22248365
22248367
22248372
22248375
22248393
22248476
22248477
22248478
22248481
22248509
22248536
22248537
22248572
22248573
22248575
22248576
22248578
22248579
22248580
22248647
22248665
22248691
22248797
22248912
22248921
22249104
22249108
22249109
22249110
22249111
22249133
22249139
22249157
22249158
22249184
22249190
22249191
22249203
22249227
22249231
22249246
22249248
22249249
22249250
22249252
22249253
22249254
22249256
22249257
22249259
22249260
22249261
22249262
22249263
22249264
22249265
22249266
22249268
22249269
22249270
22249273
22249274
22249278
22249280
22249281
22249288
22249289
22249319
22249359
22249360
22249361
22249381
22249389
22249390
22249391
22249392
22249393
22249397
22249422
22249434
22249456
22249522
22249601
22249648
22249649
22249650
22249715
22249716
22249722
22249782
22249804
22249805
22249806
22249833
22249836
22249857
22249952
22249965
22249966
22249967
22249982
22250059
22250183
22250193
22250216
22250706
22250707
22250708
22250709
22250710
22250711
22250785
22250823
22250842
22250855
22250857
22250889
22250890
22250907
22250908
22250909
22250910
22250913
22250914
22250915
22250997
22250998
22251014
22251028
22251054
22251065
22251070
22251091
22251158
22251232
22251233
22251236
22251271
22251317
22251373
22251380
22251381
22251404
22251407
22251426
22251436
22251449
22251450
22251566
22251576
22251603
22251608
22251659
22251671
22251699
22251707
22251802
22251803
22251849
22251851
22251854
22251869
22251930
22251931
22251932
22251933
22251934
22252009
22252046
22252118
22252123
22252152
22252218
22252247
22252248
22252289
22252292
22252418
22252432
22252433
22252448
22252462
22252465
22252466
22252467
22252521
22252534
22252542
22252613
22252676
22252689
22252712
22252714
22252717
22252728
22252738
22252739
22252745
22252783
22252784
22252785
22252848
22252882
22252924
22252933
22252938
22252986
22252991
22253020
22253022
22253055
22253132
22253319
22253374
22256779
22256884
22256906
22257022
22257052
22257085
22257088
22257115
22257121
22257156
22257240
22257274
22257294
22257308
22257309
22257360
22257367
22257370
22257377
22257421
22257424
22257435
22257501
22257502
22257503
22257504
22257505
22257506
22257533
22257585
22257629
22257649
22257651
22257652
22257656
22257707
22257727
22257728
22257750
22257826
22257830
22257900
22257928
22257953
22257982
22258027
22258069
22258094
22258118
22258154
22258157
22258164
22258272
22258289
22258291
22258312
22258424
22258425
22258426
22258446
22258448
22258455
22258480
22258485
22258511
22258561
22258622
22258634
22258637
22258641
22258648
22258661
22258662
22258663
22258664
22258718
22258731
22258746
22258747
22258748
22258749
22258754
22258760
22258796
22258814
22259017
22259163
22259187
22260148
22260149
22260151
22260157
22260158
22260159
22260160
22260161
22260162
22260183
22260185
22260209
22260235
22260258
22260273
22260290
22260304
22260385
22260390
22260422
22260428
22260430
22260450
22260463
22260488
22260497
22260547
22260644
22260717
22260784
22260815
22260845
22260847
22260856
22260896
22260920
22260921
22260937
22260948
22260953
22260980
22260981
22261035
22261115
22261119
22261142
22261144
22261145
22261146
22261147
22261148
22261202
22261219
22261238
22261286
22261297
22261298
22261309
22261312
22261366
22261367
22261372
22261373
22261374
22261377
22261389
22261416
22261417
22261435
22261478
22261522
22261523
22261524
22261525
22261526
22261527
22261528
22261529
22261530
22261531
22261532
22261533
22261534
22261535
22261536
22261537
22261556
22261579
22261626
22261633
22261635
22261674
22261699
22261714
22261813
22261814
22261815
22261848
22261932
22262010
22262011
22262012
22262013
22262052
22262065
22262202
22262234
22262246
22262262
22262263
22262311
22262345
22262347
22262367
22262404
22262414
22262489
22262491
22262620
22262649
22262662
22262664
22262676
22262677
22262737
22262816
22262818
22262823
22262827
22262829
22262873
22263527
22263555
22263566
22263567
22263572
22263599
22263668
22263753
22263787
22263788
22263789
22263791
22263793
22263794
22263796
22263797
22263844
22263868
22263918
22264122
22264144
22264152
22264155
22264161
22264188
22264189
22264230
22264237
22264333
22264336
22264387
22264405
22264412
22264413
22264416
22264418
22264447
22264448
22264497
22264498
22264499
22264559
22264626
22264642
22264646
22264648
22264653
22264655
22264658
22264659
22264660
22264663
22264666
22264667
22264670
22264693
22264713
22264714
22264715
22264749
22264827
22264852
22264853
22264854
22264855
22264856
22264857
22264868
22264879
22264920
22264921
22264926
22264939
22264962
22264998
22265018
22265081
22265100
22265101
22265163
22265166
22265168
22265169
22265170
22265194
22265217
22265218
22265235
22265338
22265339
22265453
22265461
22265580
22265641
22265644
22265648
22265650
22265651
22265669
22265671
22265687
22265711
22265718
22265719
22265724
22265728
22265863
22265889
22265918
22265938
22265943
22265955
22266016
22266020
22266043
22266047
22266048
22266049
22266105
22266106
22266127
22266128
22266154
22266157
22266158
22266159
22266160
22266161
22266162
22266172
22266173
22266176
22266246
22266265
22266335
22266336
22266337
22266341
22266418
22266423
22266531
22266600
22266658
22266676
22266680
22266688
22266721
22266753
22266762
22266776
22266824
22266848
22266849
22266850
22266852
22266853
22266854
22266856
22266857
22266858
22266859
22266860
22266861
22266862
22266864
22266865
22266866
22266867
22266869
22266871
22266872
22266873
22266944
22266946
22266988
22266989
22266991
22266992
22266993
22266994
22266996
22266997
22266998
22266999
22267000
22267241
22267245
22267271
22267272
22267273
22267274
22267289
22267291
22267293
22267451
22267455
22267458
22267459
22267460
22267461
22267542
22267573
22267590
22267593
22267597
22267599
22267758
22267764
22267833
22267834
22268072
22268073
22268080
22268082
22268084
22268092
22268128
22268129
22268130
22268131
22268214
22268218
22268370
22268382
22268383
22268384
22268385
22268386
22268387
22268398
22268422
22268450
22268461
22268492
22268496
22268514
22268536
22268553
22268563
22268564
22268591
22268602
22268603
22268606
22268617
22268631
22268633
22268661
22268691
22268696
22268705
22268708
22268713
22268717
22268765
22268769
22268792
22268793
22268795
22268796
22268821
22268823
22268824
22268853
22268861
22268910
22268911
22268912
22268914
22268919
22268955
22268987
22268988
22268989
22269013
22269030
22269036
22269063
22269064
22269112
22269135
22269139
22269141
22269148
22269149
22269150
22269151
22269162
22269163
22269173
22269178
22269184
22269335
22269347
22269382
22269429
22269431
22269446
22269579
22269582
22269583
22269586
22269635
22269660
22269821
22269826
22269896
22269899
22270134
22270136
22270151
22270233
22270240
22270241
22270242
22270243
22270245
22270246
22270247
22270268
22270321
22270322
22270323
22270348
22270381
22270393
22270399
22270452
22270475
22270481
22270482
22270483
22270484
22270485
22270486
22270487
22270488
22270489
22270531
22270539
22270550
22270559
22270560
22270561
22270562
22270583
22270650
22270653
22270696
22270713
22270715
22270727
22270728
22270730
22270786
22270788
22270875
22270929
22270930
22270931
22270933
22270945
22271065
22271072
22271102
22271103
22271104
22271116
22271168
22271178
22271187
22271188
22271201
22271202
22271203
22271212
22271227
22271231
22271235
22271236
22271238
22271239
22271240
22271241
22271264
22271301
22271302
22271318
22271333
22271344
22271354
22271373
22271374
22271379
22271381
22271391
22271409
22271437
22271440
22271462
22271490
22271502
22271513
22271547
22271612
22271636
22271794
22271799
22271838
22271872
22271873
22271886
22271888
22271889
22271890
22271891
22271892
22271893
22271894
22271895
22271896
22271897
22271898
22271899
22271901
22271902
22271903
22271904
22271905
22271929
22272564
22272575
22272577
22272607
22272612
22272613
22272614
22272616
22272640
22272649
22272685
22272689
22272693
22272695
22272724
22272731
22272735
22272737
22272775
22272814
22272908
22272909
22272910
22272911
22272912
22272913
22272914
22272917
22272933
22272940
22272945
22273003
22273004
22273011
22273037
22273061
22273078
22273110
22273114
22273120
22273125
22273126
22273127
22273128
22273129
22273130
22273132
22273133
22273134
22273135
22273136
22273137
22273138
22273139
22273250
22273251
22273429
22273437
22273442
22273464
22273469
22273480
22273484
22273488
22273489
22273490
22273496
22273500
22273504
22273538
22273572
22273631
22273665
22273666
22273669
22273670
22273713
22273718
22273720
22273740
22273754
22273765
22273803
22273813
22273814
22273819
22273846
22273979
22274000
22274002
22274132
22274134
22274135
22274289
22274407
22274408
22274413
22274629
22274630
22274633
22274644
22274645
22274656
22274716
22274720
22274736
22274737
22274788
22274789
22274790
22274805
22274835
22274842
22274858
22274913
22274960
22274961
22274999
22275063
22275128
22275140
22275146
22275158
22275232
22275242
22275268
22275269
22275284
22275287
22275300
22275303
22275310
22275311
22275320
22275330
22275336
22275463
22275464
22275720
22276526
22276569
22276594
22276602
22276664
22276676
22276803
22276905
22276925
22276926
22276964
22276983
22277067
22277123
22277151
22277157
22277159
22277189
22277190
22277191
22277202
22277251
22277263
22277294
22277309
22277372
22277375
22277377
22277548
22277599
22277701
22277718
22277733
22277734
22277738
22277740
22277783
22277795
22277879
22277916
22277927
22277931
22277948
22277950
22277951
22277988
22277989
22278046
22278048
22278051
22278052
22278053
22278082
22278090
22278107
22278109
22278110
22278121
22278130
22278131
22278149
22278209
22278219
22278292
22278293
22278294
22278295
22278296
22278298
22278299
22278305
22278313
22278341
22278347
22278359
22278360
22278376
22278389
22278390
22278391
22278410
22278412
22278609
22278615
22278621
22278622
22278662
22278663
22278674
22278740
22278741
22278765
22278773
22278805
22278845
22278934
22279060
22279080
22279090
22279126
22279127
22279128
22279129
22279130
22279152
22279188
22279189
22279190
22279191
22279192
22279194
22279195
22279198
22279199
22280164
22280308
22280320
22280352
22280360
22280400
22280405
22280406
22280413
22280437
22280448
22280451
22280459
22280465
22280505
22280517
22280524
22280526
22280532
22280533
22280534
22280535
22280536
22280537
22280544
22280550
22280555
22280561
22280790
22280792
22280835
22280842
22280875
22280916
22280945
22280946
22280947
22280948
22281015
22281029
22281045
22281050
22281060
22281063
22281064
22281091
22281116
22281128
22281129
22281130
22281131
22281164
22281165
22281293
22281379
22281382
22281391
22281392
22281403
22281413
22281416
22281479
22281480
22281484
22281487
22281669
22281677
22281678
22281695
22281697
22281719
22281724
22281732
22281754
22281758
22281779
22281797
22281798
22281799
22281801
22281802
22281803
22281810
22281812
22281841
22281932
22281946
22282020
22282021
22282022
22282038
22282039
22282040
22282049
22282074
22282077
22282078
22282079
22282109
22282131
22282137
22282174
22282219
22282233
22282234
22282235
22282236
22282266
22282317
22282325
22282348
22282373
22282374
22282400
22282401
22282402
22282446
22282448
22282507
22282511
22282548
22282551
22283143
22283178
22283182
22283230
22283238
22283367
22283392
22283416
22283426
22283428
22283471
22283472
22283493
22283505
22283521
22283547
22283566
22283601
22283662
22283664
22283698
22283703
22283724
22283728
22283745
22283749
22283750
22283751
22283752
22283753
22283754
22283755
22283756
22283757
22283758
22283759
22283760
22283761
22283762
22283763
22283764
22283765
22283778
22283804
22283810
22283835
22283847
22283869
22283870
22283876
22283924
22283927
22283978
22284014
22284015
22284016
22284017
22284018
22284019
22284020
22284021
22284022
22284214
22284218
22284219
22284220
22284221
22284223
22284224
22284300
22284340
22284344
22284363
22284440
22284530
22284534
22284543
22284548
22284549
22284550
22284551
22284552
22284553
22284554
22284555
22284556
22284557
22284561
22284636
22284640
22284665
22284701
22284703
22284769
22284771
22284820
22284848
22284862
22284864
22284899
22284907
22284909
22284911
22284952
22284964
22284967
22284968
22285012
22285024
22285029
22285044
22285075
22285083
22285123
22285134
22285144
22285145
22285205
22285221
22285230
22285231
22285232
22285233
22285234
22285239
22285240
22285241
22285242
22285243
22285244
22285245
22285246
22285248
22285254
22285256
22285257
22285265
22285275
22285276
22285305
22285309
22285332
22285333
22285334
22285335
22285336
22285337
22285339
22285386
22285398
22285440
22285442
22285458
22285504
22285511
22285527
22285545
22285554
22285555
22285556
22285568
22285605
22285617
22285618
22285619
22285672
22285673
22285675
22285697
22285703
22285725
22285763
22285792
22285793
22285825
22285849
22285857
22285883
22285891
22285895
22285908
22285929
22285954
22285973
22286020
22286083
22286084
22286095
22286113
22286132
22286150
22286156
22286224
22286238
22286264
22286265
22286302
22286323
22286324
22286336
22286341
22286343
22286369
22286376
22286381
22286382
22286399
22286405
22286501
22286504
22286513
22286514
22286525
22286570
22286591
22286656
22286691
22286759
22286762
22286765
22286766
22286767
22286768
22286805
22286833
22286834
22286867
22286868
22286872
22286919
22286945
22286954
22286957
22286973
22287037
22287054
22287065
22287093
22287135
22287165
22287166
22287168
22287170
22287172
22287252
22287315
22287493
22287506
22287534
22287535
22287540
22287557
22287558
22287594
22287654
22287655
22287656
22287658
22287659
22287661
22287669
22287670
22287671
22287672
22287674
22287676
22287677
22287678
22287679
22287680
22287681
22287682
22287794
22288365
22288368
22288373
22288385
22288426
22288495
22288509
22288526
22288556
22288559
22288568
22288575
22288600
22288605
22288607
22288611
22288655
22288656
22288658
22288659
22288661
22288662
22288715
22288719
22288720
22288725
22288731
22288769
22288782
22288787
22288816
22288817
22288832
22288836
22288873
22288900
22288902
22288913
22288943
22289072
22289127
22289147
22289155
22289157
22289164
22289207
22289215
22289216
22289217
22289218
22289219
22289220
22289222
22289259
22289273
22289337
22289353
22289386
22289391
22289414
22289423
22289440
22289471
22289505
22289510
22289518
22289570
22289614
22289624
22289627
22289650
22289672
22289683
22289684
22289686
22289687
22289702
22289719
22289781
22289782
22289803
22289807
22289876
22289966
22289968
22289969
22290073
22290080
22290130
22290155
22290191
22290192
22290193
22290194
22290199
22290206
22290245
22290303
22290326
22290347
22290355
22290357
22290358
22290418
22290490
22290498
22290501
22290502
22290546
22290584
22290595
22290596
22290624
22290625
22290626
22290627
22290630
22290638
22290676
22290690
22290736
22290766
22290776
22290785
22290791
22290798
22290853
22290855
22290856
22290857
22290858
22290859
22290860
22290861
22290862
22290863
22290879
22290884
22290886
22290887
22290893
22290895
22290896
22290897
22290903
22290904
22290909
22290910
22290911
22290913
22290915
22290918
22290920
22290923
22290924
22290925
22290926
22290928
22290929
22290934
22290988
22290989
22290990
22291032
22291034
22291040
22291041
22291042
22291044
22291045
22291161
22291166
22291173
22291177
22291207
22291427
22291428
22291430
22292423
22292426
22292453
22292457
22292475
22292512
22292540
22292541
22292542
22292543
22292544
22292545
22292546
22292547
22292548
22292549
22292550
22292551
22292568
22292606
22292706
22292731
22292773
22292796
22292799
22292851
22292853
22292854
22292863
22292883
22292887
22292899
22292901
22292903
22292904
22292920
22292928
22292932
22292937
22292939
22292979
22292986
22293029
22293035
22293036
22293038
22293039
22293085
22293091
22293097
22293108
22293111
22293112
22293113
22293114
22293115
22293116
22293117
22293169
22293173
22293221
22293240
22293281
22293286
22293319
22293323
22293324
22293439
22293468
22293469
22293470
22293515
22293517
22293552
22293605
22293606
22293618
22293620
22293655
22293657
22293660
22293661
22293676
22293683
22293684
22293685
22293686
22293709
22293715
22293729
22293764
22293765
22293766
22293767
22293768
22293769
22293770
22293771
22293772
22293773
22293774
22293825
22293849
22293853
22293855
22293866
22293895
22293917
22293956
22293992
22294027
22294028
22294058
22294059
22294060
22294072
22294098
22294150
22294195
22294208
22294215
22294236
22294262
22294277
22294283
22294298
22294322
22294341
22294351
22294379
22294385
22294387
22294389
22294419
22294420
22294426
22294452
22294454
22294455
22294468
22294480
22294483
22294488
22294490
22294496
22294505
22294506
22294521
22294527
22294548
22294551
22294557
22294648
22294649
22294661
22294683
22294684
22294775
22294776
22295604
22295605
22295606
22295607
22295608
22295609
22295610
22295611
22295612
22295613
22295614
22295615
22295616
22295617
22295618
22295619
22295620
22295621
22295622
22295623
22295624
22295625
22295626
22295627
22295628
22295629
22295630
22295631
22295632
22295633
22295634
22295635
22295636
22295637
22295638
22295639
22295640
22295641
22295642
22295643
22295644
22295645
22295646
22295647
22295648
22295649
22295650
22295976
22295988
22296034
22296035
22296040
22296108
22296167
22296187
22296227
22296229
22296235
22296261
22296265
22296271
22296275
22296277
22296278
22296311
22296339
22296403
22296522
22296561
22296567
22296584
22296597
22296647
22296651
22296681
22296720
22296767
22296796
22296803
22296822
22296838
22296868
22296871
22296872
22296873
22296874
22296877
22296922
22296932
22296939
22296940
22296941
22296972
22296973
22296974
22296976
22296986
22296994
22296995
22297040
22297053
22297057
22297058
22297059
22297061
22297069
22297071
22297072
22297073
22297075
22297145
22297146
22297159
22297160
22297164
22297178
22297183
22297207
22297212
22297388
22297392
22297397
22297398
22297399
22297422
22297423
22297461
22297462
22297469
22297475
22297477
22297479
22297480
22297481
22297482
22297543
22297545
22297560
22297568
22297571
22297619
22297624
22297646
22297681
22297699
22297735
22297803
22297804
22297805
22297806
22297807
22297808
22297831
22297838
22297849
22297850
22297863
22297864
22297866
22297903
22297921
22297925
22298036
22298086
22298087
22298110
22298111
22298153
22298154
22298204
22298205
22298235
22298236
22298239
22298240
22298241
22298242
22298287
22298294
22298310
22298356
22298357
22298379
22298385
22298389
22298410
22298412
22298415
22298416
22298419
22298565
22298566
22298591
22298660
22298795
22298796
22298805
22298806
22298828
22298830
22298832
22298839
22298840
22298905
22298908
22299582
22299590
22299598
22299599
22299602
22299615
22299619
22299636
22299643
22299644
22299645
22299647
22299650
22299654
22299669
22299676
22299764
22299809
22299827
22299829
22300107
22300221
22300232
22300237
22300246
22300260
22300263
22300302
22300311
22300324
22300329
22300331
22300332
22300333
22300345
22300346
22300355
22300396
22300419
22300439
22300489
22300498
22300536
22300578
22300580
22300666
22300678
22300704
22300705
22300706
22300707
22300708
22300712
22300745
22300746
22300833
22300835
22300836
22300841
22300843
22300867
22300881
22300883
22300884
22300888
22300901
22300902
22300903
22300904
22300905
22300909
22300924
22300925
22300926
22300927
22300928
22300930
22300931
22300932
22300933
22300934
22300935
22300937
22300938
22300939
22300947
22300959
22300960
22300967
22300971
22300980
22300983
22301016
22301063
22301070
22301073
22301081
22301082
22301083
22301086
22301087
22301092
22301115
22301116
22301193
22301273
22301274
22301275
22301276
22301365
22301390
22301408
22301468
22301521
22301570
22301710
22301711
22301726
22301727
22301728
22301729
22301916
22301948
22301951
22301952
22301999
22302000
22302001
22302002
22302003
22302004
22302005
22302006
22302035
22302072
22302079
22302102
22302104
22302133
22302138
22302139
22302162
22302207
22302208
22302213
22302232
22302235
22302236
22302237
22302276
22302277
22302298
22302301
22302353
22302364
22302365
22302366
22302367
22302369
22302379
22302420
22302436
22302441
22302506
22302511
22302512
22302513
22302514
22302527
22302565
22302585
22302593
22302620
22302624
22302651
22302652
22302653
22302655
22302679
22302680
22302695
22302697
22302704
22302772
22302783
22303816
22303818
22303857
22303858
22303863
22303874
22303878
22303898
22303899
22303901
22303922
22303935
22303988
22303997
22304230
22304301
22304333
22304399
22304419
22304421
22304422
22304424
22304433
22304458
22304463
22304465
22304472
22304485
22304486
22304488
22304491
22304496
22304497
22304528
22304529
22304562
22304563
22304618
22304619
22304627
22304648
22304651
22304663
22304674
22304686
22304688
22304691
22304721
22304730
22304763
22304764
22304765
22304766
22304767
22304768
22304769
22304770
22304771
22304772
22304773
22304774
22304775
22304776
22304777
22304778
22304779
22304780
22304847
22304848
22304849
22304850
22304851
22304941
22304942
22304973
22304974
22304975
22304977
22304979
22304985
22305009
22305043
22305078
22305083
22305154
22305207
22305234
22305328
22305333
22305346
22305357
22305362
22305368
22305372
22305429
22305430
22305435
22305436
22305508
22305509
22305517
22305532
22305547
22305549
22305551
22305553
22305555
22305653
22305675
22305725
22305773
22305774
22305858
22305866
22305873
22305874
22305885
22305886
22305887
22305888
22305889
22305914
22305915
22305917
22305933
22305934
22305936
22305937
22305956
22305989
22306035
22306036
22306037
22306071
22306072
22306112
22306113
22306153
22306155
22306161
22306171
22306178
22306186
22306188
22306189
22306205
22306211
22306212
22306216
22306217
22306219
22306225
22306232
22306247
22306258
22306266
22306285
22306286
22306308
22306310
22306314
22306320
22306323
22306349
22306350
22306385
22306394
22306395
22306396
22306397
22306424
22306441
22306487
22306489
22306524
22306525
22306550
22306576
22306577
22306578
22306655
22306665
22306785
22306787
22306788
22306792
22306793
22306802
22306827
22306828
22306886
22307057
22307058
22307060
22307068
22307069
22307070
22307073
22307225
22307226
22307229
22307384
22307385
22307410
22307477
22307478
22307479
22307481
22307482
22307484
22307512
22307520
22307522
22307532
22307538
22307562
22307678
22307681
22307682
22307687
22307761
22307777
22307797
22307798
22307823
22307824
22307825
22307832
22307866
22307868
22307904
22307905
22307916
22307934
22307935
22307936
22307939
22307950
22308016
22308019
22308054
22308065
22308073
22308076
22308099
22308231
22308529
22308547
22308557
22308558
22308975
22308979
22308997
22308999
22309030
22309034
22309045
22309046
22309051
22309052
22309109
22309114
22309127
22309133
22309197
22309203
22309205
22309221
22309294
22309305
22309357
22309398
22309434
22309447
22309485
22309489
22309498
22309500
22309511
22309514
22309601
22309603
22309613
22309630
22309634
22309646
22309649
22309650
22309651
22309673
22309686
22309696
22309707
22309708
22309713
22309739
22309740
22309742
22309762
22309781
22309802
22309807
22309808
22309809
22309821
22309827
22309845
22309893
22309896
22309946
22309965
22309977
22309991
22309995
22310032
22310033
22310034
22310035
22310036
22310073
22310074
22310098
22310160
22310209
22310215
22310216
22310217
22310232
22310279
22310283
22310286
22310288
22310318
22310452
22310454
22310455
22310464
22310474
22310477
22310484
22310699
22310700
22310733
22310734
22310883
22310920
22310924
22310925
22310928
22310929
22310931
22310938
22310940
22310941
22310956
22310970
22310997
22311005
22311042
22311043
22311044
22311045
22311046
22311047
22311048
22311049
22311051
22311068
22311089
22311098
22311100
22311127
22311178
22311201
22311229
22311234
22311252
22311253
22311254
22311255
22311256
22311299
22311339
22311340
22311347
22311376
22311377
22311383
22311384
22311388
22311459
22311467
22311468
22311519
22311544
22311565
22311573
22311574
22311583
22311584
22311628
22311631
22311634
22311657
22311778
22311914
22311915
22311917
22311946
22311955
22312018
22312038
22312121
22312159
22313024
22313027
22313028
22313030
22313040
22313044
22313047
22313050
22313056
22313096
22313097
22313121
22313124
22313135
22313138
22313143
22313145
22313146
22313155
22313164
22313169
22313171
22313238
22313239
22313245
22313252
22313255
22313256
22313392
22313438
22313441
22313442
22313443
22313444
22313445
22313451
22313496
22313527
22313531
22313546
22313583
22313586
22313605
22313661
22313665
22313678
22313684
22313729
22313739
22313741
22313792
22313793
22313809
22313858
22313865
22313866
22313867
22313868
22313869
22313870
22313871
22313872
22313878
22313879
22313880
22313881
22313882
22313883
22313884
22313885
22313886
22313887
22313888
22313889
22313890
22313891
22313906
22313965
22313966
22313967
22313968
22313969
22313998
22314005
22314006
22314025
22314027
22314040
22314054
22314192
22314196
22314197
22314226
22314259
22314261
22314262
22314307
22314316
22314317
22314318
22314319
22314350
22314389
22314391
22314392
22314393
22314394
22314396
22314409
22314410
22314411
22314414
22314415
22314435
22314589
22314590
22314592
22314595
22314612
22314624
22314626
22314666
22314668
22314752
22314784
22314797
22314859
22314861
22314892
22314915
22314916
22314921
22314923
22314972
22315014
22315033
22315036
22315048
22315091
22315133
22315138
22315147
22315148
22315149
22315154
22315155
22315156
22315164
22315171
22315207
22315238
22315239
22315240
22315354
22315356
22315361
22315469
22315486
22315489
22315491
22315492
22315493
22315494
22315496
22315497
22315498
22315500
22315501
22315502
22315945
22315961
22315983
22316006
22316060
22316062
22316067
22316079
22316090
22316102
22316103
22316108
22316125
22316208
22316276
22316287
22316312
22316315
22316326
22316334
22316356
22316390
22316392
22316433
22316434
22316495
22316530
22316553
22316555
22316556
22316563
22316565
22316605
22316608
22316610
22316611
22316614
22316633
22316690
22317748
22317749
22317750
22317752
22317756
22317759
22317767
22317769
22317770
22317771
22317781
22317830
22317837
22317838
22317848
22317850
22317886
22317887
22317888
22317901
22317904
22317906
22317923
22317924
22317925
22317950
22317971
22317972
22317973
22317975
22317978
22317979
22317985
22318191
22318192
22318193
22318204
22318205
22318207
22318209
22318210
22318219
22318257
22318306
22318307
22318308
22318314
22318316
22318335
22318337
22318348
22318350
22318354
22318401
22318447
22318475
22318479
22318523
22318550
22318551
22318552
22318637
22318638
22318646
22318686
22318690
22318694
22318711
22318713
22318756
22318768
22318769
22318870
22318884
22318891
22318903
22318911
22318918
22318921
22318923
22318938
22318940
22318955
22318977
22318986
22318996
22319003
22319006
22319015
22319018
22319093
22319094
22319095
22319131
22319138
22319218
22320126
22320147
22320153
22320188
22320199
22320219
22320220
22320233
22320237
22320239
22320245
22320258
22320260
22320261
22320349
22320379
22320394
22320418
22320419
22320435
22320456
22320659
22320682
22320836
22320841
22320849
22320852
22320854
22320870
22320901
22320902
22320933
22320999
22321003
22321028
22321030
22321047
22321053
22321061
22321072
22321122
22321142
22321143
22321150
22321163
22321166
22321196
22321199
22321210
22321217
22321247
22321264
22321265
22321293
22321300
22321301
22321338
22321359
22321360
22321363
22321364
22321367
22321378
22321386
22321389
22321443
22321483
22321512
22321516
22321532
22321533
22321573
22321582
22321583
22321584
22321585
22321586
22321587
22321588
22321589
22321590
22321591
22321592
22321593
22321594
22321595
22321596
22321597
22321598
22321599
22321607
22321618
22321666
22321691
22321701
22321717
22321732
22321756
22321758
22321761
22321765
22321811
22321821
22321898
22321900
22321901
22321914
22321957
22321959
22321968
22322005
22322009
22322011
22322098
22322113
22322129
22322130
22322144
22322145
22322186
22322187
22322188
22322189
22322200
22322204
22322213
22322214
22322283
22322285
22322286
22322306
22322324
22322326
22322327
22322332
22322342
22322358
22322359
22322369
22322370
22322372
22322373
22322374
22322375
22322377
22322394
22322396
22322397
22322427
22322455
22322486
22322487
22322488
22322489
22322490
22322491
22322492
22322493
22322494
22322495
22322496
22322497
22322498
22322499
22322500
22322501
22322502
22322503
22322504
22322505
22322506
22322507
22322508
22322509
22322510
22322511
22322512
22322513
22322514
22322515
22322516
22322517
22322518
22322519
22322520
22322521
22322522
22322523
22322524
22322532
22322560
22322561
22322602
22322603
22322604
22322605
22322606
22322607
22322608
22322609
22322610
22322611
22322612
22322613
22322614
22322615
22322649
22322691
22322827
22322828
22322829
22322856
22322857
22322859
22322863
22322885
22322923
22322936
22322946
22322982
22322983
22322985
22322995
22323053
22323075
22323091
22323099
22323100
22323106
22323110
22323116
22323132
22323133
22323151
22323185
22323210
22323335
22323336
22323370
22323371
22323372
22323373
22323374
22323375
22323376
22323377
22323378
22323379
22323380
22323381
22323382
22323383
22323392
22323394
22323419
22323436
22323455
22323497
22323529
22323548
22323549
22323568
22323613
22323615
22323632
22323634
22323635
22323637
22323659
22323675
22323832
22323926
22324055
22324303
22324305
22324316
22324321
22324436
22324437
22324438
22324441
22324460
22324476
22324485
22324516
22324545
22324564
22324629
22324649
22324654
22324658
22324659
22324724
22324733
22324744
22324752
22324771
22324812
22324854
22324859
22324884
22324904
22324938
22324979
22324980
22325029
22325036
22325074
22325076
22325080
22325081
22325084
22325110
22325111
22325112
22325113
22325114
22325115
22325153
22325154
22325155
22325212
22325213
22325214
22325215
22325216
22325217
22325218
22325219
22325220
22325221
22325222
22325223
22325224
22325225
22325226
22325227
22325228
22325229
22325230
22325231
22325241
22325243
22325257
22325258
22325324
22325326
22325367
22325373
22325374
22325459
22325460
22325461
22325462
22325463
22325465
22325476
22325487
22325550
22325553
22325554
22325555
22325575
22325589
22325621
22325622
22325628
22325629
22325690
22325693
22325712
22325811
22325858
22325859
22325903
22325955
22325957
22325959
22325960
22325961
22325962
22325963
22325964
22325972
22325983
22325986
22325987
22326045
22326118
22326119
22326120
22326121
22326129
22326130
22326136
22326137
22326138
22326139
22326140
22326141
22326142
22326173
22326177
22326179
22326202
22326203
22326205
22326233
22326234
22326252
22326259
22326309
22326310
22326311
22326312
22326313
22326314
22326315
22326316
22326317
22326318
22326319
22326320
22326321
22326322
22326325
22326363
22326364
22326365
22326406
22326408
22326419
22326425
22326452
22326480
22326485
22326497
22326502
22326504
22326509
22326512
22326515
22326539
22326546
22326587
22326588
22326619
22326620
22326627
22326660
22326663
22326666
22326667
22326699
22326733
22326734
22326769
22326802
22326830
22326834
22326841
22326842
22326843
22326862
22326878
22326879
22326943
22326965
22326966
22326967
22326987
22326997
22327016
22327061
22327141
22327195
22327208
22327249
22327251
22327252
22327272
22327282
22327283
22327291
22327317
22327326
22327327
22327329
22327330
22327331
22327342
22327343
22327344
22327353
22327370
22327372
22327373
22327374
22327375
22327394
22327406
22327409
22327507
22327511
22327512
22327513
22327565
22327614
22327615
22327621
22327635
22327636
22327639
22327640
22327647
22327648
22327649
22327650
22327651
22327652
22327653
22327654
22327742
22327777
22327778
22327779
22327780
22327781
22327782
22327783
22327784
22327785
22327786
22327792
22327797
22327799
22327804
22327814
22327862
22327863
22327864
22327879
22327913
22327919
22327920
22327922
22327924
22327925
22327926
22327927
22327940
22327956
22327957
22327958
22328012
22328023
22328058
22328062
22328066
22328104
22328113
22328118
22328125
22328126
22328135
22328136
22328140
22328163
22328164
22328173
22328183
22328189
22328195
22328201
22328202
22328206
22328228
22328241
22328247
22328252
22328253
22328256
22328258
22328260
22328262
22328263
22328281
22328282
22328289
22328292
22328305
22328306
22328309
22328310
22328335
22328339
22328357
22328408
22328409
22328410
22328411
22328418
22328420
22328447
22328462
22328495
22328496
22328498
22328501
22328503
22328505
22328511
22328512
22328521
22328523
22328525
22328528
22328531
22328548
22328555
22328556
22328557
22328558
22328559
22328570
22328591
22328592
22328624
22328626
22328627
22328630
22328631
22328648
22328649
22328650
22328651
22328652
22328653
22328654
22328655
22328660
22328661
22328681
22328682
22328683
22328684
22328685
22328715
22328716
22328722
22328724
22328725
22328727
22328733
22328735
22328736
22328912
22328975
22329030
22329342
22329349
22329351
22329352
22329358
22329383
22329385
22329398
22329401
22329415
22329420
22329429
22329434
22329443
22329450
22329456
22329459
22329483
22329503
22329505
22329525
22329527
22329544
22329589
22329615
22329635
22329639
22329645
22329657
22329687
22329744
22329751
22329754
22329763
22329764
22329765
22329778
22329789
22329790
22329791
22329808
22329811
22329840
22329843
22329867
22329889
22329923
22329941
22329955
22329982
22329984
22329989
22330000
22330004
22330005
22330006
22330008
22330010
22330075
22330079
22330099
22330105
22330229
22330230
22330277
22330330
22330332
22330334
22330420
22330421
22330422
22330423
22330424
22330425
22330431
22330672
22330762
22330771
22330775
22330817
22330821
22330834
22330836
22330853
22330859
22330860
22330932
22331013
22331014
22331020
22331021
22331022
22331023
22331024
22331025
22331026
22331027
22331028
22331039
22331053
22331059
22331080
22331092
22331093
22331106
22331107
22331129
22331142
22331143
22331168
22331175
22331176
22331193
22331194
22331211
22331212
22331213
22331214
22331223
22331224
22331226
22331227
22331228
22331229
22331238
22331264
22331265
22331304
22331368
22331384
22331403
22331426
22331457
22331458
22331485
22331486
22331487
22331510
22331548
22331560
22331581
22331640
22331648
22331704
22331812
22331818
22331852
22331918
22331971
22332124
22332126
22332127
22332128
22332130
22332131
22332132
22332133
22332135
22332137
22332138
22332139
22332142
22332602
22332668
22332671
22332708
22332713
22332723
22332729
22332751
22332755
22332758
22332767
22332784
22332798
22332815
22332816
22332818
22332826
22332836
22332839
22332840
22332848
22332871
22332874
22332877
22332899
22332907
22332921
22332926
22332953
22332954
22332979
22332981
22333000
22333035
22333037
22333045
22333095
22333096
22333097
22333098
22333099
22333100
22333101
22333102
22333103
22333104
22333105
22333106
22333107
22333108
22333109
22333110
22333140
22333141
22333142
22333143
22333144
22333145
22333146
22333147
22333148
22333149
22333150
22333151
22333152
22333153
22333154
22333155
22333194
22333195
22333196
22333197
22333198
22333199
22333200
22333201
22333202
22333203
22333204
22333205
22333206
22333207
22333208
22333265
22333267
22333287
22333288
22333292
22333476
22333479
22333512
22333514
22333515
22333516
22333524
22333565
22333575
22333576
22333577
22333578
22333579
22333580
22333581
22333582
22333583
22333584
22333585
22333586
22333587
22333588
22333589
22333590
22333591
22333592
22333593
22333594
22333669
22333670
22333687
22333693
22333735
22333739
22333864
22333865
22333866
22333867
22333868
22333869
22333880
22333891
22333898
22333899
22333900
22333901
22333902
22333903
22333904
22333905
22333953
22333954
22333955
22333956
22333957
22333958
22333959
22333984
22333985
22333986
22334047
22334052
22334118
22334154
22334159
22334162
22334164
22334219
22334223
22334234
22334275
22334343
22334344
22334346
22334347
22334373
22334399
22334420
22334439
22334443
22334480
22334484
22334489
22334498
22334577
22334578
22334579
22334585
22334594
22334612
22334629
22334630
22334632
22334634
22334637
22334638
22334756
22334757
22334758
22334761
22334762
22335252
22335254
22335363
22335389
22335396
22335423
22335426
22335444
22335446
22335508
22335521
22335529
22335530
22335531
22335532
22335533
22335534
22335536
22335556
22335559
22335560
22335600
22335604
22335773
22335794
22335816
22335826
22335852
22335880
22335881
22335882
22335883
22335889
22335890
22335891
22335901
22335902
22335903
22335904
22335905
22335906
22335907
22335908
22335909
22335910
22335911
22335912
22335913
22335914
22335915
22335916
22335917
22335918
22335933
22335941
22335942
22335943
22335944
22335945
22335946
22335947
22335948
22335949
22335950
22335951
22335952
22335953
22335954
22335955
22335956
22335957
22335958
22335959
22335962
22335963
22336081
22336091
22336099
22336105
22336106
22336110
22336111
22336112
22336113
22336114
22336115
22336116
22336117
22336118
22336119
22336120
22336121
22336122
22336123
22336124
22336125
22336126
22336148
22336225
22336245
22336247
22336252
22336253
22336257
22336258
22336267
22336268
22336269
22336270
22336271
22336272
22336273
22336274
22336275
22336276
22336277
22336278
22336279
22336280
22336281
22336282
22336321
22336336
22336337
22336338
22336339
22336340
22336341
22336342
22336343
22336344
22336345
22336346
22336347
22336349
22336350
22336370
22336371
22336372
22336373
22336374
22336375
22336376
22336397
22336440
22336472
22336473
22336476
22336487
22336513
22336514
22336515
22336562
22336563
22336623
22336632
22336634
22336635
22336661
22336690
22336693
22336696
22336697
22336698
22336699
22336700
22336701
22336702
22336703
22336704
22336705
22336706
22336707
22336708
22336709
22336710
22336711
22336712
22336713
22336714
22336715
22336716
22336717
22336751
22336753
22336754
22336756
22336768
22336877
22336878
22336879
22336880
22336881
22336882
22336914
22336915
22336916
22336917
22336918
22336919
22336993
22336994
22336998
22337063
22337081
22337123
22337133
22337142
22337204
22337222
22337223
22337224
22337225
22337226
22337227
22337228
22337229
22337230
22337231
22337233
22337235
22337236
22337237
22337239
22337240
22337241
22337242
22337243
22337244
22337245
22337247
22337248
22337272
22337278
22337317
22337322
22337328
22337329
22337330
22337486
22337501
22337502
22337503
22337504
22337505
22337526
22337560
22337570
22337582
22337597
22337613
22337615
22337623
22337641
22337646
22337658
22337722
22337820
22337824
22337830
22337859
22337862
22337863
22337864
22337866
22337902
22337948
22338020
22338021
22338022
22338023
22338024
22338025
22338565
22338566
22338567
22338568
22338569
22338570
22338571
22338572
22338573
22338574
22338575
22338576
22338577
22338584
22338585
22338586
22338587
22338588
22338589
22338590
22338591
22338592
22338602
22338672
22339037
22339038
22339055
22339083
22339096
22339168
22339176
22339215
22339216
22339217
22339219
22339220
22339221
22339222
22339233
22339234
22339243
22339270
22339273
22339296
22339305
22339306
22339307
22339308
22339309
22339310
22339311
22339312
22339313
22339314
22339319
22339320
22339343
22339358
22339371
22339372
22339387
22339389
22339398
22339442
22339443
22339476
22339481
22339485
22339504
22339558
22339587
22339591
22339619
22339655
22339667
22339716
22339734
22339766
22339772
22339773
22339776
22339778
22339794
22339814
22339848
22339892
22339896
22339902
22339930
22339941
22339945
22339947
22339980
22339985
22340015
22340023
22340041
22340042
22340043
22340044
22340045
22340046
22340047
22340048
22340049
22340050
22340051
22340052
22340053
22340054
22340055
22340056
22340057
22340058
22340073
22340085
22340093
22340094
22340095
22340096
22340097
22340098
22340099
22340100
22340101
22340102
22340103
22340104
22340105
22340106
22340107
22340130
22340133
22340188
22340255
22340302
22340304
22340368
22340369
22340424
22340434
22340504
22340520
22340538
22340626
22340634
22340635
22340704
22340709
22340783
22340889
22340894
22340904
22340960
22340967
22340984
22340985
22340990
22340993
22341002
22341037
22341038
22341045
22341131
22341132
22341144
22341197
22341207
22341212
22341241
22341300
22341303
22341312
22341313
22341316
22341332
22341333
22341334
22341335
22341337
22341416
22341467
22341468
22341469
22341470
22341481
22341482
22341483
22341484
22341505
22341528
22341529
22341566
22341575
22341590
22341605
22341607
22341621
22341624
22341625
22341626
22341627
22341632
