22341641
22341649
22341653
22341656
22341673
22341677
22341678
22341696
22341702
22341703
22341704
22341705
22341706
22341707
22341708
22341709
22341710
22341711
22341712
22341726
22341727
22341729
22341730
22341731
22341734
22341738
22341739
22341748
22341749
22341754
22341773
22341774
22341851
22341852
22341857
22341869
22341911
22341927
22341932
22341945
22341946
22341948
22341949
22341956
22341983
22341984
22341986
22341987
22341988
22342031
22342046
22342047
22342050
22342068
22342117
22342125
22342126
22342127
22342128
22342129
22342133
22342155
22342166
22342183
22342191
22342208
22342216
22342226
22342230
22342231
22342236
22342250
22342320
22342327
22342328
22342330
22342341
22342378
22342394
22342395
22342396
22342397
22342404
22342428
22342475
22342476
22342478
22342480
22342481
22342486
22342493
22342494
22342495
22342496
22342513
22342516
22342567
22342593
22342601
22342613
22342648
22342659
22342735
22342743
22342764
22342771
22342775
22342782
22342783
22342811
22342818
22342820
22342851
22342855
22342860
22342861
22342862
22342863
22342864
22342875
22342903
22342937
22342949
22342950
22342968
22342971
22342972
22342973
22342974
22342983
22342986
22342987
22342988
22343009
22343041
22343052
22343074
22343086
22343087
22343095
22343096
22343111
22343113
22343123
22343127
22343183
22343260
22343271
22343272
22343274
22343275
22343276
22343278
22343372
22343399
22343467
22343522
22343549
22343550
22343551
22343552
22343553
22343591
22343706
22343707
22343713
22343714
22343715
22343716
22343733
22343734
22343748
22343749
22343825
22343910
22343911
22343912
22343914
22343924
22343966
22344047
22344253
22344254
22344255
22344256
22344258
22344263
22344265
22344319
22344321
22344323
22344467
22344468
22344469
22344470
22344558
22344573
22344627
22344675
22344676
22344677
22344731
22344735
22344756
22344757
22344758
22344759
22344760
22344761
22344762
22344763
22344764
22344765
22344775
22344792
22344842
22344852
22344857
22344867
22344887
22344890
22344896
22344966
22344970
22344977
22345045
22345118
22345119
22345134
22345213
22345214
22345215
22345216
22345279
22345283
22345284
22345285
22345286
22345306
22345315
22345316
22345318
22345319
22345320
22345330
22345380
22345381
22345382
22345487
22345496
22345497
22345498
22345500
22345501
22345510
22345546
22345618
22345628
22345629
22347990
22348200
22348225
22348227
22348229
22348233
22348238
22348239
22348242
22348243
22348254
22348256
22348259
22348261
22348268
22348269
22348270
22348271
22348273
22348281
22348284
22348285
22348286
22348290
22348294
22348299
22348303
22348309
22348313
22348314
22348319
22348323
22348337
22348339
22348347
22348379
22348380
22348398
22348414
22348429
22348445
22348449
22348453
22348465
22348466
22348467
22348468
22348505
22348509
22348516
22348517
22348518
22348530
22348531
22348535
22348539
22348544
22348547
22348588
22348591
22348592
22348598
22348601
22348602
22348608
22348619
22348640
22348642
22348643
22348645
22348655
22348677
22348681
22348682
22348699
22348700
22348704
22348705
22348736
22348737
22348739
22348743
22348749
22348773
22348795
22348796
22348808
22348810
22348812
22348821
22348856
22348859
22348869
22348870
22348871
22348876
22348879
22348882
22348888
22348918
22348919
22348920
22348969
22348990
22348994
22349038
22349102
22349149
22349150
22349151
22349152
22349159
22349161
22349162
22349207
22349272
22349318
22349321
22349334
22349336
22349345
22349354
22349356
22349357
22349397
22349431
22349439
22349451
22349452
22349465
22349471
22349472
22349473
22349474
22349475
22349476
22349477
22349478
22349480
22349496
22349498
22349500
22349518
22349528
22349529
22349530
22349531
22349532
22349533
22349534
22349535
22349536
22349537
22349538
22349539
22349540
22349545
22349557
22349558
22349559
22349560
22349561
22349563
22349568
22349569
22349591
22349592
22349613
22349614
22349616
22349617
22349618
22349619
22349620
22349621
22349643
22349653
22349654
22349659
22349714
22349719
22349731
22349732
22349733
22349736
22349737
22349750
22349751
22349752
22349753
22349754
22349755
22349756
22349757
22349760
22349761
22349763
22349764
22349765
22349766
22349813
22349833
22349834
22349835
22349860
22349861
22349864
22349865
22349866
22349867
22349870
22349872
22349878
22349901
22349903
22349938
22349959
22349964
22349966
22349968
22349984
22349985
22349990
22349993
22350009
22350033
22350034
22350065
22350066
22350067
22350068
22350070
22350071
22350072
22350115
22350120
22350157
22350158
22350159
22350160
22350161
22350162
22350187
22350213
22350241
22350243
22350254
22350263
22350264
22350265
22350267
22350293
22350295
22350296
22350297
22350303
22350320
22350327
22350328
22350363
22350387
22350388
22350419
22350426
22350441
22350442
22350456
22350495
22350496
22350503
22350504
22350515
22350533
22350537
22350555
22350568
22350586
22350602
22350618
22350621
22350623
22350626
22350637
22350660
22350661
22350662
22350668
22350675
22350676
22350677
22350679
22350680
22350702
22350703
22350718
22350722
22350730
22350731
22350732
22350742
22350765
22350766
22350767
22350787
22350790
22350795
22350811
22350822
22350824
22350836
22350839
22350843
22350871
22350933
22350934
22350936
22350937
22350938
22350940
22350941
22350950
22350985
22351032
22351043
22351044
22351048
22351103
22351104
22351105
22351106
22351109
22351110
22351115
22351116
22351155
22351156
22351157
22351438
22351440
22351471
22351475
22351478
22351490
22351494
22351498
22351508
22351513
22351520
22351565
22351594
22351604
22351626
22351703
22351704
22351705
22351706
22351707
22351708
22351740
22351741
22351742
22351793
22352311
22352320
22352325
22352333
22352353
22352367
22352386
22352396
22352691
22352725
22352726
22352727
22352728
22352729
22352730
22352731
22352732
22352733
22352734
22352735
22352738
22352763
22352839
22352842
22352857
22352901
22352924
22352969
22352984
22353012
22353022
22353038
22353043
22353138
22353209
22353218
22353226
22353237
22353240
22353241
22353258
22353264
22353285
22353286
22353307
22353334
22353375
22353379
22353380
22353381
22353392
22353402
22353439
22353440
22353559
22353562
22353563
22353564
22353589
22353591
22353623
22353638
22353639
22353642
22353643
22353645
22353686
22353687
22353689
22353730
22353766
22353767
22353768
22353769
22353770
22353795
22353803
22353852
22353853
22353926
22353941
22354006
22354012
22354063
22354100
22354101
22354102
22354103
22354120
22354136
22354141
22354143
22354145
22354147
22354163
22354200
22354214
22354215
22354218
22354228
22354229
22354230
22354231
22354232
22354233
22354234
22354235
22354236
22354262
22354275
22354276
22354277
22354283
22354313
22354325
22354361
22354369
22354370
22354371
22354374
22354375
22354390
22354392
22354443
22354463
22354482
22354521
22354522
22354523
22354524
22354525
22354526
22354534
22354536
22354550
22354554
22354555
22354556
22354661
22354668
22354672
22354673
22354675
22354676
22354732
22354733
22354739
22354740
22354742
22354743
22354754
22354755
22354771
22354772
22354773
22354774
22354775
22354776
22354834
22354845
22354866
22354897
22354916
22354922
22354926
22355012
22355013
22355042
22355075
22355079
22355169
22355171
22355172
22355183
22356097
22356101
22356114
22356116
22356122
22356135
22356136
22356137
22356161
22356168
22356172
22356201
22356208
22356209
22356216
22356255
22356273
22356276
22356295
22356298
22356304
22356350
22356430
22356433
22356456
22356464
22356485
22356531
22356532
22356533
22356546
22356553
22356578
22356591
22356615
22356618
22356652
22356687
22356717
22356730
22356731
22356734
22356746
22356748
22356749
22356750
22356751
22356770
22356804
22356822
22356823
22356824
22356826
22356890
22356891
22356916
22356923
22356924
22356925
22356926
22356938
22356943
22357062
22357065
22357085
22357087
22357088
22357090
22357091
22357092
22357093
22357097
22357117
22357118
22357119
22357132
22357161
22357164
22357195
22357249
22357250
22357251
22357252
22357254
22357256
22357257
22357314
22357315
22357326
22357331
22357332
22357335
22357336
22357337
22357338
22357344
22357348
22357360
22357366
22357376
22357384
22357387
22357418
22357419
22357428
22357442
22357443
22357445
22357446
22357447
22357449
22357484
22357485
22357486
22357487
22357488
22357489
22357490
22357491
22357492
22357501
22357509
22357513
22357514
22357515
22357516
22357517
22357518
22357519
22357520
22357521
22357522
22357523
22357524
22357633
22357634
22357639
22357641
22357642
22357643
22357699
22357726
22357765
22357766
22357767
22357768
22357769
22357770
22357771
22357772
22357773
22357789
22357790
22357791
22357792
22357793
22357794
22357795
22357796
22357797
22357798
22357934
22357935
22357936
22357937
22357938
22357939
22357940
22357941
22357944
22357948
22357949
22357950
22357951
22357952
22357953
22357958
22358070
22358111
22358126
22358127
22358131
22358155
22358188
22358190
22358254
22358257
22358258
22358308
22358309
22358310
22358311
22358312
22358382
22358383
22358385
22358392
22358431
22358498
22358508
22358726
22358851
22358995
22358996
22358997
22358999
22359050
22359088
22359089
22359096
22359097
22359112
22359113
22359203
22359215
22359220
22359225
22359235
22359236
22359244
22359250
22359254
22359255
22359263
22359278
22359282
22359313
22359314
22359319
22359320
22359348
22359349
22359352
22359354
22359359
22359368
22359371
22359388
22359405
22359409
22359410
22360153
22360160
22360272
22360287
22360384
22360385
22360389
22360421
22360424
22360439
22360457
22360494
22360495
22360534
22360541
22360542
22360544
22360577
22360589
22360591
22360592
22360594
22360605
22360610
22360612
22360623
22360643
22360645
22360664
22360669
22360675
22360678
22360705
22360709
22360712
22360719
22360720
22360723
22360728
22360739
22360745
22360746
22360763
22360775
22360785
22360795
22360830
22360837
22360944
22360947
22360948
22361000
22361019
22361047
22361048
22361082
22361157
22361211
22361212
22361232
22361233
22361250
22361252
22361260
22361268
22361333
22361334
22361340
22361344
22361345
22361351
22361389
22361392
22361412
22361415
22361452
22361473
22361477
22361571
22361572
22361578
22361579
22361580
22361581
22361582
22361583
22361584
22361585
22361639
22361641
22361648
22361695
22361726
22361733
22361734
22361804
22361833
22361842
22361850
22361852
22361864
22361908
22361909
22361960
22361961
22361987
22361995
22362048
22362050
22362068
22362079
22362080
22362099
22362148
22362166
22362194
22362217
22362218
22362223
22362254
22362255
22362271
22362309
22362314
22362357
22362363
22362364
22362391
22362413
22362414
22362417
22362471
22362506
22362516
22362554
22362558
22362620
22362621
22362625
22362653
22362655
22362666
22362677
22362785
22362814
22362826
22362827
22362828
22362829
22362830
22362831
22362832
22362833
22362834
22362835
22362836
22362837
22362838
22362852
22362858
22362875
22362884
22362902
22362923
22362926
22362927
22364112
22364140
22364153
22364154
22364177
22364182
22364189
22364199
22364217
22364230
22364235
22364288
22364316
22364381
22364397
22364435
22364490
22364509
22364511
22364515
22364520
22364547
22364555
22364570
22364582
22364589
22364592
22364599
22364607
22364617
22364667
22364681
22364707
22364712
22364727
22364764
22364776
22364777
22364816
22364817
22364818
22364838
22364848
22364856
22364857
22364859
22364869
22364890
22364907
22364908
22364925
22364958
22364961
22365062
22365080
22365100
22365109
22365269
22365270
22365283
22365314
22365324
22365329
22365334
22365342
22365379
22365389
22365390
22365415
22365416
22365417
22365418
22365421
22365482
22365483
22365487
22365488
22365491
22365492
22365527
22365528
22365529
22365530
22365581
22365631
22365639
22365643
22365671
22365693
22365694
22365695
22365696
22365697
22365698
22365699
22365700
22365701
22365702
22365703
22365704
22365705
22365719
22365721
22365726
22365765
22365784
22365815
22365816
22365819
22365820
22365842
22365893
22365897
22365898
22365954
22365955
22365956
22365958
22365964
22365965
22365967
22365968
22365974
22365976
22365977
22365978
22365980
22365981
22365983
22366049
22366076
22366077
22366081
22366114
22366115
22366123
22366181
22366182
22366183
22366187
22366208
22366230
22366241
22366242
22366243
22366244
22366255
22366290
22366294
22366295
22366309
22366324
22366330
22366334
22366356
22366364
22366375
22366437
22366441
22366442
22366449
22366450
22366451
22366452
22366453
22366454
22366457
22366458
22366459
22366460
22366461
22366462
22366469
22366475
22366476
22366495
22366554
22366560
22366562
22366563
22366564
22366565
22366579
22366662
22366665
22366667
22366668
22366669
22366690
22366728
22366730
22366765
22366767
22366782
22366803
22366804
22366805
22366806
22366808
22366821
22366855
22366878
22366884
22366886
22366894
22366910
22366911
22366928
22366929
22366930
22366931
22366932
22366934
22366935
22366936
22366938
22366954
22366955
22366966
22366967
22366970
22366978
22366980
22366997
22366998
22367049
22367051
22367059
22367060
22367069
22367070
22367071
22367072
22367073
22367074
22367075
22367091
22367095
22367105
22367154
22367168
22367172
22367177
22367182
22367187
22367216
22367229
22367230
22367231
22367232
22367248
22367266
22367278
22367284
22367290
22367342
22367348
22367351
22367359
22367371
22367372
22367373
22367398
22367399
22367400
22367409
22367415
22367416
22367434
22367437
22367452
22367453
22367455
22367477
22367478
22367480
22367485
22367531
22367556
22367566
22367578
22367597
22367598
22367599
22367606
22367607
22367611
22367618
22367629
22367634
22367637
22367639
22367640
22367641
22367703
22367704
22367705
22367707
22367709
22367710
22367712
22367713
22367716
22367736
22367746
22367748
22367749
22367774
22367775
22367776
22367790
22367847
22367851
22367917
22367918
22367959
22367971
22367974
22367976
22367983
22367984
22368035
22368047
22368048
22368104
22368122
22368145
22368161
22368166
22368190
22368194
22368195
22368234
22368235
22368236
22368250
22368810
22369102
22369105
22369150
22369184
22369206
22369227
22369232
22369254
22369255
22369272
22369333
22369334
22369335
22369336
22369337
22369348
22369357
22369458
22369491
22369496
22369498
22369501
22369506
22369572
22369622
22369623
22369637
22369669
22369670
22369671
22369679
22369684
22369697
22369699
22369740
22369741
22369742
22369743
22369744
22369745
22369746
22369747
22369755
22369784
22369785
22369787
22369788
22369875
22369879
22369880
22369899
22369921
22369956
22369968
22369993
22369997
22370061
22370063
22370065
22370066
22370067
22370122
22370126
22370147
22370165
22370221
22370232
22370246
22370247
22370250
22370294
22370369
22370371
22370449
22370460
22370509
22370510
22370511
22370512
22370513
22370514
22370515
22370516
22370517
22370518
22370519
22370520
22370546
22370551
22370584
22370590
22370610
22370611
22370612
22370613
22370618
22370622
22370623
22370627
22370654
22370691
22370694
22370695
22370723
22370724
22370731
22370741
22370742
22370765
22370867
22370873
22370877
22370912
22370913
22370921
22370925
22370947
22370952
22370963
22370964
22370998
22371014
22371015
22371061
22371062
22371065
22371066
22371067
22371073
22371097
22371102
22371119
22371121
22371127
22371145
22371159
22371161
22371164
22371165
22371171
22371175
22371180
22371181
22371182
22371183
22371184
22371200
22371207
22371211
22371231
22371232
22371237
22371239
22371271
22371274
22371275
22371286
22371289
22371290
22371291
22371292
22371294
22371295
22371301
22371302
22371305
22371307
22371308
22371319
22371352
22371366
22371369
22371377
22371425
22371429
22371511
22371518
22371519
22371522
22371523
22371625
22371845
22372381
22372384
22372389
22372427
22372428
22372433
22372434
22372435
22372457
22372470
22372473
22372486
22372491
22372492
22372495
22372520
22372523
22372528
22372547
22372548
22372564
22372565
22372570
22372573
22372588
22372596
22372612
22372621
22372641
22372642
22372646
22372657
22372670
22372690
22372691
22372694
22372715
22372721
22372737
22372738
22372746
22372750
22372751
22372752
22372753
22372754
22372755
22372762
22372821
22372831
22372846
22372847
22372848
22372850
22372856
22372862
22372873
22372885
22372886
22372887
22372913
22372930
22372935
22372947
22372960
22372961
22372963
22372964
22372976
22372984
22372985
22372995
22373000
22373045
22373047
22373485
22373561
22373640
22373695
22373716
22373723
22373726
22373785
22373794
22373812
22373814
22373825
22373875
22373896
22373929
22373930
22373955
22374079
22374106
22374125
22374168
22374174
22374253
22374254
22374263
22374309
22374320
22374335
22374336
22374368
22374370
22374383
22374384
22374405
22374434
22374476
22374479
22374482
22374518
22374577
22374583
22374586
22374587
22374686
22374690
22374692
22374713
22374749
22374815
22374819
22374830
22374839
22374845
22374854
22374864
22374917
22374934
22374985
22375022
22375036
22375038
22375059
22375064
22375065
22375066
22375070
22375081
22375514
22375532
22375549
22375556
22375585
22375604
22375610
22375624
22375628
22375681
22375682
22375685
22375686
22375696
22375698
22375699
22375700
22375729
22375792
22375794
22375795
22375799
22375826
22375828
22375835
22375839
22375840
22375841
22375856
22375861
22375882
22375888
22375889
22375891
22375901
22375903
22375904
22375921
22375922
22375923
22375927
22375929
22375943
22375955
22376007
22376012
22376046
22376055
22376062
22376076
22376083
22376121
22376140
22376141
22376145
22376154
22376159
22376160
22376187
22376191
22376214
22376221
22376226
22376231
22376233
22376241
22376242
22376279
22376281
22376301
22376316
22376353
22376386
22377004
22377033
22377089
22377090
22377091
22377092
22377136
22377193
22377232
22377240
22377270
22377319
22377327
22377333
22377339
22377341
22377349
22377368
22377404
22377445
22377460
22377493
22377511
22377512
22377513
22377541
22377562
22377563
22377564
22377565
22377566
22377620
22377621
22377637
22377651
22377652
22377688
22377689
22377690
22377767
22377768
22377769
22377784
22377797
22377799
22377805
22377818
22377838
22377840
22377896
22377897
22377898
22377908
22377911
22377913
22377963
22377969
22377973
22378051
22378052
22378053
22378061
22378167
22378168
22378172
22378173
22378174
22378175
22378176
22378178
22378227
22378228
22378241
22378277
22378279
22378280
22378281
22378282
22378283
22378284
22378285
22378286
22378287
22378290
22378296
22378312
22378362
22378363
22378364
22378365
22378366
22378367
22378368
22378369
22378370
22378371
22378372
22378373
22378374
22378375
22378376
22378377
22378468
22378469
22378470
22378472
22378473
22378496
22378497
22378539
22378542
22378547
22378566
22378577
22378589
22378591
22378603
22378604
22378641
22378659
22378673
22378688
22378740
22378741
22378742
22378743
22378750
22378810
22378811
22378852
22378854
22378861
22378862
22378863
22378864
22378941
22378942
22379071
22379125
22379126
22379127
22379128
22379129
22379130
22379762
22379763
22379764
22379765
22379766
22379767
22379768
22379769
22379770
22379771
22379772
22379773
22379774
22379775
22379776
22379777
22379778
22379779
22379780
22379781
22379950
22379979
22380456
22380509
22380520
22380533
22380534
22380536
22380544
22380582
22380609
22380614
22380651
22380701
22380707
22380717
22380723
22380729
22380865
22380867
22380874
22380886
22380889
22380890
22380892
22380893
22380894
22380895
22380898
22380899
22380900
22380905
22380906
22380907
22380908
22380909
22380910
22380911
22380912
22380913
22380914
22380915
22380917
22380924
22380929
22380932
22380944
22381005
22381030
22381032
22381072
22381119
22381131
22381145
22381166
22381168
22381204
22381209
22381263
22381266
22381268
22381269
22381270
22381272
22381273
22381274
22381275
22381276
22381278
22381279
22381301
22381302
22381303
22381305
22381306
22381308
22381309
22381310
22381311
22381313
22381314
22381333
22381361
22381383
22381437
22381477
22381534
22381535
22381575
22381578
22381581
22381583
22381610
22381620
22381621
22381645
22381646
22381695
22381702
22381732
22381733
22381740
22381779
22381780
22381781
22381782
22381783
22381888
22381908
22381949
22381950
22381951
22381959
22381960
22382002
22382010
22382011
22382012
22382013
22382014
22382015
22382016
22382038
22382045
22382046
22382145
22382149
22382198
22382204
22382205
22382273
22382296
22382300
22382335
22382336
22382338
22382341
22382343
22382344
22382345
22382347
22382348
22382361
22382368
22382369
22382370
22382371
22382372
22382374
22382388
22382398
22382427
22382428
22382434
22382442
22382444
22382461
22382503
22382506
22382515
22382516
22382554
22382555
22382574
22382575
22382586
22382587
22382630
22382648
22382649
22382655
22382664
22382665
22382679
22382694
22382698
22382704
22382726
22382727
22382731
22382732
22382761
22382776
22382816
22382817
22382818
22382819
22382820
22382821
22382822
22382823
22382853
22382870
22382876
22382877
22382878
22382928
22382931
22382934
22382990
22383026
22383032
22383048
22383049
22383050
22383059
22383061
22383063
22383064
22383068
22383070
22383074
22383077
22383078
22383079
22383088
22383089
22383090
22383094
22383107
22383109
22383120
22383122
22383131
22383157
22383163
22383166
22383170
22383176
22383216
22383230
22383232
22383233
22383234
22383236
22383237
22383238
22383239
22383240
22383241
22383242
22383243
22383249
22383300
22383312
22383314
22383329
22383332
22383372
22383510
22383531
22383536
22383583
22383584
22383660
22383661
22383662
22383663
22383664
22383665
22383667
22383668
22383680
22383691
22384793
22384797
22384799
22384819
22384832
22384858
22384860
22384865
22384924
22384930
22384936
22384943
22384951
22384978
22384981
22384987
22384988
22384998
22385001
22385013
22385022
22385024
22385025
22385035
22385038
22385050
22385066
22385081
22385098
22385113
22385115
22385116
22385117
22385118
22385119
22385125
22385129
22385147
22385153
22385155
22385188
22385203
22385206
22385215
22385229
22385259
22385265
22385270
22385292
22385294
22385296
22385322
22385338
22385354
22385356
22385370
22385396
22385503
22385573
22385629
22385634
22385679
22385680
22385686
22385687
22385824
22385831
22385833
22385834
22385837
22385838
22385841
22385904
22385912
22386005
22386047
22386049
22386050
22386051
22386063
22386064
22386112
22386113
22386114
22386115
22386135
22386196
22386198
22386208
22386210
22386224
22386228
22386231
22386236
22386238
22386249
22386256
22386257
22386262
22386264
22386284
22386299
22386301
22386312
22386341
22386348
22386351
22386352
22386353
22386355
22386359
22386378
22386448
22386451
22386453
22386478
22386482
22386535
22386560
22386562
22386576
22386577
22386583
22386584
22386602
22386604
22386605
22386606
22386607
22386608
22386609
22386610
22386611
22386621
22386658
22386661
22386670
22386671
22386672
22386673
22386674
22386675
22386686
22386691
22386692
22386693
22386694
22386698
22386716
22386721
22386738
22386764
22386768
22386769
22386772
22386778
22386792
22386825
22386839
22386847
22386853
22386871
22386874
22386890
22386899
22386900
22386901
22386902
22386903
22386911
22386926
22386956
22387022
22387032
22387033
22387034
22387035
22387042
22387045
22387054
22387056
22387073
22387074
22387075
22387082
22387089
22387090
22387117
22387118
22387127
22387130
22387139
22387151
22387152
22387153
22387165
22387210
22387226
22387233
22387234
22387254
22387259
22387263
22387306
22387314
22387331
22387332
22387337
22387370
22387371
22387372
22387381
22387426
22387472
22387480
22387482
22387483
22387484
22387500
22387529
22387532
22387567
22387573
22387578
22387584
22387587
22387616
22387620
22387663
22387667
22387701
22387881
22387920
22387948
22388001
22388002
22388004
22388183
22388350
22388351
22388466
22388494
22388495
22388496
22388497
22388498
22388499
22388500
22388501
22388502
22388503
22388504
22388578
22388635
22388653
22388672
22388691
22388703
22388707
22388709
22388711
22388713
22388726
22388727
22388741
22388776
22388862
22388928
22388929
22388943
22388951
22388963
22388973
22388974
22388983
22389008
22389028
22389037
22389046
22389047
22389054
22389055
22389056
22389073
22389088
22389103
22389107
22389110
22389124
22389128
22389139
22389143
22389167
22389173
22389182
22389198
22389213
22389228
22389244
22389245
22389249
22389256
22389260
22389261
22389263
22389267
22389268
22389269
22389270
22389271
22389272
22389307
22389342
22389343
22389344
22389413
22389414
22389429
22389443
22389444
22389460
22389515
22389870
22389871
22390137
22390140
22390152
22390161
22390162
22390181
22390200
22390201
22390208
22390214
22390217
22390223
22390231
22390235
22390259
22390269
22390270
22390275
22390278
22390282
22390285
22390305
22390316
22390343
22390348
22390351
22390362
22390363
22390365
22390381
22390382
22390405
22390409
22390410
22390617
22390619
22390622
22390648
22390656
22390657
22390659
22390661
22390662
22390663
22390664
22390665
22390666
22390669
22390679
22390682
22390716
22390720
22390737
22390771
22390787
22390788
22390824
22390826
22390833
22390845
22390873
22390874
22390888
22390889
22390909
22390910
22390912
22390946
22390958
22390963
22390968
22390984
22390986
22391016
22391104
22391140
22391145
22391147
22391154
22391155
22391156
22391157
22391158
22391159
22391160
22391161
22391162
22391163
22391164
22391165
22391166
22391167
22391168
22391169
22391170
22391171
22391172
22391173
22391174
22391175
22391176
22391177
22391178
22391179
22391180
22391181
22391182
22391183
22391184
22391185
22391186
22391187
22391188
22391189
22391190
22391191
22391192
22391193
22391194
22391195
22391196
22391197
22391198
22391199
22391200
22391201
22391202
22391216
22391217
22391334
22391335
22391336
22391337
22391340
22391341
22391342
22391343
22391403
22391404
22391414
22391428
22391438
22391439
22391440
22391441
22391442
22391443
22391477
22391485
22391486
22391516
22391517
22391518
22391557
22391584
22391626
22391627
22391649
22391653
22391654
22391668
22391670
22391671
22391690
22391691
22391692
22391741
22391742
22391743
22391744
22391745
22391746
22391756
22391757
22391758
22391759
22391776
22391777
22391786
22391787
22391788
22391789
22391790
22391791
22391793
22391794
22391795
22391796
22391798
22391806
22391813
22391868
22391876
22391879
22391880
22391881
22391889
22391952
22391953
22391961
22391962
22391978
22391979
22391986
22391987
22391988
22392010
22392021
22392036
22392044
22392045
22392046
22392047
22392048
22392072
22392099
22392134
22392135
22392136
22392137
22392138
22392139
22392141
22392154
22392190
22392192
22392229
22392270
22392287
22392347
22392366
22392367
22392373
22392404
22392407
22392408
22392409
22392414
22392415
22392416
22392431
22392432
22392433
22392434
22392450
22392451
22392479
22392480
22392482
22392484
22392486
22392487
22392488
22392489
22392490
22392491
22392492
22392503
22392504
22392509
22392525
22392539
22392541
22392547
22392548
22392555
22392556
22392557
22392558
22392565
22392566
22392568
22392577
22392579
22392580
22392584
22392593
22392594
22392599
22392608
22392629
22392632
22392637
22392686
22392720
22392736
22392758
22392762
22392763
22392764
22392804
22392814
22392816
22392835
22392846
22392876
22392923
22393029
22393030
22393031
22393032
22393033
22393075
22393166
22393167
22393168
22393169
22393170
22393233
22393234
22393235
22393237
22393238
22393239
22393240
22393241
22393242
22393243
22393244
22393564
22393566
22393567
22393690
22393691
22393692
22393693
22393694
22393695
22393696
22393698
22393699
22393700
22393701
22393703
22393704
22393705
22393706
22393707
22393875
22393877
22393883
22393896
22393901
22393902
22393913
22393916
22394009
22394016
22394018
22394019
22394023
22394050
22394072
22394073
22394082
22394087
22394109
22394130
22394170
22394184
22394185
22394186
22394187
22394191
22394214
22394226
22394252
22394258
22394272
22394274
22394290
22394305
22394323
22394326
22394334
22394353
22394354
22394358
22394361
22394375
22394376
22394383
22394387
22394392
22394395
22394414
22394435
22394437
22394479
22394482
22394488
22394489
22394494
22394495
22394539
22394592
22394595
22394608
22394611
22394612
22394625
22394668
22394987
22395020
22395187
22395190
22395204
22395234
22395261
22395299
22395349
22395350
22395351
22395352
22395353
22395354
22395360
22395361
22395392
22395413
22395429
22395430
22395432
22395437
22395445
22395446
22395450
22395537
22395563
22395564
22395646
22395647
22395648
22395649
22395729
22395762
22395777
22395784
22395789
22395792
22395793
22395794
22395819
22395849
22395860
22395861
22395862
22395863
22395864
22395865
22395866
22395867
22395871
22395896
22395897
22395955
22395956
22395957
22395958
22395961
22395984
22395985
22395987
22395988
22395992
22395997
22395998
22395999
22396000
22396004
22396006
22396007
22396015
22396016
22396017
22396018
22396019
22396020
22396044
22396045
22396063
22396065
22396090
22396123
22396129
22396138
22396143
22396144
22396154
22396195
22396198
22396212
22396213
22396214
22396215
22396218
22396219
22396226
22396230
22396304
22396319
22396323
22396329
22396392
22396444
22396445
22396446
22396447
22396461
22396499
22396501
22396522
22397313
22397314
22397315
22397325
22397357
22397361
22397362
22397403
22397494
22397512
22397576
22397585
22397592
22397624
22397630
22397686
22397702
22397715
22397719
22397720
22397721
22397722
22397725
22397734
22397755
22397756
22397759
22397761
22397770
22397771
22397772
22397773
22397774
22397775
22397776
22397778
22397779
22397780
22397781
22397782
22397783
22397784
22397785
22397786
22397787
22397788
22397789
22397832
22397856
22397857
22397858
22397859
22397860
22397861
22397862
22397865
22397889
22397891
22397892
22397895
22397904
22397929
22397931
22397932
22397934
22397935
22397936
22397937
22397938
22397939
22397969
22397970
22397971
22397972
22397998
22397999
22398000
22398001
22398002
22398003
22398004
22398005
22398006
22398020
22398039
22398040
22398041
22398042
22398043
22398044
22398045
22398046
22398047
22398048
22398049
22398050
22398053
22398054
22398056
22398057
22398058
22398059
22398069
22398070
22398071
22398076
22398077
22398078
22398080
22398081
22398082
22398084
22398087
22398088
22398090
22398091
22398092
22398093
22398094
22398095
22398096
22398097
22398098
22398099
22398100
22398101
22398102
22398103
22398105
22398121
22398123
22398129
22398140
22398145
22398178
22398188
22398189
22398200
22398215
22398216
22398252
22398269
22398271
22398274
22398321
22398326
22398355
22398399
22398416
22398458
22398463
22398466
22398467
22398468
22398471
22398514
22398640
22398657
22398663
22398685
22398688
22398696
22398714
22398720
22398721
22398722
22398723
22398724
22398725
22398726
22398727
22398823
22398824
22398825
22398827
22398829
22398831
22398832
22398833
22398834
22398835
22398861
22398898
22398930
22398948
22398956
22398962
22398984
22399013
22399050
22399052
22399057
22399073
22399096
22399098
22399102
22399105
22399130
22399135
22399149
22399165
22399166
22399167
22399168
22399169
22399170
22399171
22399172
22399173
22399174
22399175
22399176
22399177
22399178
22399179
22399180
22399181
22399182
22399183
22399184
22399185
22399186
22399191
22399213
22399215
22399224
22399235
22399236
22399238
22399241
22399250
22399284
22399303
22399304
22399305
22399306
22399307
22399308
22399309
22399312
22399364
22399365
22399436
22399446
22399447
22399450
22399451
22399452
22399491
22399494
22399572
22399675
22399676
22399677
22399783
22399784
22399785
22399786
22399787
22399788
22400128
22400795
22400796
22400810
22400813
22400896
22400904
22400984
22400989
22401135
22401136
22401147
22401148
22401149
22401151
22401153
22401170
22401266
22401267
22401308
22401538
22401573
22401579
22401601
22401643
22401704
22401717
22401733
22401754
22401756
22401773
22401774
22401795
22401796
22401827
22401828
22401829
22401830
22401831
22401832
22401833
22401834
22401835
22401836
22401839
22401840
22401842
22401843
22401844
22401845
22401869
22401870
22401871
22401904
22401905
22401919
22401921
22401929
22401931
22401938
22401939
22401941
22401959
22401992
22402026
22402027
22402108
22402141
22402146
22402171
22402179
22402180
22402198
22402199
22402200
22402201
22402202
22402203
22402204
22402205
22402206
22402207
22402208
22402209
22402210
22402211
22402212
22402229
22402252
22402255
22402256
22402258
22402259
22402261
22402278
22402291
22402305
22402306
22402331
22402332
22402333
22402337
22402340
22402414
22402434
22402451
22402453
22402455
22402456
22402486
22402496
22402509
22402511
22402512
22402513
22402514
22402515
22402517
22402584
22402587
22402588
22402589
22402591
22402594
22402595
22402606
22402607
22402609
22402610
22402613
22402621
22402622
22402632
22402633
22402634
22402635
22402639
22402640
22402641
22402677
22402706
22402713
22402726
22402727
22402733
22402734
22402735
22402753
22402754
22402756
22402760
22402783
22402793
22402797
22402814
22402815
22402816
22402831
22402832
22402833
22402836
22402866
22402872
22402874
22402881
22402882
22402883
22402958
22402997
22403004
22403042
22403043
22403054
22403055
22403083
22403084
22403161
22403163
22403164
22403183
22403394
22403414
22403416
22403433
22403436
22403438
22403772
22403774
22403780
22403781
22403803
22403804
22403805
22404085
22404105
22404117
22404118
22404119
22404120
22404121
22404124
22404130
22404132
22404145
22404153
22404173
22404177
22404178
22404183
22404185
22404202
22404210
22404217
22404219
22404223
22404232
22404233
22404235
22404238
22404240
22404244
22404245
22404248
22404275
22404276
22404277
22404288
22404292
22404295
22404299
22404302
22404318
22404319
22404321
22404325
22404330
22404341
22404342
22404344
22404373
22404379
22404395
22404425
22404460
22404477
22404487
22404490
22404491
22404496
22404501
22404519
22404525
22404545
22404547
22404556
22404578
22404598
22404622
22404639
22404640
22404645
22404666
22404687
22404692
22404694
22404716
22404719
22404731
22404733
22404734
22404735
22404743
22404755
22404759
22404760
22404765
22404822
22404840
22404846
22404848
22404849
22404870
22404871
22404874
22404877
22404898
22404910
22404958
22404967
22404978
22405029
22405125
22405135
22405140
22405141
22405191
22405192
22405193
22405213
22405214
22405261
22405326
22405332
22405347
22405377
22405406
22405424
22405481
22405482
22405483
22405502
22405509
22405523
22405524
22405532
22405534
22405542
22405543
22405573
22405575
22405579
22405611
22405638
22405641
22405642
22405644
22405645
22405675
22405682
22405683
22405685
22405753
22405853
22405860
22405882
22405897
22405898
22405899
22405915
22405916
22405931
22405954
22405956
22405957
22405958
22405959
22405962
22405963
22406002
22406006
22406012
22406041
22406042
22406049
22406060
22406074
22406075
22406076
22406077
22406080
22406111
22406112
22406143
22406144
22406145
22406146
22406149
22406156
22406158
22406159
22406161
22406168
22406182
22406213
22406216
22406217
22406219
22406220
22406221
22406222
22406223
22406224
22406230
22406231
22406234
22406239
22406240
22406249
22406252
22406253
22406254
22406255
22406270
22406276
22406300
22406302
22406309
22406335
22406337
22406345
22406346
22406355
22406361
22406363
22406374
22406382
22406384
22406400
22406403
22406405
22406406
22406407
22406466
22406475
22406490
22406492
22406505
22406512
22406523
22406539
22406546
22406646
22406688
22406696
22406737
22406749
22406762
22406765
22406864
22406868
22406873
22406923
22406930
22406931
22406937
22406948
22406953
22406957
22406958
22406960
22406963
22406966
22406969
22406982
22406983
22406988
22406992
22406993
22406994
22406995
22406996
22406997
22406998
22406999
22407021
22407029
22407030
22407062
22407064
22407068
22407076
22407108
22407124
22407150
22407151
22407152
22407153
22407154
22407157
22407158
22407170
22407179
22407183
22407189
22407222
22407240
22407250
22407261
22407268
22407270
22407278
22407279
22407287
22407288
22407289
22407301
22407306
22407308
22407309
22407314
22407337
22407338
22407357
22407376
22407406
22407420
22407421
22407422
22407436
22407437
22407438
22407447
22407458
22407460
22407461
22407462
22407466
22407467
22407468
22407480
22407481
22407482
22407485
22407490
22407509
22407511
22407521
22407523
22407526
22407530
22407531
22407546
22407574
22407576
22407577
22407596
22407607
22407608
22407611
22407649
22407650
22407674
22407696
22407698
22407727
22407736
22407738
22407742
22407755
22407756
22407758
22407763
22407769
22407770
22407780
22407789
22407798
22407808
22407816
22407822
22407825
22407834
22407859
22407878
22407891
22407895
22407903
22407905
22407909
22407911
22407930
22407949
22407958
22407971
22407985
22408052
22408055
22408057
22408065
22408067
22408083
22408084
22408085
22408086
22408087
22408089
22408129
22408142
22408147
22408150
22408151
22408153
22408186
22408187
22408192
22408201
22409154
22409163
22409180
22409181
22409182
22409201
22409214
22409225
22409246
22409253
22409255
22409258
22409260
22409273
22409296
22409306
22409312
22409320
22409321
22409347
22409353
22409380
22409382
22409383
22409397
22409455
22409532
22409587
22409595
22409633
22409644
22409649
22409654
22409656
22409706
22409717
22409730
22409764
22409766
22409780
22409819
22409820
22409821
22409822
22409823
22409824
22409825
22409826
22409827
22409828
22409830
22409856
22409863
22409865
22409912
22409913
22409914
22409915
22409916
22409917
22409918
22409919
22409920
22409921
22409922
22409923
22409924
22409925
22409926
22409927
22409929
22409937
22409938
22409939
22409940
22409949
22409987
22409988
22409989
22410096
22410097
22410123
22410126
22410147
22410152
22410154
22410155
22410159
22410173
22410192
22410213
22410241
22410244
22410272
22410277
22410296
22410297
22410298
22410305
22410308
22410315
22410316
22410347
22410348
22410352
22410376
22410385
22410386
22410395
22410396
22410425
22410438
22410439
22410499
22410503
22410504
22410505
22410506
22410593
22410638
22410639
22410678
22410682
22410683
22410685
22410687
22410708
22410709
22410755
22410785
22410792
22410822
22410844
22410845
22410846
22410847
22410848
22410864
22410948
22410949
22410957
22410958
22410960
22410972
22410974
22411008
22411010
22411022
22411047
22411049
22411063
22411078
22411096
22411098
22411106
22411165
22411167
22411178
22411179
22411180
22411181
22411182
22411183
22411185
22411187
22411189
22411204
22411210
22411212
22411266
22411267
22411272
22411273
22411274
22411295
22411355
22411427
22411430
22411437
22411438
22411482
22411484
22411494
22411503
22411533
22411536
22411538
22411542
22411565
22411579
22411584
22411587
22411588
22411607
22411630
22411631
22411632
22411633
22411635
22411637
22411639
22411692
22411697
22411699
22411702
22411722
22411729
22411733
22411746
22411747
22411748
22411763
22411766
22411774
22411859
22411887
22411892
22411906
22411909
22411925
22412041
22412056
22412058
22412061
22412153
22412154
22412155
22412183
22412184
22412185
22412186
22412187
22412200
22412201
22412202
22412203
22412204
22412205
22412206
22412207
22412208
22412209
22412210
22412211
22412212
22412213
22412214
22412215
22412216
22412224
22413757
22413771
22413780
22413808
22413809
22413811
22413819
22413834
22413835
22413842
22413850
22413854
22413855
22413881
22413891
22413899
22413905
22413906
22413927
22413929
22413939
22413943
22413947
22413949
22413952
22413956
22413959
22413966
22413968
22413999
22414003
22414023
22414025
22414045
22414054
22414065
22414067
22414093
22414140
22414141
22414147
22414156
22414162
22414167
22414168
22414224
22414228
22414232
22414265
22414268
22414277
22414279
22414280
22414282
22414283
22414285
22414289
22414298
22414311
22414312
22414321
22414336
22414345
22414371
22414372
22414383
22414427
22414498
22414499
22414500
22414501
22414502
22414503
22414504
22414505
22414506
22414507
22414508
22414509
22414510
22414511
22414512
22414513
22414514
22414515
22414516
22414517
22414518
22414519
22414520
22414521
22414522
22414523
22414524
22414541
22414542
22414543
22414544
22414551
22414552
22414561
22414589
22414596
22414608
22414616
22414622
22414626
22414628
22414629
22414696
22414700
22414732
22414746
22414821
22414822
22414823
22414824
22414825
22414826
22414827
22414828
22414829
22414830
22414831
22414832
22414833
22414834
22414835
22414836
22414837
22414838
22414839
22414840
22414841
22414842
22414843
22414844
22414845
22414846
22414847
22414848
22414850
22414958
22414961
22414962
22414990
22414995
22414996
22414999
22415000
22415001
22415010
22415011
22415012
22415030
22415039
22415068
22415136
22415137
22415192
22415193
22415194
22415195
22415200
22415247
22415248
22415250
22415278
22415318
22415370
22415377
22415402
22415403
22415404
22415408
22415423
22415426
22415428
22415430
22415431
22415432
22415436
22415438
22415441
22415442
22415450
22415451
22415454
22415461
22415466
22415468
22415469
22415476
22415480
22415481
22415493
22415519
22415526
22415527
22415538
22415541
22415542
22415552
22415553
22415560
22415565
22415566
22415567
22415578
22415585
22415591
22415593
22415594
22415601
22415612
22415613
22415614
22415650
22415658
22415659
22415662
22415678
22415693
22415701
22415702
22415703
22415708
22415712
22415722
22415725
22415734
22415744
22415762
22415764
22415776
22415779
22415781
22415782
22415787
22415788
22415789
22415807
22415809
22415815
22415819
22415847
22415852
22415862
22415871
22415887
22415897
22415898
22415906
22415910
22415925
22415926
22415927
22415928
22415934
22415942
22415945
22415948
22415951
22415966
22415968
22415977
22415980
22415987
22416005
22416006
22416007
22416008
22416009
22416010
22416011
22416012
22416013
22416017
22416021
22416025
22416031
22416032
22416036
22416040
22416086
22416142
22416668
22416671
22416674
22416757
22416781
22416788
22416799
22416800
22416801
22416804
22416813
22416816
22416833
22416834
22416835
22416836
22416837
22416838
22416839
22416840
22416841
22416842
22416843
22416859
22416874
22416881
22416893
22416900
22416928
22416946
22416947
22416960
22416962
22416972
22417002
22417004
22417056
22417058
22417067
22417077
22417079
22417085
22417104
22417116
22417117
22417119
22417127
22417131
22417132
22417143
22417158
22417169
22417171
22417172
22417184
22417225
22417227
22417230
22417232
22417234
22417241
22417246
22417277
22417279
22417281
22417286
22417291
22417314
22417321
22417323
22417326
22417382
22417386
22417401
22417455
22417476
22417531
22417568
22417569
22417626
22417634
22417650
22417655
22417659
22417663
22417664
22417665
22417666
22417667
22417668
22417669
22417680
22417681
22417689
22417690
22417694
22417696
22417697
22417698
22417699
22417700
22417703
22417712
22417754
22417788
22417790
22417791
22417792
22417793
22417794
22417796
22417805
22417806
22417807
22417824
22417844
22417847
22417854
22417859
22417860
22417880
22417884
22417894
22417899
22417900
22417904
22417907
22417909
22417910
22417911
22417919
22417945
22417946
22417969
22417978
22418012
22418014
22418037
22418038
22418040
22418044
22418049
22418066
22418067
22418076
22418086
22418091
22418239
22418240
22418241
22418246
22418251
22418391
22418451
22418452
22418453
22418595
22418596
22418597
22418598
22418614
22418615
22418616
22418617
22418649
22418690
22418694
22418698
22418703
22418724
22418725
22418726
22418728
22418731
22418732
22418761
22418763
22418787
22418809
22418828
22418829
22418830
22418831
22418864
22418865
22418879
22418880
22418893
22418896
22418998
22419051
22419052
22419058
22419075
22419103
22419104
22419108
22419118
22419130
22419148
22419151
22419163
22419166
22419167
22419168
22419169
22419170
22419171
22419172
22419177
22419197
22419219
22419228
22419245
22419257
22419268
22419270
22419351
22419353
22419363
22419366
22419370
22419371
22419372
22419375
22419376
22419377
22419378
22419385
22419387
22419480
22419481
22419509
22419514
22419515
22419528
22419534
22419556
22419562
22419564
22419570
22419573
22419575
22419584
22419607
22419612
22419616
22419618
22419646
22419648
22419653
22419658
22419739
22419741
22419743
22419744
22419745
22419746
22419758
22419759
22419773
22419777
22419780
22419781
22419782
22419783
22419784
22419785
22419816
22419817
22419818
22419819
22419820
22419821
22419822
22419995
22419996
22419997
22420005
22420286
22420300
22420303
22420306
22420307
22420308
22420309
22420318
22420321
22420370
22420372
22420406
22420422
22420489
22420492
22420508
22420522
22420535
22420562
22420564
22420587
22420601
22420602
22420603
22420604
22420629
22420733
22420783
22420838
22420841
22420862
22420866
22420867
22420900
22420902
22420931
22420948
22420962
22420963
22420965
22420971
22420972
22420973
22420986
22421003
22421004
22421030
22421051
22421052
22421054
22421056
22421058
22421080
22421081
22421083
22421107
22421141
22421142
22421143
22421144
22421145
22421146
22421147
22421148
22421149
22421150
22421151
22421152
22421153
22421154
22421155
22421156
22421157
22421158
22421159
22421160
22421161
22421162
22421188
22421194
22421206
22421207
22421208
22421209
22421210
22421211
22421214
22421243
22421246
22421251
22421252
22421255
22421291
22421294
22421316
22421323
22421325
22421326
22421333
22421334
22421368
22421388
22421389
22421392
22421394
22421395
22421396
22421397
22421398
22421399
22421402
22421412
22421413
22421419
22421430
22421431
22421444
22421448
22421449
22421498
22421504
22421506
22421520
22421544
22421545
22421546
22421551
22421562
22421563
22421564
22421565
22421566
22421586
22421587
22421593
22421596
22421599
22421632
22421705
