22421709
22421733
22421749
22421750
22421794
22421808
22421811
22421815
22421893
22421895
22421897
22421916
22421920
22421921
22421924
22421926
22421932
22421936
22421967
22421978
22421982
22421983
22421984
22421985
22421989
22422012
22422014
22422015
22422017
22422021
22422029
22422036
22422042
22422103
22422104
22422142
22422144
22422145
22422151
22422165
22422166
22422168
22422178
22422183
22422184
22422189
22422190
22422191
22422193
22422197
22422219
22422293
22422294
22422301
22422313
22422314
22422315
22422316
22422317
22422320
22422321
22422322
22422325
22422342
22422352
22422366
22422375
22422428
22422429
22422438
22422469
22422482
22422486
22422488
22422489
22422492
22422498
22422502
22422503
22422504
22422516
22422517
22422519
22422534
22422545
22422552
22422554
22422555
22422560
22422568
22422570
22422595
22422598
22422613
22422614
22422633
22422643
22422644
22422650
22422653
22422659
22422670
22422699
22422707
22422708
22422711
22422720
22422735
22422739
22422763
22422774
22422778
22422802
22422808
22422827
22422828
22422866
22422867
22422869
22422930
22422931
22422944
22423043
22423044
22423051
22423119
22423121
22423123
22423125
22423132
22423140
22423614
22423623
22423624
22423628
22423635
22423637
22423650
22423894
22423976
22424059
22424090
22424103
22424105
22424116
22424134
22424179
22424241
22424265
22424290
22424464
22424465
22424468
22424470
22424476
22424480
22424496
22424547
22424553
22424601
22424637
22424647
22424650
22424655
22424656
22424666
22424672
22424673
22424690
22424706
22424709
22424714
22424715
22424720
22424726
22424728
22424729
22424742
22424743
22424744
22424745
22424746
22424747
22424757
22424758
22424760
22424762
22424768
22424779
22424780
22424781
22424799
22424800
22424809
22424812
22424813
22424835
22424836
22424837
22424838
22424839
22424840
22424841
22424845
22424853
22424854
22424871
22424886
22424887
22424912
22424913
22424914
22424915
22424916
22424923
22424953
22424958
22424961
22424968
22424969
22424971
22424972
22424989
22425003
22425004
22425038
22425065
22425131
22425142
22425149
22425154
22425162
22425190
22425191
22425194
22425206
22425207
22425218
22425220
22425226
22425231
22425232
22425233
22425234
22425235
22425236
22425242
22425243
22425258
22425263
22425265
22425284
22425286
22425294
22425295
22425296
22425297
22425298
22425299
22425300
22425301
22425302
22425303
22425304
22425305
22425306
22425307
22425315
22425317
22425321
22425353
22425356
22425359
22425366
22425369
22425371
22425410
22425412
22425413
22425414
22425415
22425416
22425417
22425418
22425419
22425420
22425421
22425427
22425431
22425432
22425433
22425456
22425463
22425478
22425483
22425510
22425513
22425523
22425526
22425528
22425533
22425547
22425581
22425582
22425587
22425633
22425636
22425637
22425638
22425653
22425654
22425655
22425670
22425710
22425712
22425736
22425737
22425738
22425739
22425740
22425756
22425757
22425779
22425780
22425872
22425892
22425893
22425894
22425895
22425896
22425966
22425993
22426034
22426035
22426062
22426088
22426092
22426132
22426133
22426134
22426135
22426145
22426180
22426215
22426256
22426257
22426343
22426344
22426345
22426346
22426348
22426391
22426411
22426414
22426430
22426445
22426446
22426447
22426448
22426449
22426451
22426452
22426453
22426454
22426462
22426463
22426472
22426508
22426509
22426510
22426511
22426519
22426568
22426591
22426594
22426599
22426601
22426639
22426704
22426705
22426748
22426773
22426775
22426776
22426777
22426797
22426798
22426817
22426818
22426821
22426823
22426829
22426834
22426836
22426838
22426855
22426857
22426859
22426864
22426865
22426872
22426875
22426885
22426890
22426895
22426928
22426931
22426932
22426933
22426934
22426935
22426941
22426945
22426954
22426958
22426992
22426995
22427007
22427008
22427009
22427010
22427011
22427013
22427014
22427019
22427020
22427021
22427023
22427024
22427028
22427033
22427106
22427111
22427112
22427129
22427144
22427145
22427147
22427149
22427150
22427153
22427154
22427181
22427182
22427207
22427232
22427240
22427241
22427263
22427280
22427316
22427317
22427319
22427366
22427390
22427391
22427393
22427397
22427400
22427408
22427434
22427437
22427438
22427471
22427472
22427473
22427474
22427475
22427476
22427477
22427478
22427479
22427480
22427486
22427487
22427535
22427536
22427539
22427579
22427590
22427597
22427601
22427686
22427687
22427688
22427689
22427690
22427691
22427693
22427694
22427699
22427704
22427705
22427709
22428545
22428586
22428603
22428607
22428608
22428615
22428622
22428658
22428663
22428664
22428685
22428686
22428702
22428703
22428706
22428719
22428721
22428725
22428727
22428745
22428774
22428777
22428802
22428803
22428807
22428809
22428846
22428874
22428881
22428899
22428919
22428931
22428941
22428953
22428954
22428965
22428975
22428976
22428977
22428978
22428979
22428980
22428981
22428982
22428988
22428989
22428993
22428995
22429000
22429019
22429022
22429050
22429072
22429083
22429084
22429104
22429108
22429122
22429139
22429153
22429154
22429192
22429203
22429248
22429250
22429274
22429292
22429295
22429306
22429307
22429314
22429320
22429335
22429385
22429386
22429388
22429444
22429452
22429453
22429485
22429490
22429518
22429522
22429538
22429539
22429554
22429555
22429556
22429557
22429558
22429561
22429565
22429566
22429568
22429599
22429611
22429648
22429662
22429663
22429681
22429683
22429684
22429686
22429688
22429691
22429699
22429703
22429707
22429710
22429711
22429720
22429725
22429747
22429748
22429750
22429759
22429766
22429789
22429791
22429807
22429849
22429860
22429866
22429867
22429869
22429872
22429890
22429893
22429897
22429908
22429926
22430009
22430020
22430027
22430028
22430047
22430049
22430123
22430124
22430148
22430168
22430178
22430197
22430201
22430217
22430230
22430231
22430252
22430259
22430262
22430281
22430283
22430308
22430314
22430350
22430352
22430353
22430372
22430373
22430391
22430392
22430394
22430461
22430479
22430482
22430483
22430503
22430504
22430505
22430506
22430507
22430508
22430511
22430522
22430524
22430525
22430536
22430559
22430562
22430569
22430571
22430587
22430590
22430591
22430615
22430628
22430630
22430631
22430632
22430633
22430634
22430635
22430636
22430637
22430638
22430639
22430645
22430646
22430677
22430679
22430680
22430681
22430714
22430761
22430762
22430763
22430773
22430811
22430812
22430813
22430847
22430865
22430940
22430944
22430945
22431015
22431128
22431132
22431140
22431165
22431203
22431224
22431225
22431226
22431230
22431231
22431240
22431243
22431252
22431253
22431270
22431278
22431280
22431297
22431326
22431329
22431339
22431342
22431345
22431367
22431376
22431381
22431382
22431384
22431396
22431441
22431445
22431496
22431503
22431554
22431555
22431557
22431558
22431559
22431704
22431705
22431798
22431799
22431802
22431804
22431834
22431835
22431836
22431837
22431838
22431858
22431900
22432415
22432417
22432418
22432419
22432420
22432421
22432422
22432423
22432426
22432438
22432439
22432445
22432450
22432451
22432452
22432453
22432454
22432455
22432472
22432502
22432504
22432519
22432539
22432567
22432588
22432598
22432638
22432643
22432683
22432693
22432716
22432720
22432721
22432738
22432744
22432747
22432788
22432834
22432836
22432848
22432850
22432853
22432872
22432889
22432900
22432902
22432903
22432904
22432905
22432908
22432915
22432916
22432917
22432920
22432928
22432933
22432938
22432946
22432950
22432951
22432952
22432953
22432954
22432955
22432956
22432957
22432958
22432966
22432974
22432976
22432978
22433001
22433003
22433005
22433007
22433008
22433009
22433012
22433016
22433018
22433025
22433038
22433046
22433047
22433048
22433049
22433050
22433051
22433052
22433053
22433057
22433061
22433064
22433079
22433081
22433126
22433173
22433175
22433183
22433201
22433223
22433248
22433281
22433424
22433426
22433496
22433497
22433499
22433500
22433501
22433502
22433503
22433504
22433505
22433506
22433507
22433537
22433538
22433539
22433540
22433541
22433542
22433543
22433544
22433545
22433546
22433548
22433549
22433550
22433551
22433552
22433553
22433554
22433555
22433556
22433557
22433558
22433559
22433560
22433561
22433659
22433668
22433714
22433715
22433779
22433781
22433782
22433783
22433784
22433797
22433834
22433914
22433915
22433916
22433917
22433918
22433919
22433970
22433978
22434047
22434056
22434057
22434058
22434099
22434100
22434132
22434134
22434138
22434140
22434141
22434142
22434146
22434157
22434182
22434186
22434203
22434206
22434210
22434235
22434245
22434247
22434264
22434275
22434279
22434284
22434310
22434311
22434322
22434324
22434325
22434334
22434335
22434337
22434340
22434345
22434355
22434356
22434357
22434360
22434376
22434378
22434380
22434381
22434382
22434384
22434391
22434400
22434404
22434405
22434406
22434407
22434413
22434422
22434423
22434425
22434426
22434428
22434450
22434451
22434454
22434479
22434483
22434487
22434489
22434492
22434494
22434496
22434500
22434503
22434510
22434513
22434514
22434515
22434516
22434519
22434520
22434522
22434525
22434526
22434527
22434529
22434533
22434543
22434546
22434549
22434550
22434551
22434552
22434553
22434554
22434568
22434571
22434572
22434579
22434581
22434584
22434585
22434588
22434590
22434598
22434606
22434656
22434661
22434685
22434687
22434689
22434694
22434700
22434703
22434706
22434707
22434716
22434724
22434779
22434793
22434822
22434823
22434864
22434913
22435345
22435361
22435363
22435389
22435403
22435405
22435406
22435420
22435421
22435448
22435449
22435450
22435454
22435455
22435457
22435469
22435484
22435486
22435501
22435512
22435540
22435542
22435636
22435648
22435653
22435655
22435658
22435664
22435667
22435668
22435671
22435673
22435680
22435683
22435704
22435710
22435713
22435714
22435723
22435727
22435732
22435738
22435749
22435750
22435752
22435759
22435774
22435776
22435792
22435793
22435801
22435840
22435876
22435878
22435893
22435896
22435898
22435918
22435922
22435925
22435927
22435929
22435955
22435968
22435970
22435990
22435991
22435992
22436000
22436006
22436011
22436012
22436014
22436024
22436072
22436081
22436092
22436108
22436126
22436138
22436143
22436170
22436198
22436324
22436327
22436328
22436331
22436344
22436385
22436392
22436412
22436421
22436422
22436424
22436426
22436428
22436447
22436448
22436449
22436450
22436451
22436452
22436492
22436515
22436536
22436543
22436557
22436599
22436623
22436624
22436625
22436627
22436628
22436629
22436641
22436661
22436684
22436789
22436792
22436794
22436795
22436842
22436848
22436890
22436968
22436975
22437073
22437074
22437075
22437107
22437188
22437189
22437190
22437191
22437193
22437194
22437204
22437239
22437252
22437262
22437265
22437266
22437283
22437327
22437333
22437334
22437335
22437375
22437376
22437421
22437423
22437443
22437444
22437467
22437469
22437470
22437473
22437474
22437476
22437477
22437488
22437490
22437491
22437492
22437629
22437631
22437662
22437663
22437664
22437666
22437667
22437733
22437734
22437735
22437736
22437737
22437754
22437758
22437759
22437760
22437788
22437792
22437822
22437823
22437824
22437841
22437842
22437850
22437851
22437856
22437884
22437908
22437909
22437940
22437942
22437944
22437947
22437948
22437949
22437950
22437951
22437952
22437953
22437954
22437955
22437957
22437960
22438012
22438013
22438018
22438026
22438027
22438028
22438039
22438040
22438047
22438049
22438050
22438054
22438060
22438063
22438074
22438076
22438078
22438085
22438089
22438106
22438111
22438113
22438123
22438138
22438140
22438170
22438172
22438175
22438178
22438188
22438190
22438191
22438193
22438210
22438211
22438212
22438213
22438214
22438216
22438239
22438240
22438259
22438260
22438271
22438278
22438286
22438302
22438303
22438304
22438316
22438320
22438420
22438428
22438469
22438489
22438490
22438491
22438583
22439592
22439608
22439610
22439639
22439676
22439716
22439740
22439755
22439758
22439809
22439816
22439872
22439916
22439941
22439943
22439979
22439982
22439983
22440007
22440012
22440014
22440039
22440041
22440043
22440044
22440059
22440087
22440092
22440139
22440154
22440155
22440226
22440227
22440236
22440237
22440238
22440239
22440322
22440336
22440338
22440360
22440390
22440399
22440512
22440517
22440520
22440553
22440555
22440582
22440585
22440612
22440616
22440617
22440656
22440657
22440658
22440659
22440660
22440661
22440694
22440719
22440720
22440723
22440744
22440745
22440778
22440786
22440794
22440795
22440823
22440825
22440826
22440833
22440862
22440907
22440908
22440909
22440910
22440911
22440912
22440913
22440914
22440915
22440916
22440917
22440918
22440919
22440920
22440921
22440922
22440923
22440924
22440925
22440950
22440974
22440975
22440980
22440983
22440984
22440985
22440986
22440991
22440994
22440996
22440997
22440998
22440999
22441001
22441003
22441004
22441006
22441013
22441107
22441114
22441137
22441147
22441164
22441169
22441173
22441209
22441210
22441214
22441247
22441251
22441252
22441253
22441254
22441255
22441292
22441293
22441294
22441295
22441301
22441302
22441303
22441308
22441322
22441344
22441362
22441377
22441433
22441508
22441531
22441551
22441555
22441562
22441567
22441572
22441580
22441586
22441590
22441592
22441593
22441594
22441595
22441596
22441597
22441598
22441599
22441600
22441601
22441602
22441603
22441604
22441605
22441606
22441607
22441608
22441609
22441610
22441611
22441640
22441645
22441648
22441649
22441650
22441656
22441657
22441658
22441659
22441661
22441664
22441665
22441666
22441667
22441675
22441681
22441703
22441719
22441722
22441725
22441736
22441739
22441748
22441759
22441776
22441802
22441803
22441815
22441820
22441821
22441892
22441972
22441975
22441976
22441980
22441993
22441994
22442001
22442002
22442009
22442025
22442026
22442054
22442094
22442095
22442115
22442163
22442166
22442180
22442196
22442259
22442281
22442282
22442283
22442284
22442285
22442346
22442391
22442392
22442407
22442408
22442409
22442410
22442411
22442412
22442413
22442414
22442415
22442417
22442418
22442419
22442420
22442421
22442422
22442423
22442424
22442425
22442426
22443091
22443099
22443106
22443111
22443137
22443147
22443167
22443168
22443194
22443218
22443257
22443269
22443271
22443289
22443290
22443292
22443296
22443298
22443308
22443310
22443311
22443315
22443320
22443321
22443333
22443335
22443342
22443345
22443349
22443364
22443370
22443373
22443377
22443397
22443407
22443413
22443444
22443447
22443451
22443452
22443466
22443470
22443474
22443506
22443589
22443678
22443682
22443892
22443894
22443896
22443984
22444071
22444074
22444156
22444157
22444202
22444238
22444250
22444424
22444425
22444433
22444487
22444516
22444519
22444547
22444548
22444549
22444550
22444551
22444552
22444553
22444555
22444556
22444557
22444558
22444559
22444560
22444561
22444562
22444565
22444581
22444623
22444624
22444912
22444976
22444999
22445000
22445003
22445004
22445005
22445006
22445007
22445030
22445053
22445058
22445066
22445067
22445079
22445091
22445099
22445105
22445106
22445107
22445111
22445112
22445138
22445181
22445182
22445189
22445190
22445191
22445194
22445195
22445210
22445212
22445215
22445217
22445223
22445227
22445228
22445233
22445241
22445246
22445256
22445265
22445269
22445270
22445271
22445273
22445283
22445290
22445293
22445297
22445298
22445299
22445302
22445364
22445396
22445397
22445398
22445416
22445429
22445431
22445432
22445435
22445436
22445437
22445438
22445440
22445454
22445456
22445466
22445467
22445531
22445561
22445568
22445603
22445607
22445644
22445654
22445692
22445711
22445712
22445722
22445742
22445743
22445744
22445748
22445768
22445779
22445783
22445789
22445816
22445839
22445846
22445855
22445898
22445899
22445900
22445907
22445912
22445930
22445937
22445939
22445942
22445962
22446018
22446019
22446028
22446063
22446064
22446071
22446076
22446087
22446097
22446108
22446154
22446303
22446304
22446305
22446306
22446307
22446308
22446309
22446310
22446311
22446312
22446313
22446314
22446334
22446376
22446377
22446378
22446388
22446393
22446394
22446395
22446396
22446397
22446473
22446476
22446500
22446501
22446502
22446568
22446630
22446734
22446841
22446897
22446898
22446927
22446930
22446938
22446947
22446972
22446973
22446996
22446997
22446998
22446999
22447018
22447045
22447073
22447104
22447136
22447137
22447138
22447140
22447142
22447143
22447144
22447145
22447146
22447150
22447188
22447189
22447190
22447195
22447196
22447198
22447199
22447201
22447219
22447220
22447221
22447230
22447241
22447246
22447248
22447273
22447284
22447285
22447286
22447312
22447323
22447324
22447325
22447326
22447327
22447333
22447337
22447350
22447356
22447363
22447387
22447392
22447394
22447395
22447406
22447407
22447440
22447444
22447454
22447495
22447498
22447512
22447519
22447571
22447579
22447580
22447637
22447649
22447660
22447673
22447729
22447730
22447737
22447740
22447746
22447779
22447781
22447782
22447783
22447785
22447786
22447789
22447790
22447846
22447858
22447861
22447862
22447865
22447866
22447868
22447890
22447894
22447895
22447949
22447950
22447959
22447961
22447966
22447968
22447969
22447970
22447971
22447972
22447974
22447975
22447994
22448045
22448344
22448597
22448644
22448649
22448652
22448653
22448674
22448675
22448708
22448709
22448714
22448718
22448729
22448737
22448752
22448758
22448773
22448777
22448783
22448846
22448847
22448872
22448878
22448888
22448892
22448903
22448904
22448912
22448913
22448917
22448918
22448919
22448920
22448921
22448922
22448923
22448926
22448959
22448967
22448969
22448974
22448978
22449001
22449009
22449020
22449034
22449053
22449068
22449079
22449106
22449107
22449108
22449109
22449110
22449111
22449112
22449122
22449132
22449133
22449134
22449135
22449151
22449152
22449153
22449154
22449155
22449156
22449157
22449158
22449159
22449160
22449161
22449162
22449163
22449164
22449165
22449179
22449196
22449202
22449207
22449239
22449241
22449246
22449254
22449275
22449315
22449417
22449477
22449478
22449479
22449485
22449541
22449551
22449607
22449616
22449631
22449718
22449721
22449737
22449739
22449740
22449741
22449742
22449753
22449832
22449833
22449852
22449853
22449854
22449856
22449857
22449942
22449943
22449984
22450012
22450037
22450039
22450040
22450044
22450152
22450154
22450155
22450157
22450167
22450227
22450239
22450252
22450255
22450298
22450367
22450368
22450369
22450380
22450427
22450429
22450431
22450451
22450452
22450453
22450454
22450455
22450456
22450457
22450458
22450459
22450460
22450461
22450462
22450464
22450465
22450466
22450469
22450510
22450511
22450512
22450524
22450527
22450534
22450535
22450536
22450537
22450538
22450539
22450548
22450569
22450603
22450607
22450656
22450675
22450725
22450726
22450727
22450728
22450729
22450733
22450740
22450753
22450754
22450764
22450765
22450776
22450843
22450844
22450845
22450856
22450883
22450888
22450901
22450903
22450904
22450931
22450955
22450957
22451011
22451016
22451043
22451044
22451079
22451080
22451081
22451092
22451093
22451094
22451153
22451159
22451160
22451162
22451163
22451166
22451173
22451174
22451217
22451228
22451229
22451231
22451235
22451246
22451247
22451249
22451250
22451253
22451257
22451260
22451261
22451265
22451269
22451270
22451271
22451275
22451299
22451327
22451336
22451337
22451338
22451348
22451349
22451350
22451375
22451376
22451377
22451417
22451435
22451437
22451438
22451469
22451470
22451471
22451472
22451474
22451484
22451488
22451489
22451490
22451491
22451500
22451501
22451513
22451525
22451526
22451593
22451600
22451602
22451603
22451604
22451616
22451618
22451646
22451647
22451669
22451683
22451689
22451699
22451700
22451721
22451722
22451723
22451724
22451725
22452247
22452268
22452273
22452276
22452281
22452286
22452288
22452289
22452311
22452313
22452315
22452317
22452318
22452320
22452322
22452335
22452336
22452340
22452343
22452344
22452346
22452361
22452363
22452370
22452378
22452382
22452383
22452384
22452399
22452411
22452415
22452416
22452420
22452423
22452443
22452446
22452449
22452451
22452452
22452453
22452454
22452455
22452456
22452457
22452458
22452459
22452519
22452520
22452530
22452532
22452540
22452542
22452545
22452546
22452551
22452553
22452556
22452559
22452560
22452564
22452579
22452582
22452583
22452589
22452595
22452615
22452616
22452632
22452635
22452647
22452651
22452658
22452664
22452669
22452704
22452709
22452710
22452711
22452723
22452737
22452744
22452751
22452752
22452783
22452785
22452789
22452790
22452802
22452808
22452830
22452837
22452844
22452845
22452849
22452872
22452873
22452955
22452956
22452959
22452973
22452998
22453025
22453033
22453052
22453119
22453121
22453198
22453199
22453200
22453205
22453206
22453207
22453208
22453209
22453210
22453212
22453214
22453231
22453236
22453242
22453243
22453292
22453303
22453304
22453309
22453361
22453492
22453495
22453496
22453498
22453499
22453500
22453546
22453547
22453551
22453599
22453641
22453647
22453648
22453652
22453656
22453657
22453662
22453675
22453680
22453681
22453683
22453684
22453718
22453747
22453754
22453766
22453767
22453770
22453771
22453772
22453773
22453774
22453777
22453778
22453843
22453844
22453860
22453861
22453863
22453895
22453994
22454037
22454038
22454085
22454087
22454093
22454141
22454145
22454146
22454211
22454215
22454218
22454221
22454222
22454232
22454233
22454238
22454239
22454245
22454246
22454247
22454251
22454256
22454258
22454260
22454261
22454262
22454263
22454275
22454296
22454328
22454371
22454372
22454375
22454376
22454379
22454386
22454397
22454507
22454508
22454509
22454510
22454511
22454512
22454513
22454514
22454515
22454516
22454517
22454518
22454519
22454520
22454521
22454522
22454523
22454524
22454525
22454526
22454527
22454528
22454534
22454535
22454540
22455365
22455367
22455378
22455381
22455386
22455445
22455448
22455458
22455462
22455469
22455472
22455501
22455564
22455577
22455607
22455609
22455657
22455658
22455723
22455724
22455725
22455791
22455832
22455833
22455842
22455843
22455844
22455845
22455846
22455847
22455848
22455849
22455850
22455851
22455852
22455853
22455854
22455855
22455856
22455857
22455858
22455880
22455881
22455882
22455883
22455884
22455885
22455886
22455887
22455888
22455889
22455890
22455891
22455892
22455893
22455894
22455895
22455896
22455897
22455898
22455899
22455900
22455901
22455933
22455979
22455985
22455989
22455991
22455994
22456091
22456093
22456099
22456125
22456136
22456137
22456142
22456143
22456144
22456145
22456146
22456148
22456149
22456153
22456156
22456157
22456186
22456199
22456227
22456305
22456331
22456346
22456347
22456436
22456453
22456455
22456456
22456488
22456513
22456525
22456607
22456625
22456626
22456628
22456633
22456678
22456727
22456744
22456757
22456765
22456787
22456788
22456789
22456796
22456800
22456802
22456803
22456806
22456825
22456834
22456835
22456836
22456852
22456862
22456876
22456877
22456878
22456879
22456880
22456886
22456889
22456907
22456937
22456956
22456983
22456984
22457021
22457049
22457050
22457078
22457079
22457081
22457147
22457148
22457150
22457161
22457165
22457167
22457168
22457191
22457201
22457212
22457223
22457226
22457250
22457251
22457253
22457255
22457258
22457265
22457266
22457314
22457317
22457320
22457342
22457399
22457451
22457457
22457458
22457460
22457462
22457463
22457464
22457465
22457466
22457467
22457468
22457469
22457470
22458251
22458260
22458269
22458296
22458323
22458331
22458333
22458335
22458346
22458347
22458350
22458353
22458411
22458412
22458419
22458477
22458510
22458540
22458545
22458564
22458590
22458627
22458629
22458650
22458671
22458701
22458704
22458711
22458715
22458726
22458730
22458731
22458732
22458737
22458755
22458756
22458758
22458762
22458764
22458771
22458805
22458811
22458818
22458819
22458833
22458834
22458835
22458841
22458858
22458884
22458941
22458948
22458951
22458967
22458976
22458990
22458996
22458997
22459011
22459056
22459073
22459074
22459096
22459102
22459104
22459107
22459108
22459109
22459110
22459111
22459112
22459123
22459125
22459126
22459129
22459159
22459162
22459164
22459165
22459180
22459181
22459199
22459200
22459201
22459202
22459233
22459235
22459236
22459255
22459256
22459270
22459275
22459276
22459280
22459287
22459288
22459289
22459292
22459318
22459321
22459336
22459337
22459359
22459360
22459361
22459362
22459428
22459507
22459508
22459541
22459542
22459551
22459553
22459557
22459570
22459571
22459574
22459608
22459618
22459619
22459620
22459621
22459622
22459638
22459639
22459640
22459641
22459687
22459689
22459739
22459757
22459758
22459772
22459775
22459776
22459777
22459783
22459784
22459875
22459892
22459907
22459909
22459922
22459923
22459936
22459981
22459986
22459987
22459990
22459996
22459997
22459998
22460000
22460001
22460002
22460003
22460004
22460005
22460006
22460049
22460060
22460066
22460069
22460073
22460076
22460078
22460080
22460081
22460082
22460125
22460152
22460153
22460154
22460162
22460224
22460236
22460237
22460238
22460264
22460265
22460266
22460293
22460294
22460295
22460334
22460344
22460347
22460354
22460386
22460389
22460437
22460438
22460439
22460521
22460522
22460523
22460588
22460592
22460615
22460617
22460661
22460671
22460674
22460690
22460692
22460693
22460695
22460729
22460730
22460735
22460739
22460744
22460757
22460758
22460770
22460773
22460775
22460807
22460808
22460809
22460811
22460820
22460833
22460858
22460911
22460921
22460922
22460923
22460924
22460945
22460962
22460965
22460966
22460969
22460971
22461001
22461006
22461007
22461008
22461019
22461020
22461063
22461066
22461067
22461068
22461069
22461087
22461104
22461110
22461129
22461132
22461149
22461152
22461179
22461180
22461191
22461193
22461194
22461195
22461196
22461197
22461198
22461199
22461200
22461201
22461224
22461233
22461279
22461308
22461321
22461377
22461383
22461393
22461401
22461409
22461412
22461425
22461426
22461427
22461428
22461429
22461430
22461431
22461442
22461443
22461445
22461446
22461447
22461454
22461455
22461484
22461523
22461571
22461572
22461651
22461656
22461665
22461666
22461667
22461668
22461684
22462390
22462392
22462403
22462412
22462465
22462474
22462480
22462490
22462495
22462513
22462514
22462533
22462536
22462547
22462566
22462580
22462582
22462615
22462616
22462624
22462641
22462654
22462659
22462684
22462686
22462723
22462738
22462740
22462741
22462744
22462745
22462746
22462747
22462748
22462749
22462750
22462751
22462752
22462755
22462771
22462795
22462796
22462797
22463052
22463054
22463075
22463079
22463102
22463109
22463111
22463112
22463113
22463114
22463115
22463116
22463117
22463118
22463120
22463367
22463381
22463386
22463485
22463496
22463593
22463596
22463602
22463616
22463688
22463693
22463696
22463697
22463699
22463715
22463716
22463720
22463721
22463723
22463740
22463747
22463769
22463811
22463812
22463813
22463814
22463869
22463870
22463871
22463876
22463921
22463945
22463990
22464006
22464012
22464013
22464014
22464020
22464022
22464024
22464026
22464031
22464045
22464136
22464139
22464171
22464175
22464176
22464185
22464187
22464190
22464191
22464192
22464193
22464194
22464195
22464205
22464228
22464230
22464272
22464281
22464283
22464310
22464311
22464314
22464350
22464394
22464396
22464406
22464407
22464410
22464434
22464543
22464552
22464558
22464561
22464565
22464566
22464602
22464603
22464604
22464606
22464607
22464634
22464635
22464637
22464638
22464653
22464654
22464679
22464689
22464694
22464695
22464698
22464699
22464700
22464701
22464702
22464703
22464704
22464705
22464706
22464707
22464727
22464743
22464744
22464764
22464765
22464777
22464778
22464779
22464780
22464781
22464782
22464783
22464784
22464785
22464786
22464789
22464791
22464792
22464795
22464799
22464812
22464816
22464817
22464847
22464854
22464874
22464891
22464893
22464897
22464910
22464927
22464931
22464935
22464936
22464940
22464945
22464946
22464951
22464954
22464962
22464973
22464974
22464977
22465001
22465003
22465019
22465021
22465028
22465039
22465041
22465046
22465050
22465088
22465095
22465096
22465099
22465114
22465133
22465140
22465150
22465155
22465162
22465163
22465171
22465179
22465203
22465211
22465228
22465241
22465242
22465258
22465259
22465278
22465279
22465280
22465282
22465284
22465285
22465287
22465288
22465290
22465291
22465294
22465295
22465297
22465308
22465333
22465355
22465387
22465403
22465405
22465417
22465457
22465458
22465476
22465477
22465487
22465516
22465539
22465542
22465543
22465563
22465584
22465599
22465639
22465655
22465656
22465657
22465673
22465682
22465687
22465690
22465703
22465705
22465706
22465707
22465712
22465716
22465796
22465816
22465817
22465818
22465824
22465875
22465876
22465883
22465884
22465885
22465886
22465887
22465888
22465889
22465890
22465891
22465892
22465893
22465894
22465895
22465896
22465897
22465898
22465904
22465906
22465907
22465944
22465946
22465967
22465988
22465994
22465998
22466018
22466021
22466044
22466045
22466046
22466047
22466048
22466049
22466050
22466051
22466052
22466053
22466054
22466057
22466060
22466067
22466068
22466069
22466070
22466074
22466120
22466121
22466122
22466123
22466124
22466125
22466126
22466127
22466128
22466129
22466130
22466137
22466139
22466148
22466163
22466164
22466167
22466170
22466171
22466172
22466223
22466248
22466302
22466303
22466413
22466460
22466462
22466463
22466475
22466477
22466478
22466479
22466484
22466485
22466486
22466487
22466488
22466489
22466490
22466503
22466516
22466517
22466529
22466530
22466577
22466605
22466609
22466615
22466619
22466632
22466664
22466691
22466696
22466699
22466712
22466744
22466745
22466749
22466800
22466801
22466810
22466814
22466860
22466861
22466862
22466864
22466865
22466866
22466874
22466900
22466929
22466952
22466953
22466970
22466972
22466988
22466990
22466997
22467000
22467009
22467037
22467038
22467041
22467042
22467043
22467057
22467064
22467088
22467090
22467145
22467147
22467148
22467149
22467150
22467178
22467179
22467180
22467198
22467202
22467219
22467221
22467227
22467229
22467230
22467234
22467241
22467243
22467246
22467257
22467258
22467264
22467270
22467281
22467283
22467289
22467291
22467292
22467293
22467298
22467316
22467337
22467347
22467353
22467354
22467355
22467376
22467407
22467417
22467424
22467427
22467437
22467439
22467443
22467445
22467448
22467473
22467474
22467477
22467478
22467479
22467480
22467481
22467482
22467483
22467484
22467485
22467486
22467487
22467488
22467491
22467514
22467516
22467524
22467528
22467534
22467535
22467574
22467575
22467576
22467587
22467593
22467594
22467602
22467623
22467625
22467626
22467627
22467663
22467664
22467670
22467740
22467758
22467759
22467760
22467761
22467837
22467865
22467881
22467906
22467907
22467908
22467909
22467910
22467911
22467912
22467913
22467914
22467929
22467944
22467948
22467949
22467951
22467954
22467955
22467956
22467957
22468294
22468295
22468296
22468297
22468298
22468299
22468300
22468301
22468302
22468303
22468304
22468305
22468306
22468307
22468308
22468309
22468310
22468311
22468312
22468313
22468314
22468315
22468316
22468317
22468318
22468319
22468320
22468321
22468582
22468624
22468627
22468629
22468630
22468633
22468648
22468686
22468710
22468719
22468789
22468801
22468802
22468803
22468804
22468840
22468848
22468849
22468850
22468855
22468880
22468881
22468897
22468900
22468905
22468933
22468938
22468947
22468948
22468959
22468961
22468979
22468992
22468995
22469005
22469030
22469054
22469095
22469097
22469183
22469188
22469200
22469236
22469296
22469298
22469299
22469392
22469421
22469422
22469427
22469464
22469473
22469484
22469486
22469487
22469488
22469489
22469490
22469491
22469492
22469493
22469496
22469537
22469554
22469638
22469658
22469773
22469780
22469781
22469782
22469858
22469908
22469920
22469940
22469942
22469944
22469945
22469949
22469955
22469971
22469991
22469992
22470147
22470148
22470149
22470150
22470151
22470159
22470160
22470165
22470768
22470769
22470770
22470771
22470772
22470780
22470781
22470782
22470783
22470784
22470790
22470791
22470792
22470793
22470794
22470921
22470925
22471241
22471243
22471290
22471299
22471300
22471301
22471303
22471307
22471308
22471338
22471339
22471340
22471347
22471348
22471349
22471352
22471388
22471392
22471393
22471406
22471423
22471424
22471438
22471506
22471516
22471558
22471591
22471594
22471599
22471600
22471614
22471616
22471617
22471623
22471627
22471652
22471654
22471691
22471693
22471699
22471701
22471711
22471712
22471713
22471725
22471734
22471740
22471741
22471743
22471746
22471747
22471748
22471751
22471757
22471793
22471811
22471814
22471842
22471845
22471860
22471861
22471862
22471863
22471864
22471865
22471866
22471867
22471868
22471869
22471870
22471893
22471900
22471905
22471913
22471916
22471926
22471931
22471932
22471937
22471945
22471953
22471955
22471974
22471987
22471989
22472012
22472016
22472029
22472032
22472034
22472065
22472084
22472092
22472118
22472165
22472184
22472191
22472193
22472197
22472199
22472211
22472212
22472213
22472214
22472215
22472216
22472219
22472289
22472314
22472315
22472316
22472317
22472318
22472321
22472344
22472455
22472456
22472457
22472478
22472520
22472526
22472550
22472552
22472553
22472554
22472555
22472556
22472557
22472571
22472572
22472602
22472624
22472625
22472627
22472628
22472632
22472696
22472698
22472699
22472707
22472725
22472741
22472776
22472800
22472803
22472804
22472805
22472807
22472808
22472809
22472810
22472851
22472853
22472872
22472873
22472906
22472907
22472908
22472909
22472914
22472917
22472948
22472949
22473005
22473024
22473041
22473058
22473060
22473063
22473065
22473088
22473130
22473174
22473248
22473250
22473302
22473304
22473317
22473332
22473339
22473399
22473400
22473401
22473402
22473403
22473404
22473405
22473406
22473407
22473408
22473409
22473410
22473411
22473412
22473413
22473414
22473415
22473471
22473490
22473515
22473520
22473568
22473572
22473581
22473585
22473594
22473596
22473597
22473614
22473615
22473622
22473629
22473635
22473652
22473658
22473659
22473661
22473663
22473676
22473681
22473683
22473687
22473701
22473704
22473714
22473716
22473739
22473751
22473754
22473756
22473757
22473758
22473759
22473764
22473774
22473776
22473777
22473779
22473781
22473783
22473785
22473787
22473793
22473810
22473825
22473832
22473833
22473838
22473839
22473845
22473857
22473859
22473870
22473872
22473873
22473899
22473904
22473906
22473908
22473913
22473923
22473936
22473960
22473984
22473985
22473986
22473989
22473990
22473991
22473992
22473993
22473994
22474001
22474055
22474084
22474100
22474121
22474122
22474177
22474178
22474179
22474338
22474980
22474981
22474982
22474983
22474984
22474985
22474986
22474987
22474988
22474989
22474990
22474991
22474992
22474993
22474994
22474995
22474996
22474997
22474998
22475054
22475059
22475063
22475064
22475065
22475066
22475069
22475072
22475084
22475130
22475134
22475136
22475137
22475138
22475139
22475140
22475141
22475142
22475143
22475144
22475145
22475146
22475148
22475179
22475206
22475215
22475221
22475243
22475245
22475246
22475264
22475307
22475309
22475310
22475315
22475317
22475323
22475343
22475347
22475349
22475352
22475354
22475355
22475378
22475383
22475385
22475410
22475415
22475416
22475417
22475421
22475432
22475433
22475439
22475445
22475515
22475521
22475573
22475574
22475646
22475649
22475653
22475663
22475681
22475718
22475726
22475727
22475729
22475742
22475761
22475773
22475777
22475779
22475786
22475787
22475792
22475801
22475802
22475805
22475812
22475870
22475871
22475872
22475873
22475931
22475953
22475982
22476004
22476009
22476012
22476014
22476016
22476017
22476038
22476039
22476040
22476046
22476047
22476051
22476084
22476107
22476153
22476154
22476155
22476161
22476195
22476200
22476205
22476206
22476218
22476226
22476227
22476228
22476229
22476230
22476231
22476232
22476325
22476326
22476353
22476362
22476376
22476377
22476378
22476379
22476380
22476381
22476385
22476393
22476394
22476407
22476408
22476409
22476426
22476427
22476428
22476443
22476454
22476455
22476456
22476457
22476458
22476459
22476460
22476461
22476462
22476463
22476464
22476465
22476466
22476467
22476468
22476469
22476503
22476504
22476506
22476507
22476516
22476517
22476520
22476529
22476530
22476532
22476533
22476534
22476552
22476553
22476556
22476567
22476569
22476578
22476580
22476598
22476599
22476600
22476601
22476602
22476603
22476609
22476610
22476619
22476620
22476621
22476641
22476642
22476660
22476661
22476664
22476688
22476689
22476694
22476703
22476704
22476710
22476711
22476721
22476723
22476724
22476728
22476730
22476732
22476733
22476734
22476735
22476736
22476748
22476749
22476750
22476752
22476759
22476763
22476764
22476766
22476767
22476788
22476789
22476790
22476791
22476792
22476796
22476807
22476815
22476816
22476817
22476825
22476826
22476828
22476829
22476830
22476831
22476832
22476834
22476835
22476836
22476837
22476838
22476839
22476841
22476843
22476846
22476847
22476848
22476850
22476851
22476852
22476853
22476854
22476855
22476856
22476857
22476873
22476874
22476875
22476877
22476878
22476881
22476885
22476887
22476892
22476893
22476899
22476905
22476906
22476911
22476912
22476920
22476928
22476929
22476930
22476936
22476942
22476944
22476950
22476951
22476971
22476977
22476978
22476980
22477019
22477029
22477060
22477061
22477062
22477063
22477068
22477069
22477070
22477071
22477072
22477073
22477074
22477149
22477205
22477262
22477263
22477278
22477335
22477336
22477337
22477338
22477521
22477557
22477613
22477622
22477646
22477668
22477669
22477670
22477671
22477709
22477710
22477712
22477723
22477766
22479403
22479404
22479405
22479406
22479407
22479408
22479409
22479410
22479411
22479412
22479413
22479414
22479415
22479416
22479417
22479418
22479419
22479420
22479421
22479422
22479423
22479424
22479425
22479426
22479427
22479428
22479429
22479430
22479431
22479432
22479433
22479434
22479435
22479436
22479437
22479438
22479439
22479440
22479441
22479442
22479443
22479444
22479445
22479446
22479447
22479448
22479449
22479450
22479451
22479452
22479453
22479454
22479455
22479456
22479457
22479458
22479459
22479460
22479461
22479462
22479463
22479464
22479465
22479466
22479467
22479468
22479469
22479470
22479471
22479472
22479473
22479474
22479475
22479476
22479477
22479478
22479479
22479480
22479481
22479482
22479483
22479484
22479485
22479486
22479487
22479488
22479489
22479490
22479491
22479492
22479493
22479494
22479495
22479496
22479497
22479498
22479499
22479500
22479501
22479502
22480135
22480138
22480139
22480145
22480148
22480151
22480163
22480165
22480177
22480189
22480195
22480199
22480208
22480216
22480222
22480223
22480235
22480236
22480258
22480259
22480277
22480281
22480282
22480305
22480317
22480341
22480353
22480361
22480375
22480376
22480377
22480403
22480408
22480418
22480419
22480420
22480421
22480422
22480423
22480424
22480425
22480426
22480427
22480428
22480456
22480510
22480514
22480515
22480517
22480520
22480521
22480522
22480524
22480526
22480527
22480543
22480547
22480549
22480583
22480584
22480585
22480586
22480587
22480588
22480589
22480590
22480591
22480592
22480593
22480598
22480601
22480602
22480616
22480617
22480619
22480621
22480623
22480634
22480662
22480667
22480696
22480700
22480725
22480730
22480751
22480770
22480771
22480784
22480788
22480798
22480799
22480800
22480831
22480832
22480833
22480834
22480835
22480836
22480839
22480845
22480854
22480861
22480870
22480871
22480876
22480877
22480882
22480883
22480904
22480905
22480908
22480914
22480916
22480930
22480933
22480949
22480974
22480983
22480997
22480998
22481001
22481066
22481108
22481117
22481119
22481120
22481121
22481128
22481130
22481132
22481134
22481140
22481141
22481143
22481206
22481242
22481268
22481269
22481270
22481271
22481272
22481274
22481276
22481281
22481283
22481285
22481286
22481287
22481288
22481289
22481290
22481291
22481293
22481304
22481305
22481306
22481376
22481377
22481425
22481475
22481476
22481477
22481478
22481480
22481481
22481482
22481492
22481493
22481494
22481503
22481527
22481528
22481529
22481530
22481548
22481607
22481613
22481614
22481617
22481629
22481630
22481694
22481695
22481751
22481752
22481753
22481754
22481755
22481756
22481757
22481758
22481759
22481760
22481832
22481833
22482463
22482515
22482700
22482703
22482738
22482739
22482740
22482743
22482746
22482751
22482753
22482755
22482758
22482760
22482765
22482770
22482772
22482778
22482829
22482830
22482831
22482832
22482839
22482870
22482910
22482914
22482918
22482920
22482922
22482925
22482927
22482929
22482935
22482958
22483014
22483016
22483017
22483035
22483040
22483092
22483121
22483165
22483167
22483176
22483190
22483191
22483195
22483198
22483234
22483276
22483277
22483306
22483307
22483308
22483309
22483310
22483311
22483312
22483313
22483314
22483315
22483316
22483319
22483342
22483354
22483371
22483375
22483402
22483410
22483411
22483412
22483413
22483414
22483432
22483435
22483446
22483447
22483528
22483531
22483532
22483537
22483538
22483539
22483546
22483552
22483553
22483554
22483555
22483557
22483564
22483577
22483589
22483594
22483603
22483605
22483613
22483640
22483650
22483661
22483662
22483677
22483687
22483688
22483689
22483691
22483692
22483696
22483698
22483699
22483700
22483734
22483738
22483740
22483775
22483786
22483792
22483806
22483809
22483811
22483851
22483859
22483938
22483939
22483946
22483947
22483952
22483954
22483955
22483958
22483976
22484002
22484004
22484033
22484034
22484040
22484057
22484076
22484085
22484088
22484089
22484096
22484097
22484101
22484105
22484107
22484114
22484123
22484128
22484138
22484142
22484162
22484164
22484178
22484202
22484227
22484228
22484242
22484250
22484285
22484287
22484288
22484290
22484291
22484295
22484296
22484297
22484354
22484356
22484366
22484367
22484369
22484376
22484377
22484378
22484379
22484380
22484382
22484386
22484388
22484397
22484417
22484420
22484421
22484422
22484429
22484440
22484451
22484460
22484461
22484464
22484468
22484471
22484472
22484475
22484476
22484478
22484479
22484489
22484491
22484493
22484513
22484515
22484521
22484546
22484547
22484566
22484567
22484568
22484569
22484570
22484611
22484617
22484621
22484629
22484649
22484650
22484652
22484664
22484716
22484721
22484731
22484795
22484796
22484799
22484800
22484819
22484829
22484830
22484859
22484908
22484914
22484921
22484922
22484923
22484924
22484925
22484926
22484927
22484928
22484929
22484930
22484931
22484932
22484933
22484934
22484935
22484936
22484937
22484938
22484939
22484940
22484941
22484942
22484943
22484944
22484945
22484946
22484947
22484948
22484949
22484950
22484951
22484952
22484953
22484954
22484955
22484956
22484957
22484958
22484959
22484960
22484961
22484962
22484975
22484977
22484982
22484983
22484985
22484989
22484994
22484995
22485010
22485019
22485020
22485045
22486164
22486172
22486173
22486194
22486199
22486208
22486212
22486215
22486222
22486223
22486224
22486229
22486237
22486250
22486251
22486252
22486259
22486274
22486275
22486308
22486314
22486365
22486381
22486387
22486393
22486396
22486409
22486412
22486425
22486435
22486441
22486460
22486519
22486526
22486528
22486533
22486536
22486544
22486555
22486563
22486564
22486574
22486581
22486588
22486590
22486591
22486607
22486624
22486629
22486653
22486677
22486717
22486756
22486757
22486775
22486776
22486778
22486780
22486790
22486802
22486807
22486816
22486838
22486847
22486848
22486849
22486852
22486861
22486886
22486893
22486901
22486924
22486928
22486929
22486932
22486939
22486942
22486952
22486961
22486966
22486967
22486986
22486987
22486988
22486991
22486993
22486995
22486997
22487001
22487007
22487013
22487016
22487020
22487023
22487024
22487025
22487026
22487028
22487054
22487055
22487056
22487061
22487077
22487084
22487087
22487090
22487122
22487123
22487141
22487161
22487166
22487168
22487183
22487184
22487190
22487204
22487211
22487216
22487221
22487238
22487245
22487255
22487260
22487261
22487266
22487267
22487272
22487303
22487306
22487317
22487319
22487336
22487362
22487379
22487384
22487385
22487389
22487390
22487393
22487397
22487401
22487417
22487418
22487420
22487421
22487427
22487433
22487434
22487435
22487442
22487446
22487458
22487462
22487465
22487487
22487497
22487499
22487500
22487501
22487502
22487503
22487504
22487505
22487506
22487511
22487512
22487514
22487515
22487516
22487517
22487518
22487519
22487520
22487521
22487522
22487523
22487524
22487525
22487526
22487527
22487528
22487542
22487546
22487553
22487576
22487577
22487578
22487579
22487580
22487581
22487591
22487600
22487602
22487607
22487613
22487655
22487689
22487693
22487694
22487710
22487711
22487712
22487714
22487786
22487787
22487788
22487789
22487790
22487791
22487806
22487810
22487852
22487868
22487877
22487878
22487879
22487885
22487886
22487892
22487909
22487925
22487938
22487949
22487958
22487959
22487967
22488009
22488010
22488024
22488025
22488046
22488082
22488095
22488097
22488114
22488115
22488116
22488121
22488122
22488133
22488134
22488135
22488136
22488137
22488138
22488139
22488140
22488141
22488142
22488143
22488144
22488145
22488146
22488157
22488169
22488178
22488182
22488183
22488184
22488185
22488186
22488187
