22488188
22488189
22488190
22488191
22488192
22488193
22488194
22488195
22488196
22488200
22488201
22488202
22488204
22488205
22488216
22488218
22488219
22488225
22488226
22488227
22488228
22488229
22488230
22488231
22488232
22488233
22488234
22488235
22488236
22488243
22488244
22488248
22488251
22488253
22488261
22488271
22488273
22488274
22488276
22488277
22488278
22488279
22488280
22488281
22488282
22488283
22488284
22488285
22488286
22488287
22488288
22488290
22488291
22488292
22488300
22488301
22488302
22488327
22488328
22488329
22488336
22488355
22488367
22488368
22488408
22488409
22488418
22488447
22488449
22488450
22488467
22488500
22488501
22488511
22488513
22488518
22488519
22488520
22488522
22488524
22488531
22488549
22488554
22488564
22488569
22488579
22488580
22488592
22488593
22488594
22488612
22488637
22488638
22488640
22488651
22488653
22488655
22488662
22488669
22488671
22488674
22488677
22488680
22488681
22488687
22488715
22488718
22488731
22488740
22488741
22488742
22488743
22488744
22488745
22488751
22488753
22488760
22488762
22488763
22488770
22488775
22488778
22488782
22488784
22488793
22488804
22488806
22488814
22488817
22488823
22488824
22488825
22488831
22488834
22488837
22488839
22488841
22488842
22488852
22488857
22488867
22488875
22488878
22488879
22488881
22488885
22488901
22488906
22488907
22488942
22488944
22488955
22488960
22488968
22488972
22488987
22488990
22489014
22489030
22489047
22489057
22489060
22489062
22489067
22489072
22489079
22489080
22489081
22489082
22489091
22489094
22489096
22489097
22489291
22489292
22489293
22489296
22489298
22489299
22489300
22489301
22489302
22489303
22489306
22489315
22489316
22489317
22489324
22489330
22489331
22489332
22489543
22489547
22489565
22489572
22489599
22489602
22489624
22489626
22489631
22489634
22489648
22489650
22489654
22489657
22489663
22489664
22489677
22489681
22489704
22489707
22489711
22489726
22489755
22489773
22489776
22489777
22489778
22489779
22489780
22489781
22489782
22489783
22489784
22489785
22489786
22489789
22489804
22489809
22489868
22489869
22489879
22489883
22489893
22489895
22489910
22489911
22489912
22489915
22489918
22489927
22489933
22489955
22489956
22489957
22489958
22489969
22489970
22489971
22489972
22489973
22489974
22489975
22489978
22489981
22489982
22489984
22489987
22490006
22490014
22490045
22490056
22490080
22490081
22490084
22490106
22490127
22490148
22490149
22490150
22490151
22490152
22490153
22490154
22490155
22490156
22490157
22490158
22490159
22490160
22490161
22490162
22490163
22490164
22490165
22490204
22490229
22490230
22490237
22490317
22490362
22490376
22490378
22490379
22490380
22490446
22490447
22490448
22490530
22490531
22490532
22490533
22490534
22490535
22490536
22490537
22490538
22490539
22490540
22490541
22490542
22490543
22490544
22490552
22490553
22490554
22490555
22490556
22490558
22490559
22490560
22490561
22490645
22490646
22490647
22490648
22490649
22490650
22490651
22490652
22490653
22490654
22490655
22490656
22490657
22490658
22490659
22490660
22490667
22490670
22490685
22490686
22490687
22490688
22490689
22490690
22490691
22490692
22490693
22490694
22490695
22490696
22490697
22490698
22490699
22490702
22490725
22490727
22490732
22490733
22490734
22490735
22490736
22490737
22490738
22490739
22490740
22490741
22490742
22490743
22490744
22490745
22490746
22490747
22490748
22490762
22490779
22490787
22490788
22490789
22490790
22490791
22490792
22490793
22490794
22490795
22490796
22490797
22490798
22490799
22490800
22490801
22490802
22490803
22490806
22490827
22490828
22490829
22490830
22490831
22490832
22490833
22490834
22490835
22490836
22490837
22490838
22490839
22490840
22490841
22490842
22490843
22490846
22490847
22490848
22490849
22490850
22490851
22490852
22490853
22490854
22490855
22490856
22490857
22490858
22490859
22490860
22490861
22490862
22490872
22490891
22490892
22490893
22490894
22490895
22490896
22490897
22490898
22490899
22490900
22490901
22490902
22490903
22490904
22490905
22490906
22490907
22490908
22490909
22490910
22490911
22490912
22490913
22490914
22490915
22490916
22490917
22490918
22490919
22490920
22490921
22490941
22490942
22490943
22490944
22490945
22490946
22490947
22490948
22490949
22490950
22490951
22490952
22490953
22490954
22490955
22490959
22490960
22490961
22490962
22490963
22490964
22490965
22490966
22490967
22490968
22490969
22490970
22490971
22490972
22490973
22490974
22490975
22490981
22491000
22491022
22491058
22491087
22491131
22491133
22491134
22491135
22491136
22491137
22491138
22491177
22491213
22491214
22491215
22491217
22491218
22491219
22491220
22491221
22491222
22491223
22491224
22491335
22491337
22491338
22491339
22491340
22491401
22491402
22491404
22491405
22491408
22491409
22491417
22491476
22491477
22491478
22491501
22491503
22491504
22491506
22491531
22491655
22491659
22491665
22491713
22491716
22491732
22491739
22491740
22491760
22491761
22491762
22491763
22491764
22491780
22491788
22491802
22491806
22491807
22491808
22491817
22491820
22491896
22491897
22491899
22491901
22491902
22491960
22491966
22491972
22491973
22491974
22491975
22491976
22491977
22491979
22491980
22491981
22491983
22491984
22492014
22492022
22492062
22492063
22492064
22492132
22492167
22492168
22492169
22492170
22492173
22492194
22492202
22492203
22492204
22492207
22492211
22492217
22492220
22492221
22492222
22492223
22492234
22492236
22492237
22492244
22492246
22492249
22492262
22492267
22492284
22492297
22492309
22492311
22492316
22492317
22492318
22492319
22492321
22492330
22492347
22492348
22492363
22492392
22492394
22492464
22492468
22492469
22492470
22492471
22492479
22492485
22492501
22492505
22492508
22492532
22492541
22492542
22492544
22492547
22492553
22492554
22492557
22492565
22492567
22492568
22492577
22492581
22492587
22492604
22492612
22492614
22492615
22492627
22492636
22492637
22492639
22492643
22492645
22492648
22492649
22492655
22492660
22492662
22492665
22492673
22492675
22492677
22492682
22492687
22492689
22492703
22492704
22492705
22492713
22492714
22492715
22492720
22492783
22492814
22492815
22492818
22492823
22492824
22492825
22492827
22492828
22492829
22492830
22492831
22492880
22492881
22492882
22492883
22492884
22492885
22492886
22492887
22492888
22492889
22492890
22492891
22492892
22492893
22492894
22492895
22492896
22492897
22492898
22492899
22492900
22492901
22492933
22492934
22492935
22492937
22492938
22492939
22492971
22492974
22492978
22492990
22492992
22492993
22492994
22492995
22492996
22492997
22492998
22492999
22493000
22493001
22493002
22493009
22493010
22493011
22493012
22493013
22493023
22493024
22493041
22493042
22493081
22493152
22493176
22493177
22493178
22493183
22493184
22493185
22493186
22493187
22493293
22493303
22493435
22493459
22493474
22493475
22493477
22493478
22493479
22493519
22493942
22493945
22493946
22493947
22493948
22493950
22493951
22493990
22494008
22494009
22494010
22494016
22494017
22494025
22494027
22494028
22494032
22494035
22494043
22494047
22494051
22494052
22494067
22494070
22494071
22494078
22494079
22494081
22494097
22494116
22494144
22494148
22494151
22494152
22494158
22494163
22494164
22494165
22494180
22494181
22494183
22494194
22494195
22494196
22494217
22494243
22494244
22494262
22494265
22494266
22494267
22494268
22494273
22494276
22494285
22494312
22494323
22494335
22494341
22494344
22494362
22494363
22494367
22494394
22494397
22494406
22494410
22494417
22494418
22494437
22494439
22494444
22494459
22494465
22494469
22494497
22494510
22494511
22494522
22494532
22494534
22494535
22494551
22494554
22494556
22494557
22494558
22494559
22494572
22494577
22494581
22494582
22494583
22494584
22494585
22494586
22494587
22494589
22494590
22494591
22494594
22494601
22494624
22494633
22494636
22494660
22494673
22494675
22494677
22494678
22494679
22494683
22494684
22494710
22494711
22494781
22494791
22494799
22494812
22494814
22494818
22494845
22494854
22494873
22494875
22494877
22494878
22494879
22494906
22494911
22494912
22494913
22494929
22494938
22494939
22494940
22494941
22494961
22494962
22494990
22494992
22494993
22494994
22495003
22495028
22495066
22495067
22495110
22495112
22495113
22495114
22495115
22495116
22495117
22495118
22495119
22495120
22495121
22495122
22495143
22495239
22495241
22495242
22495243
22495249
22495262
22495286
22495325
22495326
22495327
22495328
22495331
22495332
22495344
22495345
22495347
22495360
22495361
22495363
22495365
22495375
22495377
22495381
22495383
22495492
22495510
22495513
22495516
22495521
22495523
22495527
22495533
22495543
22495545
22495546
22495554
22495581
22495584
22495586
22495588
22495590
22495591
22495592
22495607
22495609
22495610
22495611
22495618
22495619
22495620
22495625
22495636
22495638
22495639
22495640
22495641
22495642
22495643
22495644
22495645
22495646
22495647
22495648
22495650
22495666
22495733
22495737
22495743
22495747
22495748
22495751
22495753
22495755
22495756
22495759
22495763
22495765
22495771
22495772
22495773
22495774
22495775
22495778
22495781
22495809
22495810
22495819
22495822
22495826
22495829
22495873
22495874
22495876
22495893
22495894
22495895
22495896
22495897
22495898
22495899
22495900
22495901
22495902
22495953
22495954
22495973
22495975
22495990
22496039
22496044
22496047
22496051
22496060
22496068
22496076
22496077
22496078
22496079
22496080
22496088
22496100
22496102
22496110
22496147
22496148
22496176
22496177
22496182
22496184
22496185
22496186
22496187
22496188
22496190
22496191
22496203
22496338
22496361
22496362
22496363
22496364
22496379
22496381
22496387
22496388
22496391
22496396
22496397
22496415
22496459
22496460
22496483
22496500
22496501
22496503
22496504
22496505
22496516
22496517
22496521
22496522
22496523
22496524
22496525
22496526
22496527
22496528
22496529
22496530
22496531
22496532
22496533
22496534
22496535
22496537
22496538
22496539
22496540
22496702
22496703
22496704
22496705
22496706
22497196
22497203
22497205
22497213
22497215
22497223
22497226
22497237
22497247
22497248
22497274
22497275
22497276
22497278
22497285
22497305
22497307
22497320
22497322
22497335
22497336
22497351
22497423
22497424
22497428
22497440
22497443
22497446
22497448
22497449
22497452
22497461
22497463
22497484
22497485
22497486
22497493
22497497
22497500
22497506
22497507
22497517
22497536
22497538
22497544
22497545
22497548
22497555
22497559
22497560
22497561
22497562
22497563
22497565
22497572
22497575
22497584
22497592
22497593
22497594
22497597
22497602
22497620
22497626
22497628
22497637
22497641
22497657
22497658
22497665
22497668
22497670
22497690
22497702
22497703
22497704
22497724
22497725
22497729
22497736
22497740
22497744
22497745
22497746
22497747
22497748
22497749
22497750
22497751
22497754
22497770
22497789
22497803
22497804
22497805
22497806
22497818
22497850
22497851
22497859
22497862
22497869
22497870
22497871
22497876
22497883
22497884
22497885
22497902
22497904
22497906
22497910
22497911
22497927
22497928
22497969
22497971
22497984
22497986
22497987
22497988
22498006
22498009
22498033
22498045
22498076
22498078
22498079
22498086
22498089
22498091
22498092
22498137
22498138
22498140
22498143
22498173
22498174
22498176
22498179
22498180
22498277
22498303
22498344
22498348
22498349
22498434
22498435
22498436
22498496
22498507
22498634
22498635
22498642
22498691
22498699
22498700
22498701
22498704
22498706
22498707
22498708
22498709
22498718
22498729
22498766
22498767
22498768
22498769
22498772
22498773
22498777
22498844
22498845
22498846
22498847
22498881
22498885
22498889
22498894
22498909
22498916
22498930
22498933
22498974
22498975
22498990
22498993
22498994
22499004
22499024
22499025
22499044
22499045
22499046
22499047
22499048
22499049
22499050
22499051
22499052
22499053
22499054
22499055
22499056
22499059
22499123
22499125
22499129
22499130
22499131
22499132
22499133
22499202
22499203
22499204
22499205
22499206
22499207
22499208
22499209
22499210
22499226
22499243
22499252
22499259
22499260
22499261
22499285
22499332
22499353
22499354
22499362
22499363
22499364
22499365
22499366
22499367
22499368
22499369
22499370
22499371
22499372
22499373
22499374
22499375
22499376
22499377
22499378
22499379
22499380
22499381
22499382
22499383
22499384
22499385
22499392
22499402
22499403
22499404
22499405
22499413
22499430
22499472
22499486
22499502
22499506
22499528
22499542
22499543
22499548
22499553
22499565
22499568
22499569
22499570
22499572
22499573
22499667
22499717
22499718
22499719
22499720
22499721
22499722
22499723
22499769
22499783
22499851
22499852
22499853
22499856
22499954
22500000
22500001
22500003
22500004
22500005
22500006
22500007
22500008
22500012
22500015
22500473
22500493
22500555
22500557
22500558
22500587
22500588
22500592
22500651
22500654
22500692
22500704
22500728
22500772
22500773
22500774
22500813
22500821
22500852
22500856
22500857
22500882
22500885
22500916
22500952
22500969
22500981
22500984
22502586
22502596
22502605
22502646
22502723
22502725
22502733
22502736
22502741
22502747
22502769
22502779
22502790
22502796
22502800
22502810
22502811
22502812
22502813
22502816
22502818
22502872
22502902
22502904
22502906
22502911
22502912
22502913
22502914
22502916
22502942
22502945
22502948
22502959
22502960
22502961
22502965
22502967
22502968
22502974
22502975
22502978
22502979
22502980
22502982
22502986
22502989
22502990
22502994
22503036
22503037
22503038
22503039
22503059
22503075
22503076
22503088
22503089
22503092
22503099
22503106
22503110
22503112
22503113
22503114
22503129
22503147
22503151
22503163
22503164
22503169
22503189
22503197
22503198
22503199
22503201
22503203
22503204
22503211
22503221
22503281
22503284
22503290
22503297
22503300
22503310
22503312
22503313
22503314
22503331
22503332
22503333
22503334
22503342
22503343
22503345
22503346
22503374
22503376
22503386
22503388
22503398
22503400
22503422
22503443
22503455
22503471
22503474
22503475
22503487
22503491
22503492
22503493
22503497
22503500
22503510
22503524
22503532
22503533
22503535
22503541
22503542
22503543
22503549
22503591
22503593
22503594
22503605
22503609
22503610
22503624
22503625
22503628
22503641
22503642
22503643
22503653
22503654
22503680
22503688
22503704
22503710
22503737
22503738
22503742
22503756
22503757
22503772
22503773
22503776
22503788
22503789
22503793
22503802
22503808
22503846
22503847
22503865
22503866
22503867
22503868
22503883
22503886
22503887
22503888
22503891
22503894
22503904
22503906
22503911
22503922
22503923
22503924
22503927
22503943
22503969
22503990
22503994
22504002
22504010
22504011
22504013
22504015
22504020
22504032
22504040
22504044
22504046
22504048
22504049
22504050
22504059
22504063
22504069
22504070
22504098
22504099
22504100
22504103
22504105
22504138
22504139
22504140
22504141
22504154
22504157
22504171
22504174
22504175
22504232
22504233
22504234
22504235
22504236
22504237
22504238
22504239
22504240
22504241
22504242
22504243
22504244
22504245
22504246
22504247
22504248
22504249
22504250
22504251
22504252
22504253
22504254
22504255
22504256
22504257
22504258
22504259
22504260
22504261
22504262
22504263
22504264
22504265
22504266
22504267
22504268
22504269
22504270
22504271
22504282
22504284
22504285
22504286
22504287
22504288
22504289
22504314
22504315
22504316
22504317
22504318
22504319
22504320
22504321
22504322
22504324
22504325
22504331
22504332
22504333
22504334
22504335
22504352
22504353
22504373
22504388
22504402
22504409
22504410
22504411
22504412
22504413
22504414
22504415
22504442
22504443
22504461
22504463
22504498
22504526
22504527
22504528
22504558
22504561
22504573
22504589
22504667
22504668
22504724
22504727
22504729
22504734
22504735
22504736
22504737
22504740
22504774
22504778
22504784
22504798
22504799
22504828
22504839
22504852
22504855
22504866
22504868
22504870
22504876
22504877
22504887
22504906
22504907
22504914
22504922
22504924
22504928
22504935
22504943
22504945
22505005
22505015
22505016
22505020
22505033
22505039
22505045
22505049
22505054
22505057
22505058
22505121
22505123
22505125
22505126
22505127
22505136
22505138
22505144
22505146
22505192
22505207
22505209
22505213
22505223
22505225
22505230
22505239
22505271
22505276
22505286
22505316
22505317
22505324
22505329
22505345
22505347
22505349
22505354
22505356
22505370
22505395
22505582
22505583
22505584
22505585
22505586
22505587
22505588
22505603
22505605
22505629
22505656
22505703
22505723
22505762
22505948
22505949
22505950
22505951
22506502
22506504
22506532
22506533
22506539
22506551
22506557
22506584
22506590
22506598
22506612
22506619
22506635
22506647
22506655
22506660
22506666
22506667
22506682
22506691
22506694
22506721
22506724
22506726
22506736
22506767
22506792
22506793
22506799
22506806
22506827
22506845
22506856
22506861
22506884
22506885
22506886
22506894
22506900
22506912
22506938
22506959
22506963
22506964
22506978
22506980
22506984
22506987
22507035
22507071
22507082
22507105
22507106
22507125
22507126
22507140
22507170
22507173
22507174
22507178
22507180
22507183
22507190
22507201
22507210
22507222
22507224
22507233
22507268
22507270
22507288
22507298
22507305
22507353
22507354
22507374
22507378
22507383
22507384
22507399
22507456
22507459
22507544
22507555
22507569
22507594
22507599
22507621
22507622
22507623
22507624
22507625
22507631
22507640
22507643
22507656
22507661
22507664
22507665
22507688
22507701
22507740
22507744
22507747
22507757
22507762
22507825
22507834
22507841
22507844
22507856
22507857
22507858
22507859
22507865
22507868
22507875
22507876
22507910
22507911
22507949
22507959
22507968
22507975
22507978
22508007
22508008
22508026
22508038
22508079
22508108
22508112
22508149
22508150
22508170
22508176
22508178
22508185
22508186
22508196
22508220
22508239
22508240
22508265
22508266
22508270
22508272
22508288
22508316
22508318
22508322
22508361
22508374
22508379
22508384
22508396
22508400
22508403
22508406
22508408
22508411
22508412
22508413
22508414
22508415
22508416
22508425
22508428
22508435
22508436
22508451
22508463
22508465
22508468
22508473
22508486
22508490
22508491
22508492
22508493
22508494
22508498
22508505
22508519
22508525
22508540
22508542
22508543
22508549
22508559
22508565
22508574
22508575
22508579
22508580
22508582
22508616
22508650
22508652
22508653
22508683
22508691
22508764
22508765
22508800
22508802
22508866
22508908
22508909
22508940
22508950
22508960
22508963
22508966
22508974
22508979
22509425
22509426
22509427
22509428
22509429
22509430
22509731
22509735
22509744
22509772
22509775
22509780
22509787
22509793
22509802
22509813
22509814
22509820
22509822
22509823
22509824
22509857
22509859
22509886
22509893
22509894
22509897
22509905
22509906
22509925
22509935
22509938
22509940
22509942
22509945
22509949
22509960
22509971
22509975
22509977
22509981
22509983
22509996
22509997
22510003
22510016
22510017
22510029
22510050
22510054
22510056
22510085
22510086
22510087
22510089
22510102
22510104
22510105
22510108
22510143
22510145
22510160
22510161
22510206
22510229
22510230
22510231
22510281
22510300
22510304
22510311
22510321
22510322
22510326
22510329
22510331
22510333
22510337
22510338
22510342
22510345
22510346
22510347
22510349
22510351
22510365
22510379
22510380
22510381
22510387
22510426
22510440
22510441
22510442
22510444
22510445
22510447
22510463
22510474
22510480
22510492
22510493
22510502
22510518
22510519
22510520
22510521
22510522
22510523
22510537
22510543
22510578
22510581
22510585
22510615
22510695
22510705
22510714
22510715
22510716
22510717
22510718
22510730
22510735
22510736
22510737
22510738
22510739
22510740
22510741
22510742
22510743
22510744
22510745
22510755
22510767
22510775
22510777
22510793
22510794
22510797
22510802
22510809
22510820
22510822
22510823
22510824
22510825
22510826
22510827
22510828
22510829
22510830
22510831
22510832
22510833
22510834
22510835
22510836
22510837
22510838
22510839
22510840
22510841
22510842
22510843
22510844
22510850
22510865
22510936
22510937
22510946
22510947
22510955
22510960
22510982
22510989
22511014
22511015
22511017
22511018
22511036
22511037
22511071
22511072
22511112
22511120
22511179
22511180
22511184
22511192
22511201
22511202
22511203
22511218
22511224
22511225
22511229
22511230
22511232
22511233
22511234
22511236
22511245
22511253
22511263
22511265
22511269
22511271
22511276
22511290
22511291
22511307
22511308
22511317
22511322
22511324
22511326
22511335
22511340
22511343
22511344
22511346
22511347
22511348
22511358
22511370
22511402
22511404
22511405
22511458
22511462
22511480
22511490
22511496
22511511
22511518
22511550
22511551
22511555
22511570
22511571
22511574
22511582
22511588
22511594
22511595
22511596
22511604
22511606
22511614
22511654
22511729
22511733
22511797
22511801
22511802
22511803
22511804
22511805
22511806
22511811
22511812
22511915
22511916
22511917
22511918
22511919
22511920
22511921
22511922
22511923
22511924
22511925
22511926
22511927
22511928
22511929
22511930
22511931
22511932
22511933
22511934
22511935
22511936
22511937
22511938
22511939
22511940
22511941
22511942
22511943
22511944
22511945
22511946
22511947
22511948
22511949
22511950
22511951
22511952
22511953
22511954
22511955
22511956
22511957
22511958
22511959
22511960
22511961
22511962
22511963
22511964
22511965
22511966
22511967
22511968
22511969
22511970
22511971
22511972
22511973
22511974
22511975
22511976
22511977
22511978
22511979
22511980
22511981
22511982
22511983
22511984
22511985
22511986
22511987
22511988
22511989
22511990
22512240
22512251
22512263
22512265
22512266
22512270
22512273
22512277
22512279
22512281
22512282
22512286
22512287
22512288
22512307
22512308
22512313
22512320
22512324
22512334
22512346
22512351
22512353
22512361
22512378
22512383
22512385
22512386
22512387
22512388
22512389
22512390
22512391
22512392
22512393
22512394
22512395
22512396
22512397
22512405
22512417
22512433
22512504
22512539
22512541
22512545
22512548
22512549
22512550
22512551
22512552
22512553
22512565
22512599
22512671
22512692
22512697
22512708
22512710
22512714
22512719
22512724
22512733
22512740
22512763
22512783
22512786
22512790
22512819
22512820
22512821
22512822
22512823
22512825
22512826
22512840
22512847
22512848
22512861
22512866
22512868
22512874
22512875
22512894
22512895
22512896
22512897
22512914
22512921
22512924
22512927
22512928
22512931
22512940
22512944
22512949
22512978
22512983
22512996
22513033
22513036
22513055
22513074
22513075
22513103
22513106
22513108
22513111
22513112
22513133
22513149
22513150
22513172
22513205
22513206
22513261
22513262
22513267
22513268
22513269
22513270
22513274
22513277
22513278
22513279
22513280
22513281
22513289
22513290
22513291
22513292
22513293
22513294
22513316
22513318
22513345
22513347
22513353
22513365
22513366
22513368
22513379
22513380
22513409
22513449
22513450
22513452
22513453
22513456
22513478
22513481
22513482
22513502
22513505
22513507
22513509
22513511
22513512
22513651
22513697
22513698
22513710
22513717
22513720
22513721
22513722
22513723
22513724
22513725
22513743
22513751
22513778
22513798
22513802
22513817
22513832
22513835
22513837
22513840
22513841
22513843
22513844
22513845
22513855
22513856
22513857
22513858
22513859
22513860
22513861
22513862
22513870
22513876
22513881
22513891
22513893
22513895
22513981
22513991
22513992
22513994
22513996
22513997
22513998
22514010
22514012
22514013
22514014
22514016
22514018
22514028
22514036
22514049
22514056
22514082
22514085
22514099
22514101
22514102
22514104
22514105
22514110
22514121
22514125
22514127
22514146
22514148
22514152
22514188
22514199
22514207
22514268
22514285
22514286
22514288
22514289
22514290
22514291
22514292
22514293
22514294
22514295
22514296
22514297
22514298
22514333
22514334
22514335
22515159
22515161
22515167
22515202
22515205
22515260
22515300
22515301
22515318
22515320
22515333
22515335
22515336
22515370
22515371
22515378
22515403
22515404
22515406
22515421
22515432
22515452
22515469
22515472
22515473
22515481
22515484
22515487
22515490
22515491
22515504
22515509
22515510
22515511
22515514
22515553
22515558
22515572
22515596
22515600
22515616
22515635
22515642
22515655
22515656
22515658
22515683
22515703
22515704
22515725
22515726
22515736
22515739
22515740
22515741
22515742
22515743
22515747
22515792
22515818
22515835
22515838
22515839
22515842
22515844
22515845
22515846
22515879
22515912
22515913
22515936
22515939
22515944
22515946
22515952
22515955
22515962
22515967
22515968
22515975
22515983
22515984
22515986
22515989
22515990
22515991
22516023
22516029
22516030
22516033
22516034
22516038
22516043
22516044
22516084
22516085
22516086
22516087
22516098
22516105
22516106
22516111
22516113
22516136
22516143
22516145
22516146
22516170
22516171
22516172
22516173
22516177
22516183
22516184
22516185
22516186
22516189
22516204
22516215
22516216
22516220
22516225
22516236
22516237
22516242
22516243
22516244
22516245
22516251
22516252
22516301
22516302
22516345
22516346
22516349
22516350
22516366
22516373
22516378
22516379
22516422
22516432
22516434
22516435
22516436
22516439
22516455
22516466
22516467
22516468
22516469
22516471
22516473
22516477
22516478
22516508
22516514
22516517
22516518
22516519
22516523
22516540
22516553
22516554
22516565
22516586
22516587
22516588
22516589
22516622
22516623
22516643
22516646
22516647
22516649
22516650
22516652
22516653
22516667
22516668
22516673
22516674
22516675
22516687
22516716
22516739
22516765
22516796
22516805
22516806
22516807
22516811
22516812
22516813
22516814
22516815
22516816
22516817
22516818
22516819
22516820
22516821
22516823
22516824
22516825
22516826
22516827
22516838
22516839
22516840
22516859
22516861
22516873
22516877
22516886
22516887
22516893
22516894
22516895
22516936
22516944
22516967
22516978
22516979
22516980
22517013
22517014
22517031
22517032
22517033
22517034
22517051
22517055
22517058
22517073
22517074
22517111
22517116
22517119
22517125
22517167
22517185
22517186
22517216
22517233
22517236
22517242
22517245
22517249
22517250
22517251
22517253
22517254
22517255
22517259
22517260
22517261
22517267
22517268
22517269
22517283
22517292
22517296
22517299
22517301
22517310
22517312
22517327
22517333
22517337
22517354
22517355
22517371
22517373
22517377
22517399
22517400
22517404
22517408
22517425
22517429
22517435
22517440
22517449
22517468
22517477
22517478
22517484
22517486
22517493
22517495
22517500
22517505
22517508
22517529
22517534
22517552
22517553
22517554
22517555
22517556
22517557
22517558
22517559
22517570
22517580
22517591
22517594
22517612
22517613
22517614
22517618
22517619
22517620
22517621
22517622
22517623
22517624
22517625
22517634
22517661
22517672
22517677
22517680
22517778
22517784
22517790
22517793
22517795
22517796
22517802
22517820
22517886
22517888
22517906
22517915
22517922
22517971
22517972
22518021
22518022
22518023
22518024
22518026
22518033
22518045
22518048
22518051
22518052
22518054
22518193
22518383
22518384
22518819
22518820
22518822
22518827
22518828
22518829
22518831
22518832
22518833
22518834
22518835
22519299
22519302
22519365
22519405
22519418
22519420
22519421
22519426
22519438
22519452
22519456
22519458
22519471
22519508
22519509
22519511
22519513
22519516
22519545
22519549
22519558
22519567
22519580
22519582
22519601
22519603
22519624
22519659
22519672
22519673
22519674
22519675
22519682
22519684
22519686
22519689
22519695
22519697
22519700
22519705
22519706
22519711
22519718
22519720
22519722
22519725
22519729
22519731
22519734
22519735
22519736
22519737
22519741
22519743
22519746
22519749
22519754
22519804
22519806
22519807
22519808
22519817
22519819
22519822
22519827
22519829
22519831
22519832
22519833
22519840
22519846
22519851
22519853
22519855
22519856
22519868
22519874
22519876
22519880
22519890
22519891
22519892
22519912
22519924
22519932
22519936
22519939
22519943
22519945
22519949
22519958
22519961
22519966
22519969
22519980
22519983
22519984
22520016
22520023
22520027
22520028
22520032
22520034
22520035
22520037
22520043
22520045
22520046
22520057
22520058
22520060
22520065
22520080
22520150
22520160
22520163
22520170
22520173
22520174
22520179
22520230
22520231
22520233
22520236
22520237
22520253
22520254
22520262
22520266
22520338
22520344
22520363
22520366
22520439
22520444
22520445
22520446
22520450
22520457
22520479
22520481
22520482
22520500
22520501
22520564
22520567
22520568
22520569
22520577
22520580
22520594
22520618
22520632
22520634
22520636
22520638
22520639
22520644
22520645
22520690
22520714
22520718
22520721
22520726
22520732
22520734
22520743
22520744
22520760
22520805
22520806
22520807
22520808
22520809
22520810
22520811
22520812
22520813
22520814
22520816
22520819
22520820
22520821
22520822
22520840
22520843
22520854
22520864
22520924
22520927
22520928
22520934
22520938
22520947
22520949
22520950
22520951
22520952
22520965
22520968
22520971
22520995
22521003
22521044
22521053
22521076
22521077
22521110
22521111
22521112
22521113
22521117
22521145
22521146
22521149
22521150
22521170
22521196
22521198
22521201
22521202
22521203
22521204
22521205
22521212
22521214
22521220
22521221
22521236
22521256
22521264
22521266
22521269
22521282
22521288
22521290
22521293
22521316
22521328
22521331
22521332
22521334
22521335
22521338
22521342
22521344
22521345
22521346
22521347
22521348
22521349
22521350
22521351
22521352
22521353
22521354
22521355
22521356
22521357
22521358
22521359
22521360
22521362
22521365
22521367
22521368
22521391
22521396
22521397
22521399
22521408
22521412
22521447
22521471
22521472
22521474
22521481
22521482
22521500
22521504
22521508
22521523
22521539
22521540
22521541
22521560
22521562
22521564
22521571
22521578
22521613
22521616
22521623
22521633
22521656
22521661
22521662
22521664
22521666
22521667
22521672
22521692
22521693
22521700
22521702
22521703
22521704
22521705
22521707
22521741
22521742
22521759
22521761
22521781
22521782
22521783
22521791
22521792
22521807
22521825
22521852
22521853
22521854
22521858
22521861
22521879
22521908
22521916
22521920
22521929
22521931
22521932
22521933
22521934
22521936
22521937
22521938
22521939
22521940
22521961
22521965
22521973
22521976
22521980
22521986
22521995
22522000
22522001
22522002
22522003
22522004
22522006
22522009
22522030
22522032
22522042
22522045
22522046
22522055
22522058
22522060
22522061
22522062
22522063
22522064
22522067
22522075
22522076
22522093
22522094
22522095
22522103
22522121
22522134
22522136
22522137
22522139
22522147
22522153
22522169
22522170
22522175
22522186
22522187
22522218
22522234
22522348
22522370
22522376
22522377
22522378
22522379
22522380
22522381
22522385
22522386
22522390
22522408
22522414
22522415
22522416
22522418
22522423
22522428
22522453
22522454
22522455
22522456
22522457
22522458
22522474
22522494
22522497
22522503
22522505
22522507
22522564
22522565
22522581
22522586
22522590
22522591
22522596
22522597
22522598
22522599
22522600
22522649
22522658
22522674
22522675
22522694
22522696
22522698
22522745
22522747
22522748
22522751
22522753
22522754
22522755
22522756
22522757
22522758
22522759
22522760
22522761
22522762
22522763
22522764
22522765
22522766
22522767
22522768
22522782
22522784
22522786
22522789
22522790
22522791
22522792
22522842
22522846
22522847
22522936
22522968
22522973
22523000
22523006
22523007
22523085
22523088
22523090
22523091
22523092
22523093
22523112
22523116
22523118
22523123
22523127
22523128
22523133
22523173
22523197
22523198
22523199
22523229
22523258
22523262
22523264
22523267
22523268
22523278
22523338
22523342
22523343
22523345
22523375
22523381
22523403
22523423
22523428
22523503
22523504
22523505
22523506
22523507
22524153
22524154
22524158
22524165
22524166
22524185
22524186
22524187
22524195
22524196
22524198
22524206
22524208
22524212
22524213
22524214
22524215
22524239
22524240
22524242
22524258
22524260
22524261
22524262
22524264
22524268
22524274
22524279
22524289
22524292
22524293
22524300
22524302
22524309
22524310
22524311
22524323
22524392
22524398
22524402
22524406
22524428
22524431
22524433
22524436
22524469
22524470
22524472
22524474
22524482
22524484
22524495
22524498
22524509
22524512
22524524
22524530
22524538
22524545
22524548
22524549
22524554
22524618
22524626
22524628
22524633
22524673
22524679
22524682
22524685
22524686
22524688
22524690
22524693
22524702
22524707
22524793
22524794
22524857
22524858
22524859
22524898
22524976
22524977
22524981
22524987
22525000
22525003
22525016
22525044
22525052
22525156
22525157
22525160
22525225
22525294
22525295
22525297
22525319
22525330
22525331
22525334
22525335
22525370
22525375
22525377
22525378
22525382
22525383
22525420
22525421
22525422
22525465
22525484
22525485
22525487
22525493
22525494
22525509
22525513
22525514
22525517
22525525
22525526
22525544
22525569
22525582
22525583
22525584
22525586
22525587
22525589
22525596
22525644
22525660
22525661
22525662
22525668
22525669
22525670
22525700
22525704
22525705
22525746
22525787
22525788
22525790
22525823
22525829
22525831
22525934
22525937
22525940
22525945
22525946
22525969
22526005
22526007
22526008
22526009
22526010
22526016
22526017
22526018
22526020
22526021
22526026
22526032
22526033
22526035
22526036
22526037
22526038
22526039
22526040
22526043
22526045
22526046
22526047
22526048
22526049
22526050
22526062
22526063
22526065
22526108
22526119
22526120
22526121
22526122
22526123
22526124
22526125
22526126
22526143
22526151
22526153
22526154
22526155
22526160
22526161
22526162
22526163
22526164
22526165
22526166
22526173
22526180
22526181
22526182
22526194
22526196
22526197
22526198
22526200
22526226
22526239
22526260
22526261
22526262
22526263
22526278
22526279
22526280
22526281
22526282
22526285
22526286
22526287
22526288
22526289
22526291
22526292
22526293
22526294
22526295
22526296
22526297
22526298
22526299
22526325
22526350
22526351
22526352
22526360
22526371
22526376
22526387
22526390
22526391
22526392
22526393
22526394
22526395
22526396
22526413
22526432
22526433
22526434
22526438
22526448
22526449
22526450
22526451
22526452
22526453
22526454
22526468
22526474
22526475
22526476
22526477
22526478
22526479
22526480
22526481
22526508
22526516
22526517
22526518
22526520
22526521
22526522
22526529
22526530
22526531
22526532
22526533
22526534
22526535
22526536
22526538
22526539
22526550
22526553
22526554
22526575
22526582
22526590
22526591
22526592
22526593
22526594
22526595
22526597
22526608
22526611
22526612
22526616
22526631
22526632
22526638
22526641
22526656
22526667
22526671
22526680
22526681
22526682
22526683
22526684
22526685
22526698
22526699
22526700
22526713
22526714
22526715
22526716
22526733
22526734
22526735
22526736
22526737
22526748
22526749
22526750
22526751
22526753
22526782
22526788
22526791
22526794
22526797
22526864
22526865
22526879
22526881
22526882
22526884
22526899
22526902
22526904
22526905
22526914
22526918
22526919
22526935
22526936
22526937
22526938
22526939
22526940
22526941
22526942
22526943
22526953
22526955
22526957
22526958
22526959
22526960
22526961
22526963
22526964
22526965
22526966
22526967
22526968
22526976
22527002
22527005
22527007
22527008
22527011
22527012
22527013
22527020
22527021
22527022
22527023
22527024
22527025
22527026
22527030
22527031
22527049
22527083
22527087
22527088
22527089
22527090
22527097
22527098
22527099
22527100
22527101
22527102
22527103
22527104
22527105
22527106
22527107
22527108
22527109
22527111
22527112
22527113
22527114
22527115
22527116
22527117
22527143
22527144
22527145
22527146
22527150
22527151
22527184
22527188
22527199
22527228
22527229
22527235
22527239
22527243
22527244
22527245
22527246
22527247
22527248
22527250
22527251
22527252
22527253
22527267
22527268
22527271
22527272
22527273
22527274
22527275
22527276
22527277
22527278
22527279
22527280
22527289
22527301
22527305
22527330
22527331
22527332
22527337
22527338
22527374
22527375
22527376
22527377
22527404
22527405
22527406
22527407
22527445
22527446
22527484
22527485
22527486
22527513
22527524
22527525
22527529
22527530
22527532
22527534
22527536
22527538
22527544
22527546
22527552
22527554
22527558
22527562
22527564
22527566
22527567
22527568
22527570
22527578
22527581
22527582
22527583
22527584
22527585
22527586
22527587
22527588
22527589
22527590
22527591
22527596
22527597
22527600
22527601
22527607
22527608
22527609
22527619
22527641
22527642
22527643
22527644
22527645
22527646
22527647
22527648
22527649
22527650
22527651
22527653
22527658
22527659
22527667
22527686
22527694
22527695
22527696
22527697
22527698
22527699
22527720
22527721
22527722
22527723
22527724
22527749
22527755
22527775
22527794
22527795
22527796
22527797
22527798
22527799
22527800
22527801
22527802
22527833
22527834
22527835
22527836
22527838
22527839
22527840
22527841
22527881
22527882
22527883
22527885
22527886
22527891
22527893
22527894
22527895
22527896
22527897
22527898
22527899
22527900
22527901
22527902
22527903
22527905
22527917
22527918
22527919
22527920
22527921
22527922
22527923
22527924
22527926
22527929
22527930
22527946
22527947
22527948
22527952
22527974
22527982
22527990
22527991
22528028
22528033
22528037
22528045
22528046
22528049
22528052
22528054
22528055
22528056
22528121
22528122
22528129
22528130
22528131
22528132
22528133
22528134
22528135
22528140
22528143
22528164
22528167
22528168
22528169
22528170
22528171
22528172
22528173
22528174
22528175
22528176
22528177
22528178
22528179
22528180
22528181
22528182
22528198
22528199
22528212
22528254
22528274
22528283
22528296
22528318
22528334
22528337
22528338
22528339
22528340
22528341
22528366
22528367
22528368
22528369
22528371
22528372
22528373
22528374
22528375
22528380
22528383
22528390
22528392
22528393
22528394
22528395
22528396
22528405
22528459
22528460
22528461
22528462
22528463
22528472
22528474
22528475
22528477
22528479
22528480
22528481
22528509
22528522
22528523
22528528
22528529
22528530
22528545
22528550
22528551
22528560
22528561
22528575
22528576
22528581
22528586
22528601
22528603
22528604
22528607
22528624
22528639
22528640
22528641
22528642
22528643
22528644
22528645
22528648
22528651
22528652
22528664
22528676
22528687
22528690
22528732
22528734
22528744
22528748
22528749
22528760
22528763
22528769
22528770
22528771
22528772
22528773
22528774
22528775
22528776
22528777
22528789
22528790
22528791
22528792
22528794
22528795
22528796
22528797
22528798
22528799
22528800
22528802
22528808
22528827
22528855
22528860
22528869
22528870
22528871
22528872
22528873
22528937
22528938
22528939
22528940
22528941
22528942
22528943
22528944
22528945
22528946
22528947
22528948
22528971
22528973
22528979
22528980
22528982
22528984
22528991
22528993
22528994
22528996
22529000
22529001
22529005
22529011
22529013
22529016
22529023
22529029
22529040
22529044
22529045
22529057
22529163
22529166
22529177
22529190
22529199
22529225
22529244
22529292
22529330
22529332
22529333
22529352
22529872
22529890
22529891
22529892
22529893
22529894
22529895
22529896
22529897
22529898
22529899
22529900
22529901
22529902
22529903
22529904
22529905
22529906
22529907
22529908
22529909
22529910
22529911
22529912
22529913
22529914
22529915
22529916
22529917
22529918
22529919
22529920
22529921
22529922
22529923
22529924
22529925
22529926
22529927
22529928
22529929
22529930
22529931
22529932
22529933
22529934
22529935
22529936
22529937
22529938
22529939
22529940
22529941
22529942
22529943
22529944
22529945
22529946
22529947
22529948
22529949
22529950
22529951
22529952
22529953
22529954
22529955
22529956
22529957
22529958
22529959
22529960
22529961
22529962
22529963
22529964
22529965
22529966
22529967
22529968
22529969
22529970
22529971
22529972
22529973
22529974
22529975
22529976
22529977
22529978
22529979
22529980
22529981
22529982
22529983
22529984
22529985
22529986
22529987
22529988
22529989
22529990
22529991
22529992
22529993
22529994
22529995
22529996
22529997
22529998
22529999
22530000
22530001
22530002
22530003
22530004
22530005
22530006
22530007
22530008
22530009
22530010
22530011
22530012
22530013
22530014
22530015
22530016
22530017
22530018
22530019
22530020
22530021
22530022
22530023
22530024
22530025
22530026
22530027
22530028
22530029
22530030
22530031
22530032
22530033
22530034
22530035
22530036
22530037
22530038
22530039
22530040
22530041
22530042
22530043
22530044
22530045
22530046
22530047
22530048
22530049
22530050
22530051
22530052
22530053
22530054
22530055
22530056
22530057
22530058
22530059
22530060
22530061
22530062
22530063
22530064
22530065
22530066
22530067
22530068
22530069
22530070
22530560
22530586
22530596
22530609
22530620
22530648
22530656
22530664
22530670
22530671
22530703
22530717
22530719
22530728
22530729
22530730
22530731
22530738
22530749
22530751
22530754
22530757
22530761
22530790
22530794
22530800
22530815
22530816
22530817
22530834
22530846
22530855
22530870
22530871
22530876
22530882
22530885
22530887
22530888
22530889
22530890
22530891
22530892
22530893
22530894
22530895
22530896
22530897
22530898
22530899
22530900
22530901
22530902
22530903
22530904
22530905
22530906
22530907
22530908
22530909
22530910
22530911
22530912
22530913
22530914
22530915
22530916
22530918
22530922
22530923
22530926
22530935
22530946
22530952
22530955
22530956
22530958
22530965
22530970
22530973
22530975
22530979
22530984
22530986
22530991
22530998
22531001
22531004
22531005
22531012
22531013
22531027
22531028
22531030
22531033
22531034
22531043
22531045
22531049
22531060
22531063
22531064
22531087
22531090
22531097
22531099
22531110
22531112
22531170
22531211
22531214
22531215
22531216
22531218
22531228
22531231
22531232
22531233
22531234
22531235
22531236
22531237
22531238
22531239
22531240
22531241
22531242
22531243
22531244
22531245
22531273
22531289
22531291
22531300
22531355
22531357
22531358
22531359
22531360
22531362
22531370
22531414
22531415
22531416
22531419
22531421
22531424
22531425
22531426
22531462
22531465
22531472
22531474
22531476
22531488
22531503
22531548
22531559
22531561
22531564
22531569
22531599
22531601
22531613
22531620
22531625
22531626
22531627
22531641
22531676
22531680
22531688
22531700
22531711
22531713
22531714
22531715
22531717
22531824
22531827
22531859
22531884
22531885
22531886
22531897
22531932
22531940
22531946
22531947
22531959
22531964
22531966
22531969
22531979
22531980
22532001
22532005
22532008
22532014
22532015
22532016
22532024
22532025
22532026
22532032
22532036
22532038
22532040
22532047
22532057
22532065
22532067
22532070
22532075
22532082
22532088
22532089
22532094
22532105
22532121
22532123
22532129
22532156
22532158
22532159
22532161
22532170
22532190
22532192
22532226
22532228
22532232
22532233
22532234
22532235
22532252
22532253
22532254
22532255
22532260
22532269
22532270
22532276
22532280
22532281
22532282
22532283
22532290
22532295
22532296
22532297
22532301
22532309
22532310
22532316
22532317
22532320
22532321
22532322
22532323
22532324
22532328
22532329
22532338
22532340
22532341
22532369
22532374
22532378
22532384
22532385
22532388
22532399
22532401
22532405
22532485
22532493
22532494
22532496
22532497
22532501
22532503
22532507
22532515
22532516
22532519
22532522
22532537
22532572
22532573
22532574
22532605
22532607
22532614
22532615
22532616
22532626
22532627
22532628
22532632
22532638
22532639
22532683
22532699
22532989
22533361
22533363
22533375
22533377
22533378
22533379
22533380
22533445
22533447
22533466
22533473
22533480
22533490
22533492
22533518
22533520
22533524
22533525
22533527
22533529
22533551
22533552
22533571
22533574
22533605
22533615
22533623
22533628
22533630
22533631
22533632
22533638
22533641
22533666
22533668
22533676
22533677
22533678
22533679
22533685
22533692
22533694
22533709
22533711
22533713
22533733
22533735
22533736
22533739
22533779
22533780
22533786
22533793
22533794
22533797
22533803
22533816
22533817
22533819
22533823
22533910
22533919
22533967
22533971
22533985
22533991
22533993
22533994
22534014
22534022
22534023
22534024
22534025
22534030
22534031
22534049
22534063
22534069
22534071
22534075
22534076
22534082
22534125
22534135
22534141
22534147
22534149
22534151
22534152
22534153
22534160
22534166
22534168
22534170
22534171
22534175
22534176
22534193
22534194
22534195
22534197
22534199
22534201
22534209
22534210
22534243
22534261
22534262
22534282
22534284
22534311
22534321
22534322
22534323
22534324
22534325
22534327
22534328
22534329
22534334
22534368
22534399
22534401
22534402
22534410
22534412
22534418
22534425
22534426
22534458
22534459
22534474
22534491
22534492
22534513
22534517
22534519
22534520
22534522
22534531
22534534
22534560
22534562
22534563
22534567
22534568
22534569
22534586
22534617
22534633
22534658
22534672
22534677
22534690
22534728
22534729
22534730
22534738
22534743
22534744
22534747
22534749
22534751
22534771
22534789
22534790
22534791
22534801
22534802
22534803
22534804
22534805
22534806
22534807
22534808
22534809
22534810
22534811
22534812
22534813
22534822
22534825
22534832
22534863
22534880
22534954
22534957
22534961
22535015
22535016
22535017
22535135
22535136
22535137
22535138
22535139
22535140
22535141
22535142
22535143
22535144
22535145
22535148
22535149
22535153
22535154
22535156
22535157
22535180
22535194
22535195
22535199
22535200
22535201
22535203
