22535206
22535207
22535208
22535209
22535211
22535212
22535232
22535252
22535254
22535305
22535308
22535311
22535317
22535319
22535320
22535326
22535361
22535370
22535371
22535377
22535380
22535383
22535416
22535433
22535434
22535440
22535442
22535443
22535444
22535445
22535446
22535448
22535465
22535471
22535477
22535478
22535480
22535483
22535487
22535491
22535493
22535495
22535496
22535497
22535512
22535514
22535515
22535529
22535530
22535531
22535533
22535542
22535543
22535544
22535545
22535575
22535583
22535588
22535594
22535617
22535633
22535637
22535638
22535639
22535641
22535642
22535648
22535653
22535656
22535677
22535678
22535682
22535687
22535688
22535689
22535696
22535697
22535698
22535699
22535700
22535702
22535703
22535705
22535706
22535707
22535708
22535711
22535745
22535779
22535781
22535782
22535783
22535784
22535785
22535879
22535882
22535903
22535906
22535909
22535912
22535913
22535915
22535916
22535917
22536275
22536276
22536585
22536586
22536587
22536588
22536589
22536590
22536591
22536592
22536593
22536594
22536595
22536596
22536597
22536598
22536780
22536783
22536789
22536790
22536791
22536794
22536796
22536801
22536815
22536818
22536819
22536820
22536821
22536822
22536828
22536829
22536849
22536857
22536880
22536883
22536885
22536892
22536910
22536918
22536923
22536936
22536937
22536938
22536942
22536953
22536985
22536991
22536993
22537004
22537029
22537054
22537056
22537069
22537074
22537078
22537086
22537087
22537095
22537101
22537104
22537111
22537116
22537142
22537152
22537154
22537155
22537156
22537161
22537173
22537179
22537188
22537192
22537220
22537227
22537228
22537233
22537240
22537243
22537247
22537250
22537252
22537255
22537271
22537272
22537273
22537280
22537281
22537302
22537311
22537315
22537316
22537339
22537349
22537350
22537351
22537353
22537390
22537395
22537396
22537405
22537416
22537418
22537429
22537453
22537471
22537479
22537480
22537486
22537503
22537505
22537519
22537532
22537540
22537541
22537552
22537566
22537583
22537587
22537592
22537593
22537596
22537605
22537610
22537614
22537615
22537618
22537624
22537625
22537626
22537627
22537630
22537631
22537635
22537640
22537653
22537656
22537665
22537668
22537716
22537745
22537746
22537752
22537755
22537756
22537760
22537761
22537762
22537763
22537764
22537769
22537770
22537771
22537772
22537794
22537797
22537799
22537823
22537831
22537841
22537853
22537860
22537861
22537883
22537885
22537886
22537888
22537890
22537891
22537892
22537895
22537907
22537912
22537913
22537914
22537936
22537945
22537947
22537968
22537995
22537998
22538063
22538083
22538084
22538092
22538093
22538097
22538098
22538117
22538118
22538122
22538169
22538186
22538197
22538206
22538207
22538208
22538212
22538231
22538242
22538248
22538250
22538259
22538270
22538274
22538275
22538276
22538277
22538278
22538301
22538343
22538353
22538361
22538365
22538390
22538391
22538392
22538393
22538421
22538426
22538428
22538430
22538431
22538436
22538438
22538439
22538440
22538448
22538453
22538455
22538464
22538466
22538478
22538482
22538483
22538484
22538504
22538505
22538506
22538507
22538508
22538510
22538518
22538524
22538529
22538548
22538551
22538552
22538555
22538619
22538624
22538625
22538626
22538627
22538628
22538630
22538631
22538632
22538633
22538638
22538642
22538670
22538705
22538729
22538764
22538766
22538770
22538771
22538772
22538783
22538789
22538799
22538826
22538829
22538833
22538834
22538840
22538841
22538846
22538847
22538848
22538849
22538850
22538860
22538865
22538866
22538868
22538874
22538959
22538961
22538962
22538965
22538981
22538991
22539002
22539003
22539004
22539005
22539006
22539024
22539025
22539030
22539034
22539035
22539039
22539043
22539060
22539061
22539072
22539078
22539079
22539080
22539081
22539082
22539083
22539085
22539087
22539096
22539097
22539098
22539099
22539115
22539116
22539117
22539118
22539149
22539150
22539153
22539163
22539167
22539168
22539169
22539170
22539171
22539190
22539202
22539214
22539217
22539220
22539221
22539223
22539224
22539226
22539233
22539243
22539249
22539250
22539265
22539306
22539309
22539336
22539338
22539340
22539353
22539358
22539360
22539398
22539399
22539400
22539401
22539402
22539403
22539404
22539405
22539406
22539411
22539453
22539454
22539458
22539463
22539464
22539466
22539467
22539483
22539496
22539497
22539500
22539503
22539540
22539550
22539560
22539602
22539603
22539604
22539605
22539607
22539609
22539614
22539616
22539617
22539618
22539621
22539624
22539654
22539666
22539671
22539673
22539676
22539677
22539678
22539679
22539680
22539681
22539682
22539778
22539801
22539818
22539819
22539820
22539821
22539823
22539824
22539826
22539828
22540022
22540023
22540024
22540025
22540150
22540152
22540160
22540161
22540167
22540175
22540176
22540179
22540185
22540210
22540211
22540213
22540215
22540229
22540230
22540233
22540246
22540248
22540250
22540251
22540252
22540253
22540254
22540255
22540256
22540257
22540263
22540277
22540281
22540282
22540310
22540321
22540324
22540328
22540333
22540337
22540338
22540343
22540346
22540347
22540348
22540349
22540351
22540352
22540354
22540364
22540366
22540367
22540374
22540377
22540379
22540380
22540389
22540390
22540397
22540412
22540416
22540424
22540513
22540514
22540519
22540521
22540522
22540533
22540535
22540636
22540666
22540670
22540673
22540679
22540741
22540742
22540765
22540829
22540847
22540849
22540862
22540866
22540876
22540885
22540890
22540902
22540903
22540904
22540905
22540906
22540907
22540908
22540909
22540910
22540914
22540922
22540924
22540925
22540926
22540928
22540950
22540951
22540955
22540964
22540972
22540973
22540977
22540983
22540993
22541003
22541024
22541027
22541037
22541043
22541050
22541052
22541053
22541056
22541057
22541059
22541060
22541064
22541065
22541072
22541073
22541074
22541075
22541076
22541077
22541078
22541079
22541080
22541081
22541082
22541083
22541084
22541085
22541086
22541087
22541088
22541089
22541090
22541091
22541092
22541093
22541094
22541095
22541096
22541097
22541098
22541099
22541100
22541101
22541102
22541103
22541104
22541105
22541106
22541107
22541108
22541109
22541110
22541111
22541112
22541113
22541114
22541115
22541116
22541117
22541118
22541119
22541120
22541121
22541122
22541123
22541124
22541125
22541126
22541127
22541128
22541129
22541130
22541131
22541132
22541134
22541138
22541170
22541171
22541172
22541243
22541246
22541251
22541298
22541299
22541300
22541318
22541321
22541322
22541323
22541324
22541327
22541328
22541329
22541332
22541388
22541389
22541449
22541513
22541589
22541634
22541636
22541643
22541646
22541648
22541663
22541668
22541671
22541672
22541673
22541674
22541682
22541684
22541685
22541687
22541689
22541690
22541716
22541724
22541734
22541739
22541740
22541741
22541788
22541796
22541843
22541856
22541889
22541894
22541895
22541934
22541935
22541946
22541953
22542022
22542046
22542049
22542051
22542052
22542076
22542077
22542079
22542080
22542084
22542085
22542095
22542108
22542127
22542129
22542147
22542162
22542198
22542217
22542222
22542241
22542242
22542249
22542266
22542272
22542273
22542274
22542275
22542286
22542291
22542293
22542299
22542306
22542331
22542334
22542362
22542363
22542364
22542365
22542366
22542419
22542425
22542439
22542442
22542460
22542465
22542475
22542490
22542491
22542492
22542499
22542500
22542505
22542506
22542507
22542509
22542510
22542511
22542512
22542556
22542570
22542575
22542576
22542582
22542583
22542585
22542590
22542591
22542592
22542593
22542594
22542603
22542605
22542606
22542612
22542631
22542633
22542637
22542639
22542640
22542645
22542647
22542690
22542702
22542704
22542707
22542708
22542713
22542724
22542729
22542734
22542735
22542736
22542737
22542738
22542742
22542746
22542747
22542748
22542749
22542752
22542754
22542755
22542756
22542757
22542758
22542759
22542761
22542764
22542781
22542782
22542783
22542804
22542812
22542813
22542820
22542837
22542838
22542868
22542869
22542870
22542872
22542884
22542888
22542894
22542900
22542901
22542917
22542929
22542933
22542950
22542970
22542977
22542983
22542993
22542994
22542995
22542996
22542997
22543000
22543007
22543008
22543017
22543025
22543031
22543032
22543033
22543036
22543037
22543060
22543061
22543070
22543093
22543098
22543154
22543155
22543164
22543183
22543184
22543192
22543193
22543197
22543200
22543203
22543209
22543213
22543215
22543216
22543217
22543218
22543224
22543243
22543247
22543250
22543251
22543257
22543258
22543273
22543274
22543275
22543276
22543277
22543278
22543282
22543283
22543296
22543297
22543304
22543305
22543350
22543353
22543360
22543367
22543414
22543430
22543433
22543434
22543443
22543444
22543451
22543454
22543473
22543474
22543499
22543506
22543507
22543527
22543528
22543544
22543545
22543561
22543566
22543572
22543575
22543625
22543671
22543672
22543673
22543677
22543681
22543685
22543698
22543699
22543700
22543711
22543720
22543722
22543746
22543747
22543752
22543817
22543820
22543829
22543830
22543844
22543845
22543847
22543851
22543853
22543854
22543887
22543888
22543889
22543890
22543891
22543892
22543893
22543897
22543925
22543956
22543961
22543962
22543963
22543974
22543982
22543997
22543998
22543999
22544000
22544001
22544002
22544041
22544043
22544044
22544046
22544050
22544055
22544067
22544070
22544073
22544074
22544079
22544084
22544164
22544166
22544169
22544174
22544221
22544225
22544226
22544230
22544232
22544235
22544248
22544249
22544250
22544251
22544253
22544254
22544255
22544256
22544257
22544258
22544259
22544260
22544261
22544263
22544277
22544281
22544290
22544292
22544293
22544294
22544295
22544304
22544305
22544308
22544309
22544343
22544349
22544350
22544351
22544354
22544361
22544368
22544374
22544377
22544390
22544391
22544418
22544427
22544436
22544439
22544452
22544475
22544477
22544481
22544491
22544515
22544524
22544542
22544545
22544547
22544557
22544561
22544566
22544570
22544571
22544579
22544604
22544612
22544614
22544620
22544621
22544629
22544631
22544633
22544634
22544638
22544639
22544643
22544645
22544650
22544651
22544652
22544653
22544655
22544661
22544668
22544677
22544681
22544683
22544696
22544706
22544707
22544711
22544723
22544731
22544732
22544758
22544759
22544762
22544763
22544765
22544766
22544807
22544809
22544812
22544815
22544823
22544827
22544840
22544844
22544846
22544852
22544864
22544865
22544868
22544908
22544909
22544918
22544920
22544950
22545588
22545589
22545590
22545602
22545604
22545606
22545607
22545608
22545609
22545611
22545612
22545614
22545618
22545620
22545626
22545632
22545633
22545634
22545635
22545636
22545637
22545638
22545639
22545640
22545641
22545642
22545643
22545646
22545650
22545653
22545654
22545655
22545670
22545681
22545706
22545707
22545712
22545725
22545736
22545744
22545746
22545747
22545748
22545750
22545756
22545758
22545760
22545766
22545777
22545786
22545799
22545801
22545802
22545804
22545805
22545813
22545815
22545816
22545827
22545829
22545865
22545901
22545914
22545922
22545945
22545952
22545954
22545982
22546001
22546011
22546016
22546054
22546055
22546073
22546077
22546080
22546147
22546150
22546151
22546153
22546175
22546178
22546179
22546202
22546214
22546217
22546218
22546220
22546225
22546238
22546241
22546242
22546262
22546265
22546273
22546274
22546276
22546278
22546280
22546283
22546322
22546340
22546349
22546361
22546365
22546472
22546473
22546484
22546485
22546488
22546489
22546495
22546496
22546504
22546505
22546518
22546533
22546535
22546536
22546541
22546549
22546552
22546553
22546561
22546604
22546606
22546630
22546683
22546684
22546685
22546686
22546699
22546700
22546717
22546718
22546719
22546720
22546721
22546722
22546723
22546724
22546725
22546726
22546727
22546741
22546751
22546760
22546761
22546762
22546763
22546764
22546765
22546766
22546767
22546768
22546769
22546810
22546837
22546842
22546848
22546849
22546864
22546865
22546886
22546897
22546898
22546899
22546900
22546901
22546902
22546903
22546906
22546907
22546908
22546909
22546924
22546932
22546945
22546946
22546947
22546948
22546949
22546950
22546951
22546952
22546953
22546954
22546957
22546960
22546961
22546984
22546988
22546990
22546991
22547014
22547015
22547016
22547017
22547018
22547019
22547023
22547027
22547031
22547032
22547039
22547040
22547042
22547049
22547050
22547079
22547083
22547091
22547095
22547106
22547107
22547108
22547109
22547112
22547121
22547138
22547141
22547149
22547150
22547151
22547152
22547160
22547161
22547162
22547166
22547167
22547171
22547172
22547197
22547206
22547211
22547213
22547245
22547266
22547268
22547302
22547311
22547313
22547343
22547344
22547352
22547354
22547357
22547393
22547397
22547431
22547432
22547433
22547461
22547531
22547534
22547536
22547553
22547555
22547556
22547557
22547559
22547560
22547561
22547565
22547567
22547572
22547573
22547631
22547632
22547634
22547635
22547659
22547666
22547687
22547749
22547750
22547773
22547794
22548026
22548027
22548028
22548029
22548030
22548031
22548032
22548033
22548034
22548035
22548091
22548229
22548239
22548241
22548276
22548280
22548294
22548297
22548298
22548300
22548303
22548304
22548311
22548315
22548317
22548328
22548332
22548333
22548334
22548335
22548336
22548337
22548338
22548339
22548340
22548344
22548357
22548359
22548360
22548363
22548367
22548368
22548369
22548372
22548374
22548384
22548403
22548410
22548443
22548456
22548476
22548482
22548508
22548611
22548644
22548646
22548648
22548669
22548677
22548694
22548701
22548703
22548707
22548711
22548712
22548714
22548717
22548731
22548733
22548736
22548741
22548745
22548746
22548750
22548761
22548764
22548766
22548769
22548771
22548787
22548793
22548824
22548826
22548829
22548832
22548838
22548839
22548841
22548847
22548848
22548849
22548850
22548851
22548852
22548853
22548854
22548855
22548870
22548872
22548873
22548917
22548920
22548948
22548951
22548952
22548959
22548965
22548978
22549004
22549010
22549014
22549019
22549034
22549042
22549043
22549047
22549049
22549050
22549077
22549085
22549087
22549094
22549100
22549103
22549104
22549105
22549106
22549107
22549110
22549112
22549114
22549131
22549150
22549166
22549167
22549168
22549169
22549173
22549175
22549264
22549276
22549291
22549315
22549331
22549332
22549335
22549336
22549337
22549341
22549343
22549346
22549347
22549363
22549387
22549395
22549397
22549398
22549401
22549432
22549435
22549436
22549437
22549438
22549439
22549449
22549450
22549451
22549452
22549453
22549469
22549470
22549471
22549474
22549480
22549481
22549517
22549550
22549557
22549558
22549560
22549563
22549634
22549635
22549636
22549646
22549647
22549648
22549649
22549650
22549651
22549652
22549653
22549654
22549655
22549656
22549657
22549658
22549659
22549660
22549665
22549666
22549667
22549678
22549679
22549680
22549681
22549682
22549683
22549684
22549685
22549686
22549687
22549688
22549689
22549690
22549691
22549692
22549693
22549694
22549698
22549726
22549736
22549737
22549738
22549742
22549744
22549755
22549761
22549762
22549763
22549765
22549797
22549808
22549809
22549822
22549827
22549828
22549845
22549847
22549874
22549876
22549879
22549889
22549892
22549895
22549896
22549899
22549902
22549907
22549909
22549913
22549914
22549919
22549923
22549930
22549931
22549932
22549937
22549939
22549942
22549951
22549960
22549964
22549972
22549973
22549974
22549975
22549983
22550001
22550021
22550039
22550059
22550060
22550061
22550066
22550083
22550095
22550115
22550117
22550128
22550134
22550135
22550150
22550162
22550166
22550168
22550269
22550270
22550271
22550286
22550315
22550316
22550317
22550388
22550389
22550390
22550391
22550392
22550393
22550394
22550395
22550762
22550938
22550955
22550962
22550970
22550996
22551004
22551012
22551054
22551058
22551065
22551073
22551079
22551095
22551102
22551109
22551151
22551155
22551156
22551172
22551194
22551220
22551221
22551236
22551249
22551253
22551254
22551255
22551256
22551304
22551308
22551313
22551348
22551353
22551357
22551386
22551391
22551397
22551400
22551407
22551408
22551416
22551420
22551422
22551424
22551470
22551503
22551506
22551519
22551521
22551528
22551533
22551534
22551562
22551574
22551575
22551621
22551624
22551625
22551645
22551647
22551648
22551668
22551684
22551685
22551693
22551722
22551723
22551742
22551760
22551774
22551785
22551822
22551823
22551824
22551841
22551878
22551890
22551895
22551900
22551901
22551912
22551930
22551931
22551932
22551950
22551951
22551967
22551976
22551977
22551986
22552000
22552001
22552002
22552006
22552007
22552008
22552045
22552102
22552109
22552111
22552121
22552159
22552173
22552174
22552175
22552176
22552177
22552178
22552179
22552182
22552184
22552185
22552186
22552187
22552188
22552189
22552190
22552191
22552216
22552256
22552262
22552263
22552264
22552295
22552325
22552330
22552356
22552357
22552371
22552372
22552376
22552377
22552378
22552379
22552381
22552388
22552389
22552390
22552396
22552429
22552434
22552436
22552438
22552439
22552446
22552447
22552475
22552496
22552497
22552499
22552500
22552537
22552545
22552547
22552574
22552577
22552588
22552607
22552633
22552640
22552685
22552699
22552700
22552704
22552709
22552714
22552717
22552718
22552719
22552720
22552722
22552723
22552724
22552725
22552726
22552727
22552730
22552733
22552734
22552740
22552747
22552752
22552753
22552754
22552756
22552766
22552769
22552770
22552771
22552772
22552773
22552774
22552775
22552776
22552779
22552782
22552787
22552797
22552798
22552799
22552800
22552801
22552809
22552817
22552818
22552822
22552823
22552825
22552838
22552850
22552854
22552855
22552856
22552857
22552858
22552859
22552860
22552863
22552868
22552873
22552878
22552884
22552886
22552899
22552905
22552910
22552916
22552917
22552918
22552920
22552921
22552922
22552923
22552927
22552938
22552939
22552949
22552950
22552955
22552956
22552957
22552960
22552962
22552964
22552966
22552967
22552970
22552992
22552993
22552996
22552997
22553004
22553010
22553011
22553045
22553071
22553072
22553076
22553077
22553078
22553081
22553082
22553088
22553090
22553091
22553092
22553093
22553094
22553095
22553107
22553113
22553122
22553128
22553130
22553131
22553134
22553137
22553138
22553139
22553149
22553153
22553167
22553176
22553181
22553185
22553190
22553215
22553216
22553218
22553220
22553221
22553222
22553223
22553224
22553284
22553285
22553287
22553288
22553289
22553290
22553293
22553294
22553295
22553296
22553297
22553299
22553302
22553304
22553305
22553308
22553309
22553310
22553335
22553342
22553344
22553345
22553346
22553347
22553348
22553360
22553363
22553364
22553365
22553366
22553367
22553369
22553901
22553918
22553925
22553928
22553930
22553939
22553944
22553945
22553953
22553955
22553956
22553960
22553966
22553973
22553974
22553976
22553980
22553981
22553982
22553997
22553998
22554000
22554004
22554016
22554017
22554025
22554029
22554045
22554052
22554055
22554057
22554058
22554061
22554065
22554078
22554079
22554083
22554085
22554086
22554096
22554102
22554105
22554107
22554117
22554123
22554124
22554125
22554127
22554129
22554130
22554140
22554141
22554142
22554147
22554151
22554152
22554154
22554196
22554220
22554228
22554231
22554235
22554240
22554245
22554261
22554266
22554281
22554282
22554298
22554299
22554305
22554309
22554312
22554314
22554319
22554323
22554327
22554328
22554329
22554330
22554331
22554332
22554333
22554334
22554335
22554336
22554337
22554338
22554339
22554340
22554341
22554343
22554347
22554351
22554353
22554355
22554360
22554381
22554384
22554385
22554386
22554387
22554401
22554405
22554412
22554428
22554429
22554430
22554432
22554433
22554435
22554472
22554477
22554493
22554494
22554499
22554500
22554505
22554553
22554563
22554579
22554580
22554585
22554588
22554612
22554620
22554621
22554672
22554673
22554674
22554675
22554682
22554699
22554705
22554706
22554709
22554715
22554722
22554723
22554724
22554727
22554728
22554729
22554732
22554766
22554767
22554768
22554781
22554782
22554785
22554786
22554789
22554797
22554802
22554809
22554813
22554818
22554819
22554820
22554821
22554831
22554832
22554833
22554835
22554859
22554864
22554868
22554869
22554870
22554871
22554872
22554883
22554894
22554910
22554911
22554913
22554914
22554915
22554917
22554919
22554920
22554929
22554957
22554958
22554959
22554961
22554962
22554969
22554971
22554983
22554990
22554992
22554994
22555001
22555002
22555006
22555007
22555016
22555061
22555062
22555063
22555064
22555065
22555066
22555160
22555161
22555162
22555163
22555164
22555165
22555169
22555172
22555173
22555174
22555175
22555176
22555177
22555178
22555179
22555180
22555183
22555184
22555194
22555195
22555196
22555253
22555277
22555279
22555286
22555289
22555304
22555313
22555315
22555316
22555317
22555318
22555338
22555356
22555363
22555376
22555379
22555380
22555403
22555404
22555405
22555446
22555454
22555456
22555457
22555461
22555462
22555472
22555500
22555503
22555514
22555550
22555551
22555552
22555553
22555557
22555558
22555559
22555572
22555591
22555592
22555596
22555597
22555598
22555599
22555600
22555601
22555602
22555603
22555604
22555605
22555606
22555635
22555636
22555637
22555638
22555639
22555640
22555641
22555642
22555643
22555644
22555645
22555652
22555656
22555673
22555674
22555752
22555753
22555754
22555755
22555756
22555757
22555761
22555772
22555777
22555800
22555802
22555810
22555812
22555819
22555821
22555849
22555865
22555866
22555867
22555868
22555872
22555877
22555884
22555894
22555895
22555901
22555902
22555904
22555913
22555934
22555944
22555953
22555963
22555976
22555981
22555991
22555992
22556016
22556028
22556031
22556033
22556036
22556039
22556042
22556057
22556058
22556059
22556064
22556065
22556103
22556105
22556114
22556121
22556123
22556125
22556129
22556134
22556135
22556148
22556150
22556155
22556156
22556157
22556158
22556166
22556184
22556185
22556186
22556187
22556190
22556200
22556201
22556202
22556214
22556216
22556260
22556261
22556273
22556274
22556278
22556307
22556310
22556312
22556313
22556315
22556316
22556359
22556361
22556364
22556367
22556371
22556393
22556394
22556395
22556396
22556397
22556398
22556399
22556400
22556401
22556402
22558020
22558021
22558022
22558023
22558024
22558025
22558026
22558027
22558028
22558029
22558030
22558031
22558032
22558033
22558034
22558641
22558642
22558916
22558919
22558935
22558945
22558946
22558947
22558997
22559007
22559009
22559011
22559037
22559052
22559057
22559115
22559145
22559156
22559158
22559167
22559168
22559200
22559211
22559219
22559220
22559231
22559232
22559234
22559237
22559245
22559251
22559254
22559261
22559265
22559266
22559269
22559274
22559280
22559287
22559300
22559313
22559315
22559316
22559321
22559325
22559326
22559327
22559329
22559717
22559720
22559723
22559727
22559739
22559740
22559742
22559745
22559746
22559785
22559787
22559789
22559791
22559816
22559819
22559821
22559822
22559831
22559832
22559843
22559844
22559851
22559861
22559869
22559872
22559879
22559905
22559906
22559914
22559927
22559933
22559948
22559996
22559999
22560000
22560001
22560002
22560004
22560017
22560041
22560042
22560044
22560054
22560055
22560083
22560111
22560112
22560114
22560123
22560127
22560128
22560131
22560151
22560165
22560166
22560177
22560179
22560181
22560184
22560186
22560239
22560252
22560267
22560288
22560294
22560305
22560313
22560314
22560330
22560331
22560337
22560341
22560344
22560366
22560405
22560442
22560444
22560445
22560454
22560455
22560463
22560464
22560468
22560478
22560482
22560484
22560485
22560486
22560493
22560507
22560508
22560514
22560516
22560536
22560540
22560547
22560550
22560557
22560559
22560563
22560602
22560603
22560625
22560630
22560631
22560634
22560635
22560636
22560637
22560638
22560653
22560654
22560655
22560663
22560673
22560676
22560677
22560680
22560682
22560683
22560684
22560701
22560707
22560715
22560716
22560717
22560728
22560729
22560734
22560736
22560737
22560741
22560742
22560771
22560775
22560791
22560794
22560795
22560827
22560831
22560850
22560851
22560862
22560885
22560888
22560893
22560919
22560953
22560958
22560959
22560980
22560982
22560984
22560989
22560996
22560998
22561000
22561002
22561019
22561049
22561050
22561051
22561056
22561062
22561065
22561077
22561079
22561081
22561082
22561096
22561101
22561111
22561112
22561138
22561141
22561157
22561161
22561162
22561163
22561164
22561165
22561166
22561167
22561168
22561172
22561176
22561177
22561179
22561181
22561182
22561183
22561184
22561194
22561202
22561203
22561204
22561205
22561206
22561207
22561216
22561232
22561240
22561244
22561245
22561246
22561284
22561291
22561293
22561294
22561295
22561296
22561311
22561316
22561317
22561330
22561350
22561360
22561361
22561362
22561363
22561384
22561389
22561390
22561391
22561393
22561394
22561395
22561400
22561406
22561407
22561408
22561412
22561414
22561415
22561419
22561420
22561445
22561466
22561483
22561484
22561485
22561511
22561512
22561544
22561545
22561556
22561596
22561603
22561607
22561652
22561653
22561683
22561700
22561701
22561737
22561738
22561746
22561793
22561839
22561886
22561887
22561888
22561889
22561890
22561893
22561894
22561895
22561904
22561905
22561907
22561916
22561917
22561918
22561922
22561951
22561952
22561953
22561954
22561955
22561956
22561957
22561958
22561970
22561974
22561975
22562005
22562006
22562007
22562008
22562009
22562010
22562011
22562012
22562014
22562038
22562050
22562056
22562083
22562085
22562086
22562089
22562090
22562091
22562096
22562111
22562121
22562122
22562123
22562124
22562125
22562141
22562145
22562146
22562169
22562176
22562177
22562178
22562179
22562180
22562211
22562212
22562213
22562214
22562215
22562216
22562217
22562224
22562225
22562226
22562230
22562231
22562234
22562235
22562236
22562237
22562240
22562241
22562242
22562265
22562267
22562269
22562284
22562285
22562287
22562288
22562289
22562301
22562306
22562321
22562325
22562326
22562327
22562330
22562332
22562333
22562340
22562348
22562353
22562355
22562356
22562362
22562363
22562366
22562368
22562373
22562378
22562379
22562380
22562383
22562384
22562385
22562386
22562389
22562391
22562392
22562399
22562401
22562412
22562416
22562418
22562419
22562420
22562436
22562438
22562443
22562447
22562448
22562451
22562452
22562453
22562454
22562467
22562468
22562469
22562470
22562471
22562472
22562476
22562492
22562497
22562501
22562502
22562506
22562516
22562528
22562539
22562540
22562544
22562548
22562556
22562581
22562583
22562585
22562595
22562599
22562606
22562645
22562647
22562694
22562703
22562718
22562719
22562721
22562731
22562733
22562734
22562737
22562738
22562742
22562743
22562744
22562746
22562771
22562772
22562780
22562781
22562814
22562815
22562816
22562831
22562857
22562859
22562860
22562861
22562863
22562864
22562872
22562875
22562876
22562945
22562947
22562948
22562949
22562966
22562975
22562976
22562982
22562984
22562988
22562989
22562990
22562991
22562992
22562993
22562994
22562995
22562996
22562997
22563009
22563010
22563015
22563026
22563027
22563028
22563037
22563043
22563044
22563046
22563055
22563056
22563059
22563060
22563061
22563062
22563064
22563081
22563119
22563120
22563122
22563124
22563125
22563126
22563127
22563128
22563129
22563625
22563627
22563629
22563638
22563640
22563645
22563648
22563668
22563669
22563670
22563689
22563694
22563695
22563701
22563715
22563725
22563726
22563731
22563738
22563742
22563753
22563768
22563771
22563773
22563794
22563804
22563814
22563845
22563856
22563863
22563878
22563901
22563905
22563912
22563929
22563933
22563937
22563939
22563975
22563983
22564008
22564010
22564011
22564012
22564013
22564014
22564015
22564022
22564039
22564059
22564062
22564075
22564076
22564079
22564081
22564091
22564098
22564107
22564108
22564117
22564128
22564139
22564141
22564144
22564148
22564149
22564155
22564164
22564165
22564169
22564178
22564193
22564199
22564208
22564213
22564214
22564272
22564294
22564295
22564296
22564297
22564298
22564299
22564300
22564301
22564302
22564303
22564304
22564305
22564306
22564330
22564337
22564340
22564360
22564361
22564365
22564367
22564369
22564375
22564376
22564379
22564402
22564417
22564421
22564422
22564423
22564424
22564430
22564431
22564436
22564443
22564445
22564447
22564448
22564449
22564453
22564456
22564458
22564474
22564476
22564477
22564478
22564479
22564480
22564481
22564482
22564483
22564484
22564485
22564486
22564488
22564492
22564495
22564504
22564505
22564511
22564512
22564527
22564531
22564542
22564543
22564545
22564552
22564662
22564663
22564679
22564681
22564685
22564686
22564687
22564688
22564689
22564690
22564691
22564692
22564693
22564694
22564696
22564712
22564751
22564753
22564765
22564777
22564779
22564780
22564781
22564788
22564790
22564799
22564801
22564824
22564827
22564828
22564829
22564830
22564860
22564861
22564862
22564866
22564867
22564868
22564869
22564870
22564871
22564873
22564875
22564876
22564883
22564895
22564897
22564899
22564900
22564901
22564910
22564914
22564915
22564916
22564927
22564973
22564981
22564982
22564983
22564984
22565022
22565023
22565030
22565031
22565043
22565046
22565047
22565049
22565052
22565058
22565089
22565090
22565095
22565098
22565112
22565113
22565115
22565116
22565117
22565119
22565122
22565123
22565148
22565151
22565152
22565154
22565157
22565204
22565205
22565206
22565211
22565219
22565239
22565241
22565287
22565289
22565290
22565291
22565292
22565293
22565298
22565299
22565318
22565319
22565331
22565332
22565338
22565356
22565380
22565383
22565384
22565390
22565391
22565399
22565400
22565401
22565402
22565408
22565409
22565410
22565411
22565419
22565484
22565485
22565488
22565489
22565490
22565502
22565503
22565597
22565603
22565614
22565615
22565631
22565632
22565634
22565639
22565659
22565663
22565668
22565808
22565810
22565816
22565827
22565846
22565848
22565854
22565856
22565858
22565859
22565860
22565933
22565984
22566006
22566007
22566027
22566028
22566040
22566057
22566067
22566068
22566074
22566079
22566095
22566097
22566103
22566108
22566110
22566112
22566113
22566114
22566115
22566116
22566117
22566118
22566119
22566120
22566123
22566124
22566126
22566128
22566134
22566141
22566143
22566144
22566147
22566152
22566154
22566156
22566159
22566161
22566162
22566167
22566169
22566175
22566185
22566188
22566192
22566193
22566194
22566195
22566196
22566197
22566198
22566209
22566212
22566238
22566240
22566244
22566245
22566256
22566257
22566268
22566273
22566286
22566288
22566289
22566361
22566373
22566377
22566380
22566381
22566391
22566408
22566466
22566467
22566475
22566476
22566478
22566479
22566502
22566505
22566506
22566510
22566511
22566512
22566514
22566516
22566519
22566523
22566535
22566536
22566560
22566561
22566562
22566563
22566574
22566575
22566585
22566586
22566593
22566596
22566656
22566659
22566668
22566669
22566707
22566708
22567193
22567660
22567678
22568203
22568204
22568205
22568206
22568207
22568208
22568209
22568210
22568211
22568212
22568213
22568214
22568215
22568216
22568217
22568218
22568219
22568313
22568314
22568315
22568316
22568317
22568318
22568319
22568320
22568321
22568322
22568323
22568324
22568325
22568326
22568327
22568328
22568329
22568330
22568331
22568332
22568333
22568334
22568335
22568336
22568337
22568338
22568339
22568340
22568341
22568342
22568343
22568344
22568345
22568346
22568347
22568348
22568349
22568350
22568351
22568391
22568402
22568403
22568410
22568434
22568447
22568451
22568472
22568473
22568486
22568491
22568495
22568513
22568515
22568520
22568534
22568558
22568565
22568573
22568578
22568584
22568587
22568593
22568594
22568596
22568597
22568605
22568607
22568609
22568611
22568619
22568624
22568626
22568627
22568628
22568629
22568631
22568639
22568641
22568654
22568655
22568659
22568668
22568670
22568684
22568685
22568697
22568706
22568708
22568722
22568729
22568757
22568762
22568764
22568766
22568774
22568777
22568778
22568787
22568811
22568821
22568855
22568858
22568869
22568872
22568880
22568885
22568887
22568888
22568889
22568924
22568927
22568931
22568938
22568942
22568947
22568948
22568949
22568950
22568951
22568952
22568953
22568954
22568955
22568957
22568958
22568959
22568976
22568980
22568981
22568982
22568983
22568984
22568985
22568986
22568987
22568988
22568990
22568991
22568993
22568994
22569022
22569023
22569024
22569025
22569026
22569027
22569028
22569029
22569030
22569033
22569057
22569058
22569059
22569060
22569066
22569068
22569077
22569078
22569079
22569081
22569082
22569083
22569084
22569089
22569097
22569098
22569099
22569101
22569107
22569108
22569115
22569118
22569119
22569129
22569130
22569131
22569150
22569152
22569154
22569155
22569157
22569161
22569166
22569182
22569184
22569191
22569197
22569200
22569210
22569213
22569214
22569215
22569216
22569217
22569225
22569235
22569272
22569273
22569274
22569275
22569276
22569282
22569285
22569286
22569289
22569291
22569292
22569293
22569294
22569295
22569296
22569297
22569301
22569302
22569303
22569304
22569306
22569316
22569330
22569346
22569358
22569359
22569374
22569402
22569403
22569404
22569408
22569412
22569413
22569473
22569481
22569482
22569486
22569506
22569521
22569522
22569523
22569526
22569527
22569537
22569539
22569541
22569559
22569579
22569580
22569583
22569590
22569591
22569592
22569593
22569595
22569598
22569599
22569600
22569603
22569604
22569605
22569606
22569607
22569609
22569610
22569611
22569612
22569613
22569614
22569615
22569616
22569617
22569618
22569619
22569620
22569621
22569622
22569623
22569624
22569634
22569640
22569647
22569708
22569709
22569710
22569711
22569712
22569713
22569714
22569715
22569716
22569718
22569719
22569720
22569733
22569734
22569735
22569736
22569737
22569745
22569746
22569747
22569771
22569772
22569777
22569782
22569784
22569786
22569792
22569796
22569800
22569803
22569804
22569824
22569825
22569826
22569837
22569841
22569843
22569880
22569881
22569896
22569898
22569916
22569927
22569947
22569948
22569950
22569952
22569963
22569964
22569990
22569994
22569995
22569996
22569997
22570012
22570014
22570021
22570022
22570023
22570024
22570025
22570026
22570027
22570028
22570029
22570030
22570031
22570032
22570033
22570034
22570035
22570036
22570037
22570038
22570039
22570040
22570042
22570043
22570044
22570045
22570046
22570047
22570048
22570049
22570050
22570051
22570058
22570059
22570062
22570079
22570080
22570081
22570082
22570083
22570094
22570114
22570116
22570121
22570126
22570141
22570142
22570143
22570146
22570147
22570166
22570168
22570171
22570173
22570176
22570179
22570184
22570188
22570189
22570191
22570193
22570216
22570218
22570219
22570233
22570238
22570261
22570264
22570267
22570272
22570279
22570285
22570318
22570319
22570323
22570330
22570331
22570332
22570335
22570336
22570338
22570339
22570355
22570356
22570358
22570363
22570364
22570365
22570366
22570375
22570377
22570378
22570383
22570408
22570409
22570410
22570412
22570414
22570416
22570417
22570419
22570420
22570685
22570686
22570687
22570688
22570689
22570690
22570691
22570692
22570693
22570694
22570695
22570696
22570697
22570698
22570699
22570700
22570701
22570702
22570703
22570704
22570705
22570706
22570707
22570708
22570709
22570710
22570711
22570712
22570713
22570714
22570715
22570716
22570717
22570718
22570719
22570720
22570721
22570722
22570723
22570724
22570725
22570726
22570727
22570728
22570729
22570730
22570731
22570732
22570733
22570734
22570735
22570736
22570737
22570738
22570739
22570740
22570741
22570742
22571175
22571178
22571184
22571185
22571187
22571188
22571189
22571190
22571191
22571192
22571193
22571194
22571195
22571196
22571223
22571234
22571252
22571277
22571284
22571291
22571292
22571327
22571346
22571348
22571351
22571369
22571372
22571373
22571379
22571382
22571393
22571402
22571404
22571410
22571413
22571418
22571421
22571423
22571428
22571443
22571458
22571459
22571460
22571461
22571463
22571465
22571479
22571480
22571481
22571482
22571483
22571495
22571500
22571512
22571514
22571516
22571517
22571520
22571521
22571540
22571590
22571604
22571629
22571638
22571651
22571652
22571653
22571671
22571680
22571684
22571685
22571687
22571689
22571718
22571725
22571731
22571734
22571738
22571744
22571755
22571760
22571762
22571766
22571769
22571771
22571772
22571783
22571813
22571821
22571831
22571832
22571834
22571835
22571839
22571842
22571844
22571845
22571866
22571876
22571882
22571883
22571919
22571931
22571932
22571935
22571938
22571939
22571941
22571947
22571948
22571949
22571952
22571956
22571958
22571959
22571964
22571969
22571975
22571976
22571996
22571999
22572002
22572004
22572011
22572019
22572022
22572023
22572024
22572025
22572026
22572027
22572028
22572029
22572030
22572031
22572032
22572034
22572035
22572057
22572058
22572059
22572073
22572075
22572102
22572108
22572111
22572112
22572113
22572114
22572115
22572116
22572117
22572118
22572124
22572125
22572126
22572127
22572128
22572129
22572130
22572131
22572132
22572133
22572134
22572135
22572136
22572137
22572138
22572139
22572140
22572141
22572142
22572143
22572146
22572169
22572176
22572197
22572198
22572206
22572209
22572217
22572241
22572242
22572398
22572400
22572401
22572410
22572411
22572412
22572457
22572459
22572461
22572462
22572476
22572481
22572529
22572540
22572541
22572544
22572547
22572548
22572549
22572553
22572554
22572555
22572557
22572558
22572566
22572570
22572571
22572572
22572573
22572594
22572596
22572599
22572600
22572604
22572605
22572607
22572616
22572617
22572618
22572623
22572640
22572676
22572719
22572729
22572733
22572734
22572746
22572747
22572748
22572749
22572750
22572751
22572752
22572753
22572754
22572763
22572768
22572781
22572797
22572803
22572804
22572826
22572827
22572828
22572829
22572830
22572831
22572832
22572833
22572834
22572859
22572860
22572870
22572873
22572874
22572875
22572876
22572877
22572886
22572887
22572891
22572904
22572923
22572924
22572926
22572942
22572943
22572945
22572949
22572951
22572952
22572953
22572954
22572955
22572956
22572957
22572958
22572959
22572960
22572961
22572970
22572974
22572985
22572987
22572988
22572989
22572990
22572995
22572996
22572997
22572998
22573006
22573011
22573013
22573014
22573015
22573016
22573018
22573034
22573035
22573051
22573053
22573054
22573055
22573056
22573060
22573063
22573064
22573093
22573100
22573115
22573116
22573136
22573137
22573138
22573174
22573175
22573181
22573183
22573186
22573195
22573197
22573198
22573200
22573201
22573202
22573203
22573204
22573214
22573215
22573223
22573226
22573229
22573230
22573231
22573232
22573233
22573241
22573257
22573258
22573259
22573262
22573263
22573266
22573279
22573291
22573292
22573293
22573295
22573296
22573299
22573301
22573306
22573310
22573339
22573345
22573347
22573357
22573362
22573370
22573396
22573409
22573464
22573474
22573477
22573485
22573496
22573514
22573538
22573541
22573568
22573578
22573580
22573606
22573612
22573661
22573697
22573700
22573702
22573721
22573731
22573732
22573733
22573741
22573742
22573743
22573744
22573745
22573746
22573747
22573748
22573749
22573750
22573751
22573752
22573753
22573754
22573755
22573756
22573786
22573788
22573789
22573791
22573792
22573794
22573795
22573796
22573797
22573798
22573800
22573844
22573881
22573882
22574311
22574360
22574361
22574362
22574363
22574364
22574365
22574366
22574367
22574368
22574369
22574370
22574371
22574372
22574373
22574374
22574375
22574376
22574377
22574620
22574623
22574628
22574633
22574641
22574643
22574646
22574651
22574655
22574656
22574661
22574666
22574679
22574680
22574681
22574683
22574684
22574685
22574693
22574694
22574695
22574696
22574697
22574700
22574705
22574712
22574714
22574716
22574717
22574722
22574723
22574727
22574734
22574737
22574738
22574740
22574758
22574760
22574761
22574762
22574763
22574767
22574768
22574769
22574771
22574773
22574779
22574780
22574783
22574785
22574798
22574812
22574813
22574814
22574819
22574822
22574823
22574825
22574835
22574849
22574874
22574881
22574885
22574886
22574898
22574902
22574911
22574914
22574931
22574935
22574937
22574946
22574974
22574976
22574977
22574978
22574979
22574980
22574981
22574982
22574983
22574984
22574985
22574986
22574987
22574988
22574991
22575024
22575034
22575049
22575057
22575069
22575073
22575079
22575084
22575085
22575160
22575162
22575163
22575171
22575203
22575204
22575205
22575209
22575210
22575211
22575212
22575215
22575216
22575223
22575224
22575229
22575242
22575243
22575245
22575246
22575249
22575253
22575255
22575257
22575258
22575259
22575260
22575262
22575263
22575264
22575274
22575275
22575278
22575280
22575304
22575305
22575306
22575329
22575330
22575339
22575351
22575358
22575364
22575380
22575383
22575393
22575394
22575395
22575397
22575400
22575418
22575419
22575426
22575433
22575434
22575440
22575441
22575455
22575456
22575457
22575459
22575491
22575492
22575493
22575494
22575501
22575555
22575558
22575570
22575577
22575578
22575582
22575585
22575591
22575608
22575617
22575633
22575635
22575636
22575666
22575668
22575671
22575672
22575673
22575681
22575683
22575684
22575712
22575735
22575737
22575741
22575743
22575755
22575762
22575764
22575765
22575770
22575772
22575773
22575777
22575788
22575796
22575797
22575803
22575805
22575806
22575809
22575811
22575814
22575819
22575820
22575821
22575825
22575846
22575851
22575852
22575853
22575854
22575855
22575856
22575857
22575862
22575864
22575865
22575866
22575878
22575880
22575883
22575884
22575885
22575886
22575887
22575895
22575901
22575909
22575910
22575911
22575912
22575913
22575989
22576000
22576014
22576015
22576017
22576054
22576056
22576072
22576073
22576080
22576126
22576130
22576131
22576132
22576141
22576144
22576145
22576154
22576182
22576184
22576227
22576234
22576235
22576236
22576240
22576241
22576243
22576246
22576256
22576262
22576267
22576268
22576269
22576274
22576280
22576281
22576282
22576283
22576293
22576297
22576299
22576302
22576307
22576311
22576312
22576317
22576323
22576324
22576326
22576328
22576350
22576351
22576363
22576365
22576413
22576421
22576422
22576423
22576424
22576425
22576426
22576427
22576428
22576429
22576430
22576431
22576432
22576433
22576434
22576435
22576436
22576437
22576438
22576439
22576450
22576454
22576456
22576463
22576469
22576474
22576477
22576562
22576578
22576593
22576620
22576634
22576651
22576663
22576664
22576673
22576674
22576707
22576708
22576710
22576711
22576712
22576713
22576717
22576722
22576725
22576728
22576732
22576756
22576761
22576784
22576791
22576806
22576809
22576813
22576814
22576824
22576838
22576842
22576843
22576848
22576852
22576853
22576854
22576855
22576856
22576858
22576883
22576888
22576890
22576893
22576901
22576930
22576931
22576932
22576934
22576936
22576940
22576941
22576942
22576950
22576954
22576955
22576962
22576964
22576969
22576970
22576972
22576976
22576977
22576978
22576979
22576997
22576999
22577002
22577008
22577035
22577043
22577057
22577079
22577085
22577086
22577087
22577090
22577091
22577093
22577100
22577105
22577106
22577117
22577153
22577180
22577184
22577190
22577191
22577224
22577225
22577226
22577734
22577735
22577752
22577797
22577799
22577801
22577802
22577815
22577836
22577840
22577841
22577845
22577849
22577852
22577865
22577874
22577882
22577883
22577943
22577956
22577965
22577969
22577974
22577975
22577976
22577977
22577978
22577979
22577980
22577981
22577986
22577991
22578003
22578017
22578018
22578023
22578026
22578039
22578040
22578056
22578063
22578065
22578067
22578068
22578076
22578082
22578085
22578086
22578088
22578093
22578096
22578104
22578133
22578138
22578148
22578154
22578195
22578200
22578207
22578214
22578243
22578247
22578251
22578258
22578270
22578271
22578284
22578285
22578287
22578288
22578305
22578307
22578312
22578317
22578318
22578334
22578376
22578377
22578378
22578379
22578381
22578385
22578386
22578398
22578405
22578406
22578407
22578408
22578409
22578410
22578413
22578414
22578415
22578442
22578465
22578466
22578490
22578491
22578517
22578518
22578531
22578565
22578578
22578579
22578580
22578582
22578583
22578584
22578585
22578586
22578612
22578616
22578617
22578624
22578627
22578628
22578639
22578660
22578661
22578662
22578663
22578667
22578685
22578739
22578740
22578772
22578780
22578787
22578794
22578804
22578812
22578814
22578815
22578816
22578817
22578824
22578832
22578837
22578838
22578849
22578887
22578896
22578899
22578926
22578928
22578947
22578966
22578969
22578972
22578974
22578975
22578977
22578988
22578990
22578992
22578994
22578995
22578998
22578999
22579000
22579028
22579032
22579034
22579038
22579040
22579046
22579053
22579072
22579073
22579082
22579083
22579084
22579086
22579101
22579103
22579119
22579127
22579135
22579212
22579213
22579215
22579217
22579226
22579227
22579228
22579229
22579230
22579258
22579259
22579260
22579268
22579275
22579295
22579341
22579342
22579343
22579344
22579345
22579346
22579350
22579351
22579383
22579393
22579397
22579407
22579412
22579446
22579447
22579449
22579475
22579476
22579477
22579478
22579479
22579480
22579481
22579482
22579494
22579496
22579497
22579498
22579499
22579500
22579501
22579502
22579504
22579513
22579520
22579521
22579528
22579531
22579533
22579540
22579541
22579545
