22579546
22579554
22579555
22579565
22579569
22579570
22579571
22579572
22579576
22579578
22579580
22579582
22579587
22579588
22579589
22579590
22579593
22579595
22579598
22579605
22579606
22579611
22579613
22579615
22579616
22579617
22579618
22579619
22579620
22579621
22579626
22579628
22579641
22579642
22579645
22579647
22579648
22579653
22579658
22579660
22579668
22579669
22579681
22579704
22579705
22579706
22579707
22579708
22579709
22579712
22579716
22579718
22579723
22579725
22579730
22579731
22579732
22579733
22579734
22579735
22579738
22579742
22579743
22579744
22579747
22579749
22579758
22579764
22579765
22579766
22579767
22579768
22579772
22579773
22579774
22579775
22579783
22579784
22579793
22579794
22579801
22579802
22579803
22579809
22579810
22579815
22579816
22579818
22579835
22579836
22579837
22579838
22579839
22579841
22579842
22579843
22579845
22579846
22579847
22579848
22579852
22579853
22579854
22579872
22579881
22579882
22579894
22579910
22579911
22579912
22579913
22579914
22579917
22579918
22579922
22579929
22579930
22579937
22579945
22579950
22579951
22579960
22579961
22579966
22579967
22579968
22579970
22579975
22579981
22579982
22579984
22579985
22579988
22579989
22579990
22579992
22579996
22579998
22580006
22580007
22580015
22580019
22580020
22580021
22580036
22580037
22580038
22580042
22580044
22580048
22580049
22580050
22580055
22580056
22580065
22580066
22580067
22580068
22580069
22580070
22580086
22580087
22580097
22580104
22580105
22580108
22580110
22580111
22580112
22580113
22580114
22580115
22580116
22580118
22580120
22580128
22580150
22580151
22580153
22580158
22580159
22580163
22580164
22580168
22580175
22580176
22580188
22580189
22580191
22580209
22580210
22580211
22580214
22580220
22580221
22580226
22580230
22580232
22580236
22580239
22580240
22580241
22580273
22580274
22580286
22580288
22580289
22580292
22580293
22580294
22580295
22580296
22580298
22580299
22580300
22580301
22580329
22580330
22580333
22580337
22580339
22580340
22580341
22580342
22580344
22580348
22580349
22580350
22580351
22580352
22580358
22580361
22580374
22580375
22580377
22580385
22580386
22580391
22580392
22580393
22580395
22580405
22580406
22580411
22580417
22580419
22580420
22580423
22580465
22580500
22580515
22580516
22580517
22580518
22580519
22580520
22580521
22580522
22580523
22580524
22580525
22580526
22580527
22580528
22580529
22580530
22580531
22580532
22580533
22580534
22580535
22580536
22580537
22580538
22580539
22580542
22580543
22580565
22580578
22580580
22580583
22580621
22580632
22580635
22580636
22580637
22580638
22580686
22580687
22580688
22580689
22580690
22580691
22580692
22580693
22580694
22580695
22580696
22580697
22580698
22580699
22580700
22580701
22580702
22580703
22580704
22580705
22580706
22580707
22580708
22580709
22580712
22580716
22580717
22580718
22580719
22580720
22580721
22580722
22580750
22580751
22580754
22580755
22580756
22580779
22580780
22580783
22580784
22580786
22580793
22580794
22580795
22580799
22580800
22580805
22580806
22580808
22580809
22580810
22580812
22580815
22580819
22580832
22580833
22580834
22580835
22580841
22580842
22580851
22580865
22580866
22580867
22580868
22580902
22580906
22580907
22580909
22580910
22580918
22580923
22580926
22580936
22580940
22580941
22580950
22580951
22580952
22580957
22580967
22580968
22580969
22580971
22580973
22580976
22580979
22580980
22580981
22580984
22580991
22580995
22580997
22580998
22581025
22581027
22581037
22581038
22581040
22581041
22581058
22581059
22581060
22581065
22581067
22581074
22581100
22581102
22581112
22581116
22581117
22581118
22581119
22581124
22581126
22581128
22581129
22581159
22581165
22581172
22581188
22581202
22581207
22581208
22581211
22581220
22581222
22581223
22581224
22581225
22581233
22581237
22581253
22581255
22581260
22581262
22581264
22581273
22581275
22581277
22581278
22581297
22581302
22581306
22581309
22581318
22581323
22581325
22581326
22581327
22581328
22581329
22581330
22581331
22581332
22581333
22581334
22581335
22581336
22581337
22581338
22581339
22581340
22581341
22581342
22581344
22581345
22581346
22581350
22581351
22581352
22581353
22581359
22581360
22581374
22581381
22581382
22581383
22581386
22581387
22581388
22581395
22581397
22581409
22581411
22581412
22581415
22581427
22581430
22581431
22581432
22581433
22581438
22581442
22581444
22581445
22581450
22581451
22581452
22581466
22581471
22581476
22581477
22581478
22581489
22581500
22581509
22581513
22581517
22581521
22581522
22581525
22581526
22581527
22581565
22581577
22581584
22581585
22581591
22581606
22581615
22581629
22581634
22581635
22581636
22581637
22581638
22581639
22581646
22581651
22581653
22581655
22581659
22581662
22581663
22581665
22581667
22581672
22581674
22581675
22581678
22581682
22581683
22581684
22581685
22581690
22581694
22581703
22581709
22581710
22581713
22581714
22581719
22581726
22581728
22581754
22581756
22581759
22581761
22581762
22581765
22581768
22581770
22581774
22581787
22581800
22581804
22581805
22581815
22581816
22581827
22581830
22581831
22581842
22581864
22581865
22581908
22581936
22581967
22581968
22581969
22581970
22581971
22581972
22581973
22582051
22582052
22582053
22582054
22582055
22582056
22582057
22582058
22582059
22582060
22582061
22582062
22582063
22582064
22582065
22582066
22582067
22582068
22582069
22582070
22582071
22582072
22582073
22582074
22582075
22582076
22582077
22582162
22582173
22582174
22582175
22582179
22582180
22582183
22582184
22582202
22582203
22582205
22582206
22582211
22582212
22582213
22582214
22582215
22582217
22582218
22582341
22582342
22582418
22582707
22582712
22582720
22582725
22582726
22582732
22582741
22582749
22582762
22582764
22582770
22582803
22582810
22582813
22582817
22582826
22582832
22582845
22582860
22582866
22582879
22582899
22582900
22582901
22582905
22582946
22582971
22582975
22583034
22583040
22583042
22583056
22583061
22583072
22583076
22583082
22583099
22583102
22583106
22583115
22583120
22583123
22583140
22583159
22583165
22583201
22583321
22583322
22583323
22583324
22583325
22583326
22583327
22583328
22583329
22583334
22583338
22583352
22583368
22583377
22583387
22583392
22583395
22583396
22583428
22583429
22583430
22583431
22583432
22583433
22583434
22583435
22583436
22583437
22583438
22583439
22583440
22583441
22583442
22583443
22583444
22583446
22583447
22583480
22583513
22583514
22583520
22583538
22583543
22583544
22583549
22583551
22583552
22583559
22583560
22583561
22583562
22583566
22583568
22583569
22583570
22583571
22583572
22583578
22583579
22583593
22583594
22583607
22583614
22583633
22583648
22583649
22583650
22583651
22583652
22583656
22583657
22583663
22583664
22583667
22583669
22583670
22583677
22583679
22583682
22583687
22583689
22583698
22583703
22583737
22583742
22583744
22583750
22583751
22583755
22583760
22583767
22583775
22583783
22583784
22583786
22583791
22583792
22583793
22583794
22583796
22583797
22583798
22583806
22583813
22583815
22583821
22583831
22583838
22583842
22583843
22583845
22583846
22583847
22583848
22583849
22583850
22583851
22583858
22583861
22583863
22583867
22583904
22583906
22583907
22583917
22583931
22583933
22583951
22583953
22583958
22583964
22583968
22583984
22584002
22584004
22584007
22584008
22584009
22584014
22584015
22584020
22584021
22584027
22584028
22584029
22584034
22584037
22584038
22584042
22584043
22584062
22584063
22584064
22584082
22584084
22584085
22584102
22584105
22584107
22584122
22584123
22584136
22584143
22584144
22584157
22584223
22584224
22584226
22584230
22584235
22584252
22584253
22584254
22584255
22584257
22584258
22584259
22584260
22584264
22584265
22584267
22584268
22584281
22584292
22584299
22584377
22584378
22584379
22584380
22584411
22584415
22584424
22584425
22584429
22584457
22584462
22584475
22584477
22584486
22584487
22584489
22584508
22584521
22584531
22584540
22584541
22584550
22584554
22584555
22584560
22584605
22584618
22584625
22584627
22584633
22584634
22584684
22584685
22584686
22584687
22584689
22584690
22584695
22584697
22584698
22584699
22584700
22584701
22584702
22584703
22584704
22584705
22584706
22584707
22584708
22584709
22584710
22584711
22584712
22584713
22584714
22584715
22584716
22584717
22584718
22584719
22584720
22584721
22584722
22584723
22584724
22584725
22584726
22584727
22584729
22584754
22584775
22584778
22584786
22584788
22584791
22584797
22584800
22584816
22584822
22584823
22584824
22584827
22584850
22584851
22584867
22584870
22584871
22584873
22584874
22584875
22584878
22584879
22584882
22584883
22584910
22584946
22584947
22584949
22584953
22584956
22584960
22584961
22584962
22584967
22584968
22584969
22584970
22584971
22584972
22584973
22584974
22584975
22584976
22584977
22584978
22584979
22584984
22584985
22584986
22584987
22584988
22584989
22584990
22584991
22584992
22585005
22585030
22585031
22585035
22585037
22585038
22585039
22585040
22585051
22585084
22585085
22585114
22585136
22585139
22585140
22585141
22585142
22585149
22585150
22585151
22585166
22585167
22585168
22585169
22585170
22585171
22585172
22585173
22585174
22585175
22585178
22585179
22585231
22585232
22585233
22585280
22585289
22585305
22585313
22585317
22585337
22585338
22585339
22585340
22585343
22585348
22585349
22585351
22585353
22585355
22585356
22585359
22585361
22585362
22585366
22585369
22585371
22585377
22585378
22585384
22585386
22585391
22585399
22585400
22585405
22585406
22585407
22585421
22585422
22585443
22585447
22585448
22585459
22585464
22585469
22585470
22585534
22585549
22585551
22585552
22585562
22585563
22585565
22585578
22585580
22585585
22585595
22585600
22585602
22585603
22585622
22585661
22585662
22585666
22585670
22585671
22585672
22585673
22585674
22585676
22585681
22585682
22585684
22585706
22585707
22585709
22585710
22585712
22585713
22585738
22585752
22585757
22585760
22585835
22585836
22585837
22585839
22585840
22585841
22585856
22585857
22585858
22585859
22585860
22585861
22585863
22585864
22585865
22585866
22585867
22585868
22585869
22585870
22585871
22585873
22585948
22585952
22585953
22585954
22585955
22585956
22585957
22585958
22585959
22585969
22585973
22585974
22585975
22585977
22585978
22585979
22585993
22585994
22585995
22585996
22585997
22585998
22585999
22586000
22586001
22586005
22586067
22586069
22586070
22586071
22586072
22586073
22586135
22586141
22586152
22586158
22586160
22586164
22586167
22586168
22586169
22586171
22586173
22586175
22586177
22586184
22586185
22586186
22586192
22586193
22586194
22586195
22586196
22586197
22586198
22586199
22586200
22586201
22586202
22586205
22586206
22586213
22586214
22586215
22586217
22586218
22586219
22586222
22586224
22586225
22586226
22586227
22586238
22586239
22586331
22586335
22586599
22586600
22586601
22586610
22586611
22586639
22586640
22586641
22586652
22586653
22586658
22586659
22586727
22586729
22586730
22586731
22587014
22587016
22587026
22587224
22587231
22587300
22587305
22587332
22587338
22587340
22587342
22587364
22587365
22587369
22587370
22587380
22587387
22587392
22587394
22587396
22587398
22587411
22587422
22587431
22587444
22587469
22587480
22587511
22587514
22587516
22587541
22587560
22587570
22587587
22587598
22587599
22587600
22587610
22587621
22587624
22587634
22587653
22587662
22587663
22587664
22587667
22587679
22587683
22587684
22587688
22587691
22587709
22587726
22587734
22587751
22587773
22587774
22587776
22587811
22587812
22587837
22587838
22587883
22587889
22587890
22587931
22587932
22587936
22587937
22587941
22587953
22587986
22587987
22587988
22588002
22588003
22588005
22588010
22588029
22588030
22588048
22588063
22588070
22588071
22588073
22588075
22588076
22588083
22588090
22588110
22588111
22588112
22588128
22588129
22588130
22588131
22588149
22588162
22588163
22588167
22588177
22588198
22588199
22588204
22588229
22588231
22588239
22588244
22588257
22588258
22588259
22588260
22588261
22588268
22588269
22588271
22588272
22588273
22588274
22588278
22588279
22588307
22588316
22588320
22588321
22588322
22588326
22588327
22588328
22588333
22588335
22588336
22588338
22588339
22588340
22588341
22588342
22588351
22588363
22588378
22588381
22588382
22588462
22588473
22588479
22588505
22588506
22588508
22588509
22588510
22588518
22588519
22588534
22588535
22588562
22588570
22588573
22588574
22588582
22588583
22588584
22588585
22588586
22588587
22588588
22588590
22588597
22588615
22588620
22588625
22588626
22588627
22588628
22588636
22588640
22588647
22588648
22588649
22588661
22588662
22588666
22588672
22588673
22588681
22588682
22588689
22588696
22588731
22588732
22588784
22588788
22588791
22588792
22588793
22588795
22588796
22588800
22588833
22588838
22588845
22588846
22588853
22588897
22588902
22588948
22588949
22588950
22588965
22588974
22588975
22588976
22588982
22588999
22589081
22589120
22589138
22589170
22589197
22589223
22589231
22589238
22589243
22589247
22589255
22589257
22589259
22589260
22589261
22589264
22589265
22589266
22589267
22589296
22589297
22589331
22589332
22589378
22589408
22589411
22589412
22589414
22589434
22589440
22589445
22589446
22589455
22589556
22589557
22589558
22589720
22590724
22590725
22590985
22590990
22590995
22591013
22591017
22591029
22591031
22591032
22591033
22591052
22591054
22591064
22591075
22591105
22591110
22591122
22591124
22591135
22591159
22591161
22591163
22591165
22591167
22591189
22591191
22591192
22591201
22591210
22591211
22591214
22591222
22591236
22591237
22591239
22591247
22591252
22591262
22591265
22591270
22591277
22591289
22591312
22591314
22591321
22591330
22591337
22591353
22591360
22591361
22591362
22591363
22591364
22591365
22591366
22591367
22591368
22591369
22591370
22591371
22591375
22591383
22591384
22591385
22591386
22591387
22591388
22591389
22591390
22591399
22591401
22591406
22591417
22591418
22591419
22591420
22591421
22591422
22591423
22591424
22591425
22591429
22591439
22591440
22591453
22591456
22591458
22591459
22591460
22591484
22591490
22591509
22591515
22591544
22591550
22591568
22591571
22591572
22591579
22591582
22591592
22591594
22591602
22591618
22591621
22591627
22591628
22591631
22591634
22591638
22591642
22591643
22591644
22591645
22591646
22591648
22591650
22591659
22591660
22591668
22591669
22591670
22591671
22591672
22591673
22591675
22591682
22591687
22591688
22591689
22591697
22591699
22591704
22591719
22591720
22591721
22591722
22591723
22591724
22591725
22591727
22591734
22591742
22591743
22591756
22591760
22591763
22591764
22591769
22591770
22591771
22591779
22591780
22591781
22591790
22591792
22591793
22591808
22591814
22591829
22591835
22591848
22591849
22591850
22591853
22591854
22591855
22591857
22591859
22591860
22591861
22591912
22591913
22591921
22591952
22591987
22591996
22591997
22592040
22592041
22592043
22592045
22592046
22592048
22592049
22592057
22592081
22592082
22592116
22592122
22592123
22592128
22592131
22592149
22592154
22592156
22592163
22592165
22592179
22592180
22592209
22592215
22592289
22592291
22592302
22592303
22592304
22592305
22592306
22592307
22592308
22592309
22592310
22592311
22592326
22592327
22592328
22592329
22592330
22592336
22592385
22592386
22592393
22592397
22592442
22592451
22592452
22592453
22592457
22592485
22592495
22592496
22592497
22592514
22592515
22592516
22592517
22592518
22592519
22592520
22592521
22592522
22592523
22592535
22592536
22592539
22592544
22592546
22592549
22592595
22592596
22592600
22592602
22592605
22592624
22592627
22592631
22592633
22592644
22592652
22592655
22592656
22592657
22592659
22592662
22592663
22592664
22592665
22592667
22592761
22592762
22592771
22592772
22592803
22592807
22592808
22592858
22592859
22592860
22592861
22592865
22592882
22592891
22592892
22592909
22592911
22592913
22592914
22592915
22592917
22592918
22592920
22592921
22592922
22592923
22592924
22592926
22592930
22592939
22592948
22592953
22592954
22592956
22592968
22592970
22592972
22592973
22592977
22592997
22592999
22593002
22593003
22593004
22593005
22593008
22593010
22593014
22593015
22593016
22593017
22593018
22593019
22593020
22593021
22593022
22593025
22593028
22593031
22593037
22593038
22593040
22593091
22593093
22593094
22593095
22593096
22593097
22593098
22593099
22593100
22593103
22593104
22593105
22593106
22593107
22593108
22593109
22593110
22593111
22593112
22593113
22593149
22593150
22593151
22593152
22593153
22593154
22593155
22593156
22593157
22593158
22593159
22593160
22593161
22593162
22593163
22593164
22593166
22593167
22593168
22593169
22593170
22593171
22593172
22593173
22593174
22593175
22593176
22593182
22593183
22593207
22593209
22593211
22593228
22593235
22593253
22593429
22593430
22593431
22593432
22593551
22593556
22593561
22593562
22593563
22593564
22593592
22593593
22593594
22593595
22593596
22593597
22593598
22593599
22593600
22593601
22593602
22594307
22594310
22594342
22594344
22594349
22594371
22594372
22594374
22594378
22594431
22594446
22594447
22594449
22594453
22594463
22594465
22594467
22594468
22594469
22594470
22594471
22594472
22594473
22594474
22594475
22594476
22594478
22594480
22594486
22594492
22594495
22594500
22594501
22594502
22594505
22594506
22594507
22594508
22594509
22594510
22594511
22594512
22594513
22594514
22594538
22594539
22594550
22594558
22594575
22594581
22594583
22594584
22594606
22594617
22594619
22594620
22594624
22594628
22594637
22594639
22594651
22594653
22594656
22594659
22594661
22594662
22594666
22594672
22594674
22594680
22594682
22594685
22594692
22594699
22594708
22594713
22594730
22594766
22594780
22594783
22594790
22594803
22594827
22594828
22594829
22594830
22594831
22594832
22594833
22594839
22594880
22594909
22594912
22594915
22594916
22594919
22594927
22594934
22594945
22594952
22594953
22594959
22594960
22594962
22594964
22594966
22594993
22594994
22594995
22594996
22594997
22594998
22594999
22595000
22595001
22595002
22595003
22595004
22595005
22595006
22595014
22595019
22595020
22595021
22595022
22595023
22595024
22595027
22595031
22595033
22595036
22595039
22595041
22595082
22595083
22595085
22595093
22595097
22595101
22595102
22595131
22595132
22595134
22595152
22595172
22595184
22595185
22595189
22595191
22595196
22595198
22595199
22595200
22595202
22595229
22595230
22595232
22595233
22595240
22595241
22595242
22595243
22595244
22595245
22595259
22595260
22595261
22595262
22595287
22595288
22595289
22595290
22595297
22595300
22595312
22595313
22595325
22595326
22595328
22595329
22595330
22595331
22595333
22595338
22595339
22595340
22595341
22595349
22595350
22595362
22595365
22595367
22595371
22595374
22595400
22595401
22595423
22595425
22595440
22595446
22595454
22595492
22595496
22595497
22595504
22595526
22595528
22595529
22595538
22595539
22595611
22595639
22595640
22595653
22595655
22595657
22595658
22595659
22595660
22595682
22595689
22595699
22595723
22595724
22595740
22595741
22595742
22595748
22595751
22595755
22595758
22595766
22595770
22595773
22595792
22595797
22595801
22595803
22595804
22595805
22595806
22595807
22595808
22595825
22595828
22595829
22595831
22595836
22595838
22595839
22595865
22595868
22595870
22595871
22595957
22595958
22595960
22595961
22595965
22595967
22595976
22595979
22596038
22596040
22596043
22596048
22596051
22596054
22596059
22596065
22596066
22596067
22596069
22596072
22596079
22596086
22596096
22596097
22596099
22596100
22596101
22596102
22596166
22596176
22596188
22596206
22596207
22596216
22596220
22596223
22596256
22596265
22596266
22596269
22596317
22596352
22596353
22596355
22596356
22596357
22596931
22597574
22597575
22597576
22597577
22597578
22597579
22597705
22597706
22599583
22600734
22600735
22600737
22600738
22600739
22600740
22600742
22603978
22604448
22604449
22604769
22604770
22604771
22604772
22604773
22604774
22604882
22604883
22604884
22604885
22604886
22604887
22604888
22604889
22604890
22604891
22605019
22605020
22605021
22605022
22605023
22605266
22605405
22605406
22605463
22605480
22605513
22605520
22605527
22605533
22605536
22605537
22605538
22605541
22605543
22605544
22605548
22605559
22605561
22605562
22605563
22605567
22605569
22605575
22605580
22605613
22605615
22605620
22605624
22605626
22605628
22605629
22605630
22605631
22605632
22605633
22605635
22605638
22605659
22605667
22605686
22605785
22605786
22605791
22605914
22605915
22605916
22605917
22605918
22605919
22605920
22605921
22605922
22605923
22605924
22605925
22605926
22605927
22605928
22605929
22605930
22605931
22605932
22605933
22605934
22605935
22605936
22605937
22605938
22606934
22606952
22606956
22606959
22606962
22606964
22606966
22606970
22606971
22606978
22606979
22606980
22607024
22607025
22607032
22607040
22607043
22607045
22607047
22607048
22607053
22607059
22607060
22607063
22607065
22607082
22607095
22607098
22607100
22607105
22607106
22607110
22607116
22607124
22607125
22607128
22607132
22607139
22607160
22607161
22607165
22607169
22607188
22607200
22607211
22607212
22607213
22607214
22607215
22607224
22607225
22607227
22607229
22607260
22607266
22607273
22607278
22607312
22607313
22607319
22607324
22607328
22607329
22607333
22607334
22607335
22607336
22607337
22607338
22607339
22607340
22607341
22607342
22607343
22607348
22607351
22607362
22607363
22607364
22607368
22607369
22607374
22607375
22607376
22607382
22607390
22607397
22607449
22607459
22607460
22607461
22607474
22607476
22607487
22607492
22607497
22607515
22607516
22607517
22607520
22607545
22607549
22607551
22607554
22607578
22607587
22607611
22607622
22607623
22607636
22607640
22607665
22607687
22607698
22607700
22607701
22607702
22607703
22607727
22607735
22607740
22607741
22607763
22607770
22607774
22607777
22607784
22607791
22607792
22607812
22607828
22607829
22607830
22607834
22607877
22607878
22607879
22607880
22607881
22607882
22607883
22607887
22607906
22607908
22607909
22607956
22607957
22607962
22607968
22607969
22607972
22607977
22607978
22607979
22607980
22607983
22607984
22607986
22607994
22608002
22608004
22608006
22608023
22608024
22608025
22608026
22608027
22608034
22608058
22608063
22608080
22608087
22608094
22608116
22608130
22608132
22608133
22608134
22608136
22608137
22608138
22608152
22608158
22608163
22608170
22608172
22608180
22608183
22608184
22608191
22608210
22608211
22608243
22608244
22608245
22608246
22608248
22608249
22608250
22608277
22608290
22608293
22608295
22608299
22608347
22608349
22608351
22608355
22608357
22608358
22608359
22608363
22608364
22608365
22608368
22608369
22608370
22608465
22608466
22608469
22608471
22608473
22608474
22608475
22608476
22608477
22608478
22608479
22608480
22608481
22608483
22608485
22608486
22608487
22608489
22608494
22608495
22608496
22608497
22608504
22608505
22608514
22608515
22608516
22608517
22608518
22608519
22608520
22608521
22608522
22608523
22608524
22608525
22608526
22608528
22608529
22608531
22608533
22608545
22608556
22608557
22608558
22608559
22608560
22608561
22608562
22608563
22608564
22608569
22608574
22608671
22608674
22608675
22608676
22608677
22608681
22608683
22608685
22608686
22608687
22608688
22608689
22608690
22608691
22608692
22608695
22608698
22608701
22608705
22608707
22608708
22608713
22608760
22608761
22608762
22608763
22608770
22608771
22608773
22608784
22608785
22608788
22608791
22608792
22608824
22608834
22608839
22608840
22608841
22608842
22608843
22608854
22608855
22608856
22608858
22608859
22608860
22608861
22608862
22608879
22608887
22608889
22608890
22608901
22608903
22608905
22608906
22608907
22608909
22608911
22608912
22608919
22608920
22608921
22608922
22608926
22608928
22608936
22608937
22608938
22608952
22608955
22608958
22608969
22608970
22608971
22608988
22609004
22609006
22609015
22609016
22609020
22609021
22609023
22609024
22609025
22609027
22609029
22609038
22609041
22609042
22609043
22609048
22609053
22609054
22609055
22609056
22609071
22609073
22609074
22609075
22609076
22609084
22609087
22609096
22609097
22609099
22609100
22609113
22609117
22609118
22609119
22609122
22609125
22609126
22609127
22609128
22609130
22609131
22609132
22609133
22609142
22609145
22609149
22609154
22609162
22609182
22609184
22609185
22609194
22609216
22609217
22609218
22609219
22609225
22609228
22609231
22609232
22609235
22609236
22609245
22609246
22609248
22609249
22609250
22609256
22609258
22609259
22609260
22609265
22609266
22609267
22609269
22609275
22609276
22609280
22609285
22609286
22609287
22609288
22609289
22609290
22609291
22609292
22609298
22609299
22609300
22609302
22609303
22609312
22609313
22609320
22609321
22609322
22609323
22609326
22609328
22609333
22609334
22609335
22609337
22609338
22609349
22609351
22609352
22609359
22609360
22609362
22609364
22609373
22609374
22609375
22609376
22609377
22609378
22609380
22609397
22609415
22609420
22609421
22609423
22609424
22609425
22609427
22609429
22609430
22609442
22609443
22609444
22609445
22609446
22609448
22609449
22609450
22609451
22609453
22609462
22609463
22609466
22609467
22609471
22609474
22609475
22609476
22609477
22609485
22609487
22609489
22609490
22609491
22609492
22609493
22609495
22609498
22609499
22609500
22609501
22609502
22609503
22609504
22609505
22609506
22609507
22609508
22609509
22609510
22609511
22609515
22609516
22609518
22609519
22609520
22609522
22609529
22609530
22609535
22609537
22609538
22609539
22609540
22609563
22609564
22609573
22609574
22609575
22609576
22609577
22609578
22609579
22609580
22609611
22609631
22609633
22609634
22609635
22609680
22609684
22609685
22609690
22609691
22609694
22609725
22609726
22609727
22609736
22609746
22609749
22609750
22609751
22609752
22609753
22609754
22609755
22609756
22609758
22609759
22609760
22609761
22609762
22609763
22609765
22609766
22609780
22609793
22609794
22609795
22609796
22609797
22609798
22609804
22609806
22609810
22609812
22609820
22609821
22609824
22609827
22609828
22609832
22609833
22609840
22609847
22609850
22609864
22609879
22609893
22609896
22609897
22609930
22609931
22609932
22609933
22609934
22609935
22609936
22609937
22609938
22609939
22609940
22609941
22609942
22609957
22609960
22609964
22609965
22609966
22609971
22609976
22609988
22609999
22610000
22610002
22610003
22610006
22610007
22610009
22610010
22610040
22610042
22610043
22610044
22610049
22610050
22610051
22610052
22610053
22610054
22610055
22610065
22610084
22610085
22610088
22610102
22610103
22610129
22610131
22610149
22610150
22610155
22610156
22610157
22610158
22610159
22610160
22610161
22610162
22610163
22610168
22610257
22610264
22610265
22610266
22610274
22610307
22610309
22610314
22610342
22610358
22610360
22610363
22610364
22610365
22610374
22610375
22610383
22610384
22610385
22610387
22610400
22610403
22610406
22610424
22610425
22610426
22610427
22610428
22610429
22610430
22610431
22610432
22610433
22610434
22610435
22610436
22610437
22610438
22610439
22610444
22610445
22610446
22610447
22610448
22610454
22610458
22610459
22610460
22610465
22610471
22610475
22610476
22610482
22610486
22610487
22610493
22610504
22610516
22610517
22610519
22610523
22610526
22610527
22610528
22610529
22610530
22610531
22610532
22610533
22610534
22610539
22610542
22610545
22610548
22610585
22610606
22610646
22610649
22610652
22610653
22610658
22610661
22610669
22610695
22610716
22610717
22610718
22610721
22610726
22610729
22610745
22610750
22610752
22610753
22610758
22610759
22610760
22610761
22610762
22610763
22610764
22610765
22610766
22610767
22610768
22610769
22610770
22610771
22610772
22610773
22610774
22610775
22610776
22610778
22610780
22610782
22610784
22610792
22610796
22610797
22610818
22610823
22610826
22610830
22610852
22610854
22610855
22610856
22610858
22610859
22610860
22610861
22610862
22610863
22610864
22610865
22610866
22610867
22610868
22610869
22610870
22610871
22610872
22610873
22610874
22610876
22610879
22610882
22610884
22610885
22610887
22610888
22610889
22610890
22610906
22610915
22610919
22610934
22610935
22610936
22610937
22610938
22610939
22610940
22610942
22610943
22610944
22610966
22610967
22610971
22610972
22610976
22610977
22610981
22610995
22610996
22610999
22611020
22611021
22611024
22611040
22611042
22611047
22611049
22611065
22611067
22611068
22611092
22611114
22611120
22611128
22611138
22611140
22611141
22611145
22611147
22611156
22611165
22611166
22611178
22611179
22611181
22611182
22611183
22611184
22611185
22611186
22611234
22611251
22612068
22612069
22612071
22612158
22612159
22612230
22612236
22612237
22612250
22612256
22612259
22612261
22612267
22612272
22612276
22612284
22612289
22612322
22612332
22612348
22612359
22612360
22612387
22612391
22612407
22612408
22612411
22612418
22612424
22612427
22612451
22612452
22612461
22612463
22612467
22612468
22612501
22612502
22612533
22612537
22612540
22612562
22612565
22612568
22612573
22612574
22612575
22612576
22612577
22612578
22612580
22612582
22612589
22612599
22612602
22612621
22612625
22612634
22612656
22612657
22612658
22612665
22612667
22612670
22612696
22612697
22612698
22612699
22612700
22612701
22612702
22612703
22612704
22612705
22612706
22612707
22612708
22612710
22612711
22612712
22612717
22612720
22612722
22612723
22612730
22612736
22612765
22612777
22612788
22612789
22612794
22612797
22612822
22612823
22612824
22612825
22612827
22612828
22612829
22612830
22612831
22612832
22612833
22612834
22612835
22612836
22612837
22612838
22612839
22612840
22612841
22612842
22612843
22612844
22612845
22612856
22612858
22612862
22612869
22612880
22612881
22612900
22612901
22612904
22612907
22612908
22612910
22612913
22612983
22612992
22612995
22613011
22613012
22613013
22613029
22613030
22613037
22613041
22613054
22613055
22613059
22613062
22613063
22613065
22613070
22613072
22613073
22613083
22613084
22613089
22613090
22613091
22613092
22613094
22613098
22613130
22613131
22613132
22613133
22613136
22613169
22613171
22613176
22613184
22613185
22613186
22613187
22613188
22613197
22613199
22613200
22613206
22613207
22613208
22613212
22613213
22613214
22613215
22613216
22613217
22613219
22613228
22613231
22613255
22613258
22613260
22613262
22613263
22613264
22613265
22613267
22613268
22613271
22613272
22613273
22613342
22613348
22613350
22613355
22613358
22613361
22613362
22613363
22613364
22613365
22613366
22613368
22613371
22613458
22613459
22613471
22613486
22613488
22613490
22613492
22613493
22613494
22613496
22613502
22613503
22613504
22613509
22613512
22613513
22613561
22613572
22613584
22613585
22613619
22613620
22613621
22613629
22613633
22613634
22613668
22613673
22613676
22613679
22613680
22613691
22613692
22613695
22613702
22613703
22613707
22613729
22613730
22613731
22613732
22613736
22613737
22613745
22613758
22613766
22613773
22613774
22613782
22613788
22613790
22613792
22613799
22613801
22613802
22613803
22613804
22613807
22613808
22613817
22613818
22613826
22613827
22613829
22613837
22613838
22613839
22613840
22613868
22613869
22613876
22613884
22613937
22613938
22613949
22613951
22613952
22613958
22613959
22613961
22613997
22614023
22614034
22614035
22614036
22614041
22614042
22614043
22614044
22614053
22614054
22614058
22614073
22614074
22614102
22614104
22614105
22614107
22614122
22614129
22614133
22614137
22614138
22614139
22614140
22614141
22614142
22614143
22614144
22614145
22614146
22614147
22614148
22614149
22614150
22614153
22614158
22614159
22614160
22614169
22614176
22614177
22614178
22614180
22614181
22614218
22614234
22614242
22614243
22614245
22614251
22614255
22614256
22614265
22614270
22614286
22614293
22614294
22614304
22614305
22614306
22614307
22614308
22614309
22614311
22614313
22614314
22614315
22614322
22614323
22614324
22614336
22614339
22614341
22614439
22614448
22614450
22614453
22614454
22614455
22614456
22614457
22614458
22614459
22614460
22614463
22614467
22614515
22614517
22614518
22614519
22614525
22614526
22614527
22614529
22614530
22614535
22614536
22614537
22614568
22614575
22614618
22614623
22614628
22614640
22614641
22614647
22614648
22614649
22614653
22614654
22614672
22614676
22614677
22614680
22614683
22614697
22614704
22614705
22614709
22614710
22614712
22614719
22614720
22614742
22614743
22614749
22614753
22614754
22614758
22614784
22614786
22614794
22614796
22614797
22614799
22614802
22614805
22614806
22614809
22614825
22614826
22614868
22614869
22614870
22614873
22614882
22614888
22614889
22614898
22614900
22614912
22614916
22614917
22614918
22614921
22614924
22614926
22614938
22614944
22614950
22614954
22614996
22615001
22615014
22615017
22615019
22615020
22615021
22615022
22615034
22615036
22615037
22615038
22615039
22615040
22615044
22615045
22615046
22615063
22615070
22615104
22615126
22615136
22615138
22615143
22615144
22615145
22615146
22615164
22615173
22615176
22615183
22615189
22615192
22615196
22615197
22615198
22615201
22615210
22615212
22615216
22615218
22615234
22615235
22615238
22615239
22615255
22615260
22615261
22615263
22615265
22615267
22615268
22615271
22615297
22615298
22615324
22615346
22615356
22615416
22615428
22615430
22615432
22615433
22615434
22615436
22615437
22615438
22615456
22615458
22615459
22615484
22615487
22615495
22615496
22615529
22615530
22615531
22615532
22615829
22615830
22615831
22615832
22615833
22615834
22615835
22615836
22615837
22615838
22615839
22615840
22615841
22615842
22615843
22615844
22615845
22615846
22615847
22615848
22615849
22615850
22615851
22615852
22615853
22615854
22615855
22615856
22615857
22615858
22615859
22615860
22615861
22615862
22615863
22615864
22615865
22615866
22615867
22615868
22615869
22615870
22615871
22615872
22615873
22615874
22615875
22615876
22615877
22615878
22615879
22615880
22615881
22615882
22615883
22615884
22615885
22615886
22615887
22615888
22615889
22615890
22615891
22615892
22615893
22615894
22615895
22615896
22615897
22615898
22615899
22615900
22615901
22615902
22615903
22615904
22615905
22615906
22615907
22615908
22615909
22615910
22615911
22615912
22615913
22615914
22615915
22615916
22615917
22615918
22615919
22615920
22615921
22615922
22615923
22615924
22615925
22615926
22615927
22615928
22616041
22616042
22616043
22616044
22616045
22616046
22616047
22616048
22616049
22616050
22616051
22616052
22616053
22616054
22616055
22616056
22616057
22616058
22616059
22616060
22616061
22616062
22616063
22616064
22616065
22616066
22616067
22616068
22616069
22616106
22616107
22616488
22616489
22616490
22616491
22616492
22616493
22616494
22616495
22616496
22616497
22616498
22616499
22616500
22616501
22616502
22616503
22616552
22616553
22616561
22616563
22616570
22616575
22616576
22616580
22616612
22616617
22616622
22616626
22616632
22616637
22616639
22616646
22616649
22616667
22616668
22616675
22616718
22616722
22616735
22616748
22616749
22616751
22616764
22616779
22616780
22616794
22616797
22616803
22616804
22616818
22616820
22616825
22616832
22616833
22616834
22616840
22616843
22616852
22616907
22616908
22616909
22616910
22616911
22616939
22616941
22616946
22616951
22616954
22616958
22616974
22616976
22616977
22616978
22616982
22616988
22617000
22617017
22617025
22617026
22617028
22617046
22617051
22617107
22617108
22617109
22617110
22617121
22617122
22617123
22617124
22617127
22617148
22617168
22617186
22617190
22617191
22617193
22617223
22617231
22617232
22617249
22617250
22617251
22617277
22617280
22617301
22617310
22617319
22617326
22617336
22617349
22617350
22617351
22617352
22617353
22617355
22617356
22617357
22617358
22617359
22617360
22617361
22617362
22617363
22617364
22617365
22617366
22617367
22617368
22617375
22617380
22617381
22617431
22617434
22617444
22617473
22617475
22617484
22617485
22617499
22617500
22617501
22617502
22617503
22617504
22617505
22617506
22617507
22617508
22617509
22617510
22617511
22617512
22617521
22617522
22617549
22617550
22617648
22617649
22617650
22617684
22617685
22617689
22617701
22617702
22617705
22617706
22617707
22617708
22617712
22617713
22617716
22617717
22617720
22617722
22617723
22617725
22617740
22617741
22617742
22617751
22617752
22617753
22617754
22617755
22617757
22617758
22617772
22617773
22617774
22617775
22617776
22617791
22617794
22617795
22617802
22617803
22617804
22617807
22617808
22617809
22617810
22617811
22617812
22617816
22617817
22617827
22617834
22617837
22617840
22617855
22617875
22617941
22617942
22617943
22617944
22617945
22617946
22617947
22617948
22617949
22617957
22617958
22617959
22617993
22617994
22617995
22618017
22618020
22618021
22618022
22618079
22618090
22618091
22618092
22618093
22618095
22618193
22618194
22618195
22618200
22618201
22618202
22618210
22618211
22618237
22618238
22618239
22618240
22618246
22618272
22618301
22618310
22618377
22618408
22618435
22618436
22618456
22618518
22618520
22618521
22618522
22618523
22618526
22618527
22618528
22618529
22618530
22618531
22618556
22618563
22618566
22618568
22618574
22618590
22618593
22618594
22618595
22618597
22618602
22618605
22618636
22618667
22618690
22618715
22618718
22618736
22618737
22618738
22618762
22618783
22618784
22618785
22618786
22618787
22618788
22618789
22618790
22618791
22618792
22618793
22618794
22618795
22618800
22618801
22618802
22618804
22618812
22618832
22618833
22618861
22618862
22618868
22618869
22618871
22618872
22618874
22618877
22618878
22618880
22618881
22618883
22618884
22618888
22618889
22618890
22618951
22618952
22618954
22618958
22618959
22618962
22618967
22618988
22618989
22618990
22618995
22618996
22619000
22619004
22619023
22619024
22619027
22619043
22619044
22619045
22619049
22619051
22619057
22619067
22619069
22619082
22619083
22619086
22619088
22619090
22619094
22619107
22619110
22619111
22619149
22619150
22619183
22619188
22619210
22619212
22619214
22619218
22619219
22619251
22619252
22619253
22619254
22619255
22619256
22619257
22619274
22619275
22619305
22619308
22619341
22619398
22619399
22619489
22619490
22619491
22619492
22619493
22619494
22619495
22619496
22619497
22619498
22619499
22619500
22619798
22619799
22619800
22619801
22619802
22619803
22619804
22619805
22619806
22619807
22619808
22619809
22619810
22620259
22620266
22620268
22620276
22620278
22620282
22620289
22620490
22620497
22620974
22620975
22620977
22620979
22620980
22620982
22621161
22621180
22621208
22621209
22621210
22621211
22621227
22621228
22621229
22621230
22621231
22621232
22621233
22621234
22621255
22621260
22621261
22621262
22621263
22621264
22621282
22621283
22621285
22621288
22621305
22621312
22621313
22621314
22621316
22621317
22621324
22621330
22621337
22621342
22621364
22621365
22621366
22621367
22621377
22621379
22621390
22621399
22621407
22621411
22621616
22621621
22621624
22621661
22621672
22621674
22621675
22621678
22621690
22621698
22621701
22621704
22621711
22621713
22621715
22621716
22621724
22621726
22621745
22621746
22621749
22621752
22621754
22621755
22621756
22621757
22621758
22621761
22621762
22621778
22621779
22621780
22621782
22621783
22621800
22621802
22621803
22621806
22621827
22621832
22621834
22621838
22621839
22621840
22621841
22621842
22621843
22621852
22621857
22621858
22621859
22621862
22621865
22621876
22621878
22621883
22621896
22621897
22621898
22621899
22621900
22621901
22621902
22621903
22621904
22621909
22621916
22621917
22621940
22621943
22621944
22621945
22621946
22621947
22621948
22621949
22621950
22621951
22621952
22621962
22621970
22621973
22621976
22621993
22621994
22621998
22622000
22622004
22622029
22622049
22622050
22622051
22622067
22622070
22622071
22622072
22622073
22622096
22622107
22622108
22622110
22622127
22622135
22622155
22622159
22622179
22622191
22622192
22622195
22622197
22622198
22622199
22622203
22622233
22622234
22622235
22622236
22622239
22622242
22622259
22622281
22622284
22622308
22622323
22622331
22622333
22622346
22622347
22622352
22622354
22622357
22622358
22622360
22622361
22622363
22622364
22622388
22622389
22622416
22622417
22622418
22622419
22622420
22622421
22622422
22622424
22622425
22622426
22622428
22622429
22622430
22622439
22622440
22622441
22622442
22622443
22622444
22622445
22622447
22622451
22622466
22622467
22622478
22622479
22622482
22622483
22622485
22622490
22622492
22622493
22622497
22622498
22622501
22622504
22622508
22622509
22622510
22622514
22622515
22622516
22622517
22622518
22622520
22622521
22622523
22622525
22622591
22622592
22622593
22622598
22622619
22622621
22622622
22622628
22622655
22622659
22622660
22622688
22622689
22622690
22622699
22622700
22622771
22622773
22622774
22622786
22622790
22622791
22622792
22622793
22622794
22622795
22622796
22622797
22622799
22622802
22622804
22622807
22622808
22622809
22622810
22622811
22622843
22622902
22622924
22622947
22622953
22622954
22622962
22622965
22622998
22623014
22623018
22623021
22623022
22623023
22623026
22623030
22623039
22623040
22623042
22623043
22623044
22623052
22623053
22623055
22623062
22623065
22623069
22623071
22623072
22623073
22623074
22623077
22623080
22623085
22623086
22623087
22623105
22623111
22623112
22623113
22623114
22623117
22623119
22623136
22623145
22623146
22623148
22623153
22623154
22623156
22623157
22623160
22623161
22623162
22623163
22623164
22623165
22623170
22623173
22623176
22623178
22623181
22623182
22623184
22623205
22623214
22623215
22623217
22623225
22623226
22623227
22623228
22623264
22623265
22623266
22623268
22623271
22623272
22623273
22623277
22623278
22623279
22623283
22623284
22623285
22623289
22623290
22623291
22623292
22623317
22623321
22623322
22623324
22623325
22623326
22623336
22623337
22623338
22623340
22623343
22623346
22623348
22623349
22623351
22623353
22623359
22623361
22623365
22623367
22623370
22623373
22623377
22623378
22623380
22623398
22623400
22623401
22623402
22623403
22623404
22623409
22623410
22623411
22623412
22623413
22623417
22623419
22623421
22623424
22623428
22623437
22623449
22623450
22623451
22623452
22623453
22623454
22623455
22623456
22623457
22623458
22623459
22623460
22623461
22623462
22623463
22623464
22623465
22623466
22623467
22623468
22623469
22623470
22623471
22623472
22623473
22623474
22623475
22623476
22623477
22623478
22623480
22623482
22623499
22623502
22623507
22623508
22623509
22623587
22623588
22623614
22623620
22623621
22623622
22623623
22623626
22623627
22623628
22623629
22623630
22623707
22623708
22623709
22623710
22623729
22623762
22623764
22623765
22623766
22623767
22623768
22623769
22623770
22623771
22623772
22623773
22623774
22623775
22623776
22623777
22623778
22623779
22623780
22623781
22623782
22623783
22623784
22623785
22623786
22623787
22623788
22623789
22623790
22623791
22623792
22623793
22623794
22623795
22623796
22623797
22624183
22624184
22624559
22624561
22624580
22624581
22624582
22624587
22624595
22624597
22624599
22624600
22624605
22624606
22624607
22624608
22624609
22624610
22624611
22624618
22624619
22624620
22624621
22624623
22624651
22624655
22624663
22624665
22624667
22624670
22624676
22624677
22624682
22624701
22624702
22624706
22624748
22624749
22624750
22624751
22624752
22624753
22624754
22624755
22624756
22624757
22624758
22624759
22624760
22624761
22624762
22624763
22624764
22624765
22624766
22624767
22624768
22624790
22624793
22624799
22624802
22624805
22624824
22624826
22624827
22624829
22624845
22624853
22624857
22624858
22624861
22624865
22624871
22624877
22624885
22624886
22624949
22624950
22624953
22624958
22624959
22624961
22624962
22624971
22624978
22624984
22624990
22624993
22625182
22625206
22625207
22625221
22625222
22625223
22625425
22625426
22625656
22625658
22625665
22625844
22625864
22625869
22625870
22625872
22625878
22626006
22626011
22626056
22626059
22626060
22626250
22626276
22626277
22626442
22626449
22626454
22626470
22626471
22626516
22626523
22626528
22626529
22626530
22626531
22626532
22626542
22626543
22626558
22626586
22626624
22626625
22626641
22626642
22626643
22626644
22626645
22626646
22626647
22626648
22626649
22626650
22626653
22626654
22626672
22626732
22626734
22626735
22626736
22626738
22626739
22626747
22626748
22626749
22626764
22626768
22626771
22626772
22626773
22626775
22626777
22626780
22626781
22626782
22626786
22626787
22626812
22626817
22626823
22626824
22626825
22626842
22626846
22626847
22626849
22626854
22626863
22626864
22626873
22626874
22626875
22626876
22626883
22626885
22626886
22626895
22626896
22626908
22626916
22626917
22626918
22626919
22626920
22626921
22626928
22626934
22626941
22626942
22626947
22626948
22626949
22626950
22626951
22626952
22626953
22626954
22626955
22626959
22626960
22626961
22626962
22626963
22626964
22626969
22626970
22626973
22626978
22626996
22626997
22627007
22627013
22627014
22627015
22627018
22627019
22627020
22627021
22627022
22627023
22627025
22627027
22627028
22627031
22627037
22627038
22627039
22627049
22627053
22627058
22627059
22627064
22627066
22627076
22627077
22627079
22627080
22627090
22627095
22627118
22627119
22627120
22627121
22627122
22627123
22627124
22627125
22627128
22627142
22627144
22627146
22627150
22627152
22627163
22627168
22627169
22627170
22627172
22627174
22627175
22627177
22627178
22627193
22627196
22627197
22627200
22627201
22627269
22627270
22627271
22627272
22627289
22627296
22627322
22627378
22627379
22627381
22627382
22627383
22627384
22627385
22627390
22627391
22627392
