22627463
22627466
22627492
22627494
22627505
22627506
22627509
22627511
22627513
22627514
22627517
22627523
22627526
22627555
22627558
22627572
22627574
22627576
22627577
22627581
22627590
22627591
22627612
22627613
22627615
22627618
22627624
22627644
22627646
22627647
22627654
22627658
22627659
22627662
22627663
22627666
22627673
22627676
22627677
22627678
22627682
22627697
22627699
22627736
22627739
22627740
22627742
22627747
22627751
22627758
22627780
22627801
22627807
22627808
22627809
22627834
22627845
22627846
22627847
22627848
22627863
22627867
22627868
22627869
22627870
22627871
22627872
22627873
22627881
22627883
22627901
22627902
22627904
22627908
22627921
22627947
22627948
22627956
22627957
22627958
22627959
22627967
22627999
22628000
22628010
22628013
22628015
22628022
22628023
22628052
22628074
22628076
22628087
22628088
22628091
22628111
22628116
22628123
22628136
22628159
22628160
22628163
22628164
22628174
22628181
22628182
22628184
22628193
22628200
22628203
22628204
22628209
22628211
22628212
22628213
22628214
22628215
22628216
22628218
22628221
22628223
22628224
22628225
22628226
22628227
22628228
22628229
22628230
22628231
22628232
22628233
22628234
22628235
22628236
22628237
22628238
22628239
22628243
22628247
22628248
22628250
22628255
22628266
22628269
22628286
22628290
22628371
22628373
22628374
22628375
22628376
22628377
22628378
22628379
22628381
22628449
22628463
22628464
22628465
22628466
22628467
22628468
22628469
22628470
22628471
22628472
22628473
22628474
22628475
22628476
22628477
22628478
22628480
22628481
22628482
22628483
22628484
22628485
22628486
22628542
22628543
22628613
22628614
22628615
22628616
22628617
22628618
22628619
22628659
22628660
22628662
22628663
22628664
22628665
22628667
22629294
22629295
22629296
22629297
22629298
22629299
22629300
22629301
22629302
22629303
22629304
22629305
22629306
22629307
22629308
22629309
22629310
22629311
22629312
22629313
22629314
22629315
22629316
22629317
22629318
22629319
22629320
22629321
22629322
22629323
22629324
22629325
22629326
22629327
22629328
22629329
22629330
22629331
22629332
22629333
22629334
22629335
22629336
22629337
22629338
22629339
22629340
22629341
22629342
22629343
22629344
22629345
22629346
22629347
22629348
22629349
22629350
22629351
22629352
22629353
22629354
22629355
22629356
22629357
22629358
22629359
22629360
22629361
22629362
22629363
22629364
22629365
22629366
22629367
22629368
22629369
22629370
22629371
22629372
22629373
22629374
22629375
22629376
22629377
22629378
22629379
22629380
22629381
22629382
22629383
22629384
22629385
22629386
22629387
22629388
22629389
22629390
22629391
22629392
22629393
22629394
22629395
22629396
22629397
22629398
22629399
22629400
22629401
22629402
22629403
22629404
22629405
22629406
22629407
22629408
22629409
22629410
22629411
22629412
22629413
22629414
22629415
22629416
22629417
22629418
22629419
22629420
22629421
22629422
22629423
22629424
22629425
22629426
22629427
22629428
22629429
22629430
22629431
22629432
22629433
22629434
22629435
22629436
22629437
22629438
22629439
22629440
22629441
22629442
22629443
22629444
22629445
22629446
22629447
22629448
22629449
22629450
22629451
22629452
22629453
22629454
22629455
22629456
22629457
22629458
22629459
22629460
22629461
22629462
22629463
22629464
22629465
22629466
22629467
22629468
22629469
22629470
22629471
22629472
22629573
22629574
22629575
22629576
22629577
22629579
22629580
22629581
22629582
22629583
22629584
22630043
22630046
22630057
22630058
22630129
22630134
22630135
22630137
22630141
22630144
22630145
22630148
22630149
22630150
22630151
22630152
22630153
22630154
22630155
22630156
22630328
22630354
22630368
22630589
22630596
22630607
22631032
22631054
22631055
22631056
22631057
22631058
22631059
22631060
22631061
22631062
22631063
22631064
22631065
22631066
22631067
22631068
22631069
22631070
22631071
22631072
22631075
22631214
22631216
22631221
22631226
22631427
22631445
22631452
22631601
22631602
22631606
22631628
22631629
22631630
22631631
22631632
22631633
22631634
22631635
22631636
22631637
22631638
22631639
22631640
22631641
22631642
22631643
22631644
22631645
22631646
22631647
22631648
22631649
22631650
22631651
22631652
22631653
22631654
22631655
22631656
22631657
22631658
22631659
22631660
22631661
22631662
22631663
22631664
22631665
22631666
22631667
22631668
22631669
22631670
22631671
22631672
22631673
22631674
22631675
22631676
22631677
22631678
22631679
22631680
22631681
22631682
22631683
22631684
22631685
22631686
22631687
22631858
22631870
22631877
22632030
22632032
22632054
22632058
22632065
22632092
22632093
22632095
22632103
22632110
22632112
22632124
22632125
22632130
22632132
22632133
22632135
22632138
22632142
22632143
22632145
22632146
22632154
22632155
22632160
22632164
22632168
22632257
22632262
22632263
22632264
22632265
22632266
22632267
22632269
22632275
22632276
22632277
22632278
22632376
22632384
22632385
22632408
22632417
22632450
22632452
22632453
22632458
22632459
22632461
22632463
22632464
22632479
22632568
22632575
22632602
22632603
22632630
22632631
22632632
22632633
22632710
22632713
22632734
22632735
22632736
22632748
22632749
22632750
22632751
22632752
22632753
22632754
22632755
22632756
22632757
22632765
22632767
22632771
22632775
22632776
22632798
22632807
22632817
22632821
22632830
22632838
22632844
22632845
22632874
22632875
22632876
22632878
22632894
22632900
22632901
22632902
22632903
22632905
22632919
22632921
22632925
22632926
22632981
22632982
22632996
22632999
22633005
22633008
22633009
22633015
22633016
22633017
22633018
22633038
22633039
22633050
22633053
22633067
22633070
22633075
22633077
22633078
22633085
22633086
22633091
22633105
22633114
22633117
22633118
22633119
22633125
22633128
22633130
22633139
22633141
22633152
22633157
22633163
22633169
22633170
22633171
22633179
22633184
22633187
22633191
22633200
22633201
22633204
22633210
22633211
22633212
22633221
22633222
22633267
22633269
22633271
22633282
22633283
22633284
22633288
22633290
22633291
22633312
22633315
22633318
22633341
22633355
22633366
22633369
22633389
22633390
22633391
22633392
22633393
22633394
22633396
22633397
22633418
22633421
22633426
22633429
22633444
22633445
22633447
22633451
22633458
22633459
22633466
22633467
22633474
22633475
22633479
22633492
22633502
22633503
22633504
22633505
22633506
22633508
22633509
22633510
22633511
22633512
22633513
22633514
22633515
22633516
22633517
22633518
22633519
22633520
22633521
22633522
22633523
22633524
22633525
22633526
22633527
22633528
22633530
22633531
22633532
22633533
22633538
22633539
22633543
22633564
22633565
22633566
22633571
22633572
22633589
22633590
22633591
22633592
22633593
22633594
22633595
22633596
22633597
22633598
22633599
22633601
22633602
22633618
22633619
22633620
22633621
22633622
22633646
22633656
22633657
22633658
22633680
22633685
22633695
22633696
22633699
22633716
22633720
22633738
22633749
22633750
22633751
22633763
22633764
22633776
22633778
22633781
22633783
22633803
22633822
22633830
22633831
22633832
22633833
22633834
22633836
22633839
22633841
22633847
22633851
22633852
22633856
22633858
22633861
22633862
22633869
22633870
22633871
22633872
22633887
22633900
22633903
22633904
22633905
22633909
22633910
22633913
22633914
22633915
22633916
22633917
22633918
22633919
22633920
22633921
22633929
22633930
22633931
22633939
22633940
22633948
22633950
22633959
22633960
22633961
22633962
22633963
22633965
22633968
22633969
22633970
22633974
22633977
22633984
22633992
22634000
22634001
22634016
22634023
22634028
22634029
22634030
22634031
22634032
22634033
22634034
22634040
22634041
22634045
22634046
22634053
22634054
22634055
22634057
22634059
22634060
22634061
22634062
22634063
22634064
22634065
22634066
22634067
22634069
22634070
22634071
22634072
22634073
22634074
22634075
22634076
22634077
22634080
22634081
22634082
22634087
22634090
22634091
22634092
22634093
22634115
22634129
22634130
22634138
22634139
22634140
22634141
22634142
22634144
22634145
22634146
22634147
22634148
22634149
22634156
22634162
22634163
22634164
22634165
22634166
22634167
22634173
22634174
22634175
22634176
22634177
22634178
22634183
22634184
22634187
22634189
22634190
22634191
22634192
22634193
22634194
22634195
22634196
22634197
22634198
22634199
22634200
22634201
22634213
22634214
22634215
22634216
22634217
22634218
22634219
22634220
22634224
22634226
22634229
22634230
22634231
22634232
22634233
22634234
22634240
22634242
22634245
22634246
22634249
22634250
22634257
22634262
22634263
22634264
22634269
22634272
22634276
22634279
22634280
22634281
22634289
22634290
22634291
22634292
22634293
22634304
22634319
22634320
22634321
22634322
22634326
22634327
22634328
22634329
22634330
22634331
22634355
22634358
22634359
22634362
22634364
22634365
22634366
22634370
22634372
22634373
22634374
22634375
22634376
22634383
22634384
22634385
22634388
22634389
22634392
22634393
22634394
22634395
22634396
22634399
22634403
22634420
22634430
22634431
22634436
22634437
22634438
22634439
22634440
22634441
22634442
22634443
22634444
22634445
22634446
22634447
22634448
22634449
22634450
22634451
22634452
22634470
22634471
22634472
22634492
22634494
22634499
22634505
22634506
22634507
22634508
22634509
22634510
22634511
22634523
22634541
22634542
22634545
22634562
22634563
22634564
22634565
22634566
22634573
22634574
22634576
22634578
22634597
22634598
22634601
22634602
22634603
22634604
22634605
22634607
22634638
22634715
22634716
22634726
22634737
22634742
22634744
22634746
22634747
22634749
22634849
22634852
22634853
22634854
22634855
22634856
22634857
22634858
22634859
22634860
22634861
22634862
22634863
22634864
22634898
22634955
22634956
22634957
22634958
22634989
22635072
22635073
22635074
22635098
22635134
22635137
22635138
22635139
22635140
22635159
22635161
22635162
22635163
22635164
22635166
22635252
22635274
22635305
22635379
22635523
22635524
22635526
22635821
22635822
22635919
22635920
22635921
22635922
22635987
22635988
22635989
22635990
22635991
22635992
22635993
22635994
22635995
22635996
22635997
22635998
22635999
22636000
22636001
22636002
22636003
22636004
22636005
22636006
22636007
22636008
22636009
22636010
22636011
22636012
22636013
22636202
22636319
22636422
22636603
22636604
22637287
22637429
22637471
22637532
22637533
22637534
22637643
22637644
22637722
22637742
22637746
22637748
22637750
22637787
22637938
22637967
22638001
22638003
22638004
22638005
22638006
22638007
22638008
22638009
22638010
22638012
22638070
22638071
22638072
22638073
22638145
22638306
22638494
22638547
22638548
22638549
22638571
22638573
22638574
22638576
22638577
22638578
22638579
22638580
22638583
22638586
22638594
22638597
22638644
22638645
22638647
22638648
22638653
22638654
22638655
22638656
22638674
22638675
22638676
22638680
22638681
22638682
22638703
22638727
22638735
22638739
22638756
22638757
22638758
22638760
22638761
22638775
22638807
22638811
22638826
22638827
22638837
22638855
22638856
22638858
22638859
22638860
22638868
22638869
22638870
22638871
22638876
22638877
22638905
22638914
22638916
22638917
22638918
22638919
22638920
22638921
22638924
22638925
22638941
22638942
22638943
22638944
22638982
22638983
22638989
22638997
22638998
22639011
22639012
22639014
22639015
22639017
22639024
22639025
22639027
22639028
22639029
22639045
22639047
22639056
22639057
22639060
22639061
22639063
22639064
22639072
22639078
22639079
22639080
22639081
22639083
22639088
22639089
22639090
22639091
22639092
22639094
22639106
22639108
22639109
22639112
22639114
22639134
22639189
22639190
22639191
22639193
22639195
22639196
22639197
22639204
22639205
22639230
22639232
22639236
22639240
22639281
22639283
22639285
22639295
22639300
22639326
22639328
22639329
22639330
22639338
22639341
22639343
22639344
22639349
22639350
22639351
22639352
22639353
22639354
22639355
22639356
22639369
22639374
22639375
22639376
22639377
22639380
22639382
22639388
22639396
22639399
22639406
22639408
22639413
22639414
22639419
22639420
22639421
22639427
22639428
22639429
22639437
22639443
22639785
22639787
22639794
22639817
22639818
22639832
22639834
22639837
22639849
22639850
22639856
22639860
22639861
22639866
22639868
22639872
22639873
22639874
22639877
22639886
22639888
22639893
22639895
22639896
22639897
22639899
22639901
22639903
22639908
22639920
22639921
22639925
22639926
22639939
22639944
22639945
22639961
22639964
22639975
22639987
22639989
22640002
22640011
22640014
22640017
22640028
22640029
22640032
22640033
22640166
22640169
22640171
22640172
22640175
22640177
22640181
22640222
22640228
22640234
22640235
22640260
22640263
22640266
22640277
22640368
22640369
22640370
22640371
22640373
22640390
22640391
22640392
22640397
22640399
22640404
22640409
22640413
22640415
22640417
22640437
22640463
22640466
22640469
22640470
22640472
22640473
22640487
22640489
22640490
22640528
22640529
22640530
22640559
22640570
22640593
22640595
22640597
22640600
22640632
22640637
22640643
22640662
22640663
22640687
22640689
22640695
22640704
22640720
22640721
22640725
22640727
22640728
22640729
22640748
22640753
22640776
22640780
22640799
22640801
22640803
22640812
22640813
22640814
22640826
22640828
22640832
22640836
22640839
22640862
22640864
22640866
22640867
22640871
22640872
22640875
22640878
22640885
22640887
22640891
22640892
22640894
22640899
22640905
22640906
22640907
22640908
22640909
22640910
22640911
22640912
22640918
22640919
22640920
22640921
22640923
22640924
22640930
22640936
22640940
22640941
22640955
22640957
22640970
22640974
22640983
22640984
22640986
22640987
22640990
22640993
22641014
22641019
22641021
22641022
22641041
22641043
22641049
22641057
22641061
22641062
22641083
22641084
22641085
22641086
22641087
22641088
22641089
22641090
22641103
22641104
22641105
22641106
22641108
22641111
22641112
22641119
22641120
22641121
22641126
22641127
22641128
22641129
22641130
22641131
22641132
22641143
22641145
22641146
22641147
22641148
22641150
22641155
22641156
22641157
22641158
22641171
22641176
22641182
22641197
22641236
22641239
22641253
22641268
22641273
22641276
22641277
22641278
22641286
22641289
22641295
22641305
22641308
22641310
22641336
22641337
22641339
22641351
22641359
22641373
22641385
22641410
22641451
22641460
22641462
22641473
22641474
22641480
22641481
22641483
22641485
22641486
22641487
22641488
22641489
22641490
22641491
22641492
22641493
22641494
22641495
22641496
22641497
22641498
22641499
22641500
22641501
22641525
22641561
22641562
22641564
22641601
22641607
22641633
22641634
22641635
22641636
22641637
22641638
22641639
22641640
22641641
22641642
22641643
22641680
22641681
22641686
22641689
22641708
22641709
22641710
22641711
22641712
22641714
22641769
22641770
22641771
22641773
22641775
22641776
22641778
22641779
22641781
22641784
22641785
22641786
22641787
22641815
22641837
22641840
22641841
22641842
22641843
22641844
22641847
22641848
22641849
22641850
22641852
22641853
22641854
22641855
22641856
22642213
22642221
22642225
22642226
22642257
22642258
22642260
22642266
22642267
22642268
22642295
22642296
22642306
22642310
22642311
22642312
22642320
22642323
22642362
22642369
22642376
22642380
22642385
22642386
22642387
22642388
22642389
22642390
22642392
22642393
22642394
22642397
22642400
22642401
22642402
22642411
22642416
22642417
22642418
22642419
22642439
22642442
22642446
22642451
22642452
22642467
22642477
22642482
22642483
22642484
22642493
22642494
22642495
22642498
22642499
22642504
22642505
22642512
22642513
22642515
22642516
22642518
22642519
22642520
22642521
22642522
22642523
22642524
22642525
22642526
22642527
22642528
22642531
22642541
22642544
22642554
22642558
22642569
22642583
22642585
22642602
22642610
22642615
22642617
22642622
22642639
22642649
22642653
22642663
22642666
22642668
22642672
22642673
22642677
22642686
22642689
22642700
22642702
22642724
22642740
22642742
22642743
22642750
22642755
22642757
22642758
22642770
22642775
22642776
22642777
22642779
22642780
22642781
22642782
22642783
22642784
22642787
22642790
22642793
22642794
22642796
22642798
22642800
22642802
22642808
22642811
22642817
22642818
22642819
22642820
22642821
22642825
22642826
22642827
22642844
22642845
22642850
22642864
22642866
22642867
22642870
22642881
22642893
22642899
22642900
22642903
22642924
22642927
22642928
22642931
22642939
22642950
22642951
22642953
22642954
22642955
22642956
22642958
22642961
22642962
22642975
22642976
22642977
22642979
22643014
22643015
22643018
22643022
22643027
22643031
22643039
22643040
22643041
22643045
22643046
22643048
22643061
22643062
22643070
22643072
22643097
22643110
22643112
22643123
22643127
22643162
22643163
22643164
22643188
22643189
22643190
22643191
22643192
22643193
22643195
22643223
22643224
22643225
22643226
22643227
22643228
22643229
22643231
22643236
22643237
22643238
22643241
22643289
22643301
22643316
22643324
22643341
22643342
22643343
22643344
22643382
22643442
22643443
22643444
22643445
22643446
22643447
22643541
22643573
22643574
22643638
22643639
22643671
22643681
22643703
22643704
22643705
22643796
22643799
22643800
22643801
22643803
22643804
22643805
22643829
22643830
22643835
22643837
22643843
22643848
22643864
22643865
22643866
22643901
22643902
22643916
22643930
22643931
22643932
22643933
22643967
22643968
22643970
22643971
22643972
22643976
22643977
22643979
22643981
22644002
22644036
22644043
22644044
22644045
22644060
22644079
22644087
22644088
22644089
22644090
22644093
22644105
22644106
22644107
22644108
22644110
22644111
22644112
22644145
22644146
22644150
22644215
22644237
22644238
22644261
22644265
22644266
22644267
22644268
22644269
22644285
22644296
22644302
22644304
22644305
22644309
22644310
22644311
22644326
22644338
22644340
22644341
22644368
22644376
22644377
22644378
22644393
22644412
22644421
22644422
22644423
22644424
22644429
22644430
22644431
22644445
22644446
22644447
22644455
22644456
22644466
22644474
22644475
22644476
22644479
22644486
22644487
22644489
22644504
22644505
22644525
22644531
22644532
22644533
22644536
22644537
22644538
22644541
22644544
22644564
22644586
22644589
22644591
22644593
22644596
22644600
22644601
22644625
22644631
22644633
22644656
22644661
22644663
22644673
22644675
22644676
22644698
22644700
22644713
22644714
22644717
22644718
22644723
22644728
22644739
22644741
22644759
22644760
22644764
22644775
22644778
22644784
22644786
22644790
22644792
22644793
22644802
22644804
22644825
22644826
22644827
22644828
22644829
22644830
22644831
22644832
22644834
22644840
22644841
22644873
22644881
22644887
22644888
22644890
22644934
22644939
22644941
22644942
22644948
22644952
22644954
22644960
22644961
22644962
22644964
22644990
22644992
22645002
22645003
22645006
22645007
22645008
22645010
22645019
22645020
22645030
22645032
22645033
22645034
22645037
22645038
22645039
22645040
22645046
22645048
22645049
22645052
22645054
22645064
22645068
22645069
22645070
22645072
22645091
22645092
22645103
22645104
22645113
22645114
22645115
22645116
22645121
22645174
22645175
22645180
22645192
22645194
22645195
22645197
22645198
22645227
22645230
22645245
22645246
22645247
22645248
22645254
22645255
22645256
22645259
22645261
22645262
22645269
22645275
22645277
22645293
22645294
22645295
22645316
22645317
22645318
22645319
22645320
22645321
22645386
22645390
22645391
22645393
22645409
22645417
22645418
22645419
22645420
22645421
22645422
22645423
22645424
22645425
22645426
22645427
22645428
22645429
22645430
22645431
22645432
22645433
22645434
22645435
22645436
22645437
22645438
22645439
22645440
22645441
22645442
22645443
22645444
22645445
22645446
22645447
22645448
22645449
22645450
22645451
22645452
22645453
22645454
22645455
22645456
22645457
22645458
22645459
22645460
22645461
22645462
22645463
22645464
22645465
22645466
22645467
22645468
22645469
22645470
22645471
22645472
22645473
22645474
22645475
22645476
22645477
22645478
22645479
22645480
22645481
22645482
22645483
22645484
22645485
22645486
22645487
22645488
22645489
22645490
22645491
22645492
22645493
22645494
22645495
22645496
22645497
22645498
22645499
22645500
22645501
22645502
22645503
22645504
22645736
22646022
22646023
22646024
22646060
22646062
22646063
22646065
22646080
22646082
22646085
22646086
22646087
22646088
22646090
22646093
22646132
22646134
22646149
22646158
22646160
22646164
22646196
22646208
22646220
22646241
22646246
22646247
22646248
22646251
22646252
22646253
22646254
22646255
22646256
22646257
22646258
22646259
22646288
22646293
22646298
22646300
22646304
22646308
22646313
22646315
22646318
22646320
22646322
22646477
22646478
22646481
22646483
22646484
22646489
22646492
22646503
22646514
22646517
22646520
22646521
22646522
22646524
22646525
22646528
22646534
22646654
22646656
22646657
22646658
22646660
22646664
22646665
22646667
22646670
22646687
22646689
22646690
22646695
22646696
22646700
22646709
22646713
22646714
22646719
22646720
22646724
22646731
22646734
22646738
22646739
22646741
22646746
22646761
22646778
22646796
22646808
22646809
22646813
22646815
22646819
22646821
22646830
22646831
22646832
22646842
22646846
22646847
22646848
22646857
22646866
22646904
22646906
22646910
22646913
22646921
22646969
22646970
22646972
22646974
22646979
22647032
22647034
22647058
22647059
22647069
22647070
22647077
22647080
22647082
22647083
22647088
22647089
22647145
22647146
22647189
22647194
22647196
22647208
22647217
22647218
22647219
22647220
22647221
22647222
22647223
22647226
22647231
22647235
22647248
22647270
22647271
22647346
22647349
22647351
22647355
22647356
22647357
22647358
22647359
22647360
22647361
22647362
22647363
22647364
22647365
22647366
22647380
22647389
22647420
22647429
22647432
22647435
22647447
22647448
22647449
22647450
22647451
22647452
22647453
22647454
22647456
22647457
22647461
22647462
22647463
22647464
22647465
22647481
22647485
22647493
22647496
22647497
22647498
22647502
22647503
22647505
22647506
22647522
22647523
22647524
22647530
22647531
22647532
22647533
22647534
22647535
22647550
22647553
22647557
22647558
22647559
22647568
22647569
22647572
22647573
22647574
22647575
22647576
22647579
22647594
22647597
22647611
22647613
22647616
22647617
22647618
22647620
22647628
22647632
22647646
22647650
22647651
22647652
22647653
22647654
22647655
22647666
22647667
22647668
22647669
22647672
22647679
22647680
22647688
22647705
22647718
22647733
22647736
22647737
22647738
22647739
22647740
22647741
22647751
22647752
22647753
22647759
22647762
22647769
22647770
22647782
22647783
22647784
22647785
22647786
22647787
22647791
22647792
22647794
22647795
22647840
22647849
22647882
22647883
22647884
22647893
22647896
22647897
22647925
22647926
22647968
22647969
22647970
22647971
22647973
22647978
22648004
22648014
22648019
22648025
22648026
22648031
22648035
22648044
22648045
22648046
22648048
22648053
22648059
22648060
22648064
22648076
22648077
22648094
22648128
22648146
22648147
22648153
22648154
22648155
22648156
22648157
22648158
22648159
22648163
22648166
22648167
22648168
22648169
22648172
22648180
22648186
22648187
22648188
22648193
22648194
22648195
22648197
22648198
22648199
22648207
22648208
22648236
22648273
22648282
22648283
22648288
22648290
22648294
22648295
22648303
22648304
22648310
22648321
22648346
22648348
22648350
22648390
22648391
22648396
22648433
22648437
22648446
22648456
22648457
22648459
22648473
22648479
22648506
22648509
22648512
22648514
22648522
22648554
22648559
22648560
22648561
22648564
22648574
22648575
22648581
22648582
22648583
22648584
22648585
22648586
22648587
22648588
22648589
22648590
22648591
22648592
22648593
22648594
22648596
22648597
22648602
22648603
22648604
22648605
22648606
22648612
22648615
22648616
22648617
22648618
22648619
22648620
22648621
22648622
22648623
22648624
22648625
22648626
22648627
22648628
22648629
22648655
22648656
22648657
22648661
22648662
22648668
22648669
22648670
22648671
22648672
22648673
22648674
22648675
22648676
22648677
22648678
22648679
22648680
22648681
22648682
22648683
22648684
22648685
22648686
22648687
22648688
22648700
22648732
22648733
22648735
22648746
22648760
22648761
22648790
22648793
22648799
22648857
22648860
22648867
22648868
22648878
22648907
22648912
22648914
22648916
22648931
22648936
22648938
22648947
22648963
22648970
22648971
22648972
22648973
22648975
22648976
22648979
22648981
22648986
22648991
22648995
22648997
22649000
22649008
22649009
22649010
22649011
22649012
22649013
22649014
22649015
22649016
22649017
22649018
22649019
22649020
22649021
22649022
22649023
22649028
22649030
22649031
22649032
22649033
22649039
22649040
22649041
22649042
22649043
22649044
22649045
22649046
22649047
22649048
22649049
22649050
22649052
22649054
22649055
22649056
22649057
22649058
22649059
22649060
22649061
22649069
22649070
22649071
22649072
22649073
22649074
22649075
22649076
22649077
22649078
22649079
22649080
22649081
22649082
22649083
22649084
22649085
22649093
22649126
22649129
22649130
22649131
22649132
22649133
22649134
22649135
22649136
22649137
22649138
22649140
22649141
22649143
22649147
22649149
22649150
22649151
22649152
22649158
22649159
22649160
22649161
22649206
22649207
22649209
22649212
22649254
22649272
22649273
22649274
22649277
22649278
22649279
22650153
22650160
22650161
22650178
22650230
22650231
22650251
22650304
22650324
22650351
22650352
22650354
22650365
22650369
22650380
22650412
22650417
22650421
22650422
22650444
22650449
22650490
22650606
22650607
22650611
22650613
22650648
22650763
22650797
22650802
22650975
22650986
22650988
22651097
22651100
22651102
22651129
22651130
22651134
22651221
22651227
22651237
22651256
22651257
22651371
22651378
22651395
22651550
22651553
22651670
22651684
22651685
22651687
22651688
22651689
22651702
22651706
22651804
22651808
22651809
22651810
22651826
22651845
22651849
22651853
22651860
22651890
22651894
22651896
22651900
22651901
22651904
22651908
22651911
22651912
22651915
22651916
22651917
22651920
22651921
22651922
22651923
22651927
22651928
22651932
22651933
22651936
22651937
22651960
22651961
22651966
22651967
22651968
22651969
22651970
22651971
22651980
22651983
22651984
22651985
22651987
22651989
22652000
22652004
22652005
22652015
22652020
22652021
22652022
22652023
22652024
22652025
22652027
22652032
22652033
22652034
22652036
22652041
22652042
22652043
22652044
22652054
22652057
22652058
22652059
22652069
22652071
22652077
22652078
22652079
22652080
22652081
22652089
22652093
22652094
22652101
22652102
22652104
22652113
22652116
22652127
22652128
22652129
22652133
22652134
22652136
22652149
22652153
22652164
22652166
22652167
22652171
22652172
22652173
22652181
22652195
22652196
22652197
22652199
22652200
22652201
22652216
22652217
22652218
22652219
22652220
22652221
22652222
22652223
22652224
22652225
22652226
22652227
22652238
22652259
22652260
22652261
22652262
22652263
22652264
22652265
22652266
22652269
22652270
22652271
22652277
22652278
22652284
22652286
22652287
22652289
22652290
22652292
22652293
22652296
22652301
22652304
22652305
22652306
22652307
22652309
22652318
22652319
22652325
22652327
22652329
22652336
22652337
22652340
22652341
22652342
22652362
22652365
22652366
22652380
22652382
22652383
22652384
22652385
22652392
22652393
22652394
22652395
22652396
22652410
22652426
22652427
22652428
22652431
22652432
22652433
22652436
22652441
22652442
22652444
22652462
22652463
22652464
22652480
22652481
22652482
22652488
22652492
22652494
22652496
22652501
22652502
22652507
22652510
22652511
22652512
22652528
22652530
22652532
22652533
22652534
22652538
22652539
22652548
22652549
22652550
22652553
22652554
22652556
22652557
22652561
22652565
22652570
22652573
22652579
22652580
22652586
22652593
22652626
22652629
22652630
22652631
22652632
22652636
22652688
22652700
22652705
22652752
22652755
22652759
22652760
22652897
22652898
22652907
22652933
22652934
22652935
22652936
22652937
22652938
22652939
22652981
22653040
22653047
22653048
22653076
22653077
22653078
22653091
22653103
22653114
22653136
22653145
22653152
22653155
22653163
22653168
22653182
22653218
22653220
22653257
22653258
22653260
22653264
22653270
22653271
22653280
22653292
22653299
22653305
22653306
22653307
22653308
22653314
22653316
22653317
22653318
22653319
22653320
22653330
22653331
22653338
22653364
22653365
22653373
22653384
22653385
22653386
22653387
22653388
22653389
22653390
22653391
22653392
22653395
22653396
22653397
22653398
22653399
22653420
22653446
22653479
22653481
22653485
22653486
22653488
22653489
22653490
22653494
22653495
22653496
22653497
22653498
22653534
22653545
22653547
22653550
22653551
22653552
22653553
22653559
22653569
22653609
22653614
22653616
22653617
22653634
22653641
22653642
22653643
22653644
22653645
22653646
22653647
22653648
22653649
22653650
22653651
22653654
22653662
22653668
22653670
22653671
22653672
22653673
22653674
22653675
22653677
22653678
22653694
22653711
22653752
22653753
22653763
22653778
22653779
22653788
22653796
22653797
22653798
22653799
22653803
22653817
22653819
22653829
22653834
22653838
22653839
22653840
22653841
22653843
22653874
22653880
22653912
22653913
22653923
22653946
22653947
22653948
22653967
22653969
22653970
22653971
22653973
22653984
22653986
22653987
22653988
22653989
22653990
22653991
22653992
22653993
22653996
22653999
22654000
22654078
22654079
22654080
22654081
22654082
22654083
22654084
22654085
22654086
22654087
22654088
22654089
22654090
22654441
22654442
22654443
22654444
22654445
22654446
22654447
22654448
22654449
22654450
22654451
22654452
22654453
22654454
22654455
22654456
22654457
22654458
22654459
22654479
22654480
22654481
22654482
22654483
22654484
22654485
22654513
22654514
22654515
22654516
22654517
22655289
22655589
22655595
22655687
22655745
22655746
22655857
22655979
22656068
22656073
22656187
22656188
22656191
22656272
22656273
22656316
22656322
22656325
22656329
22656330
22656331
22656391
22656403
22656404
22656429
22656446
22656447
22656448
22656449
22656648
22656670
22656672
22656673
22656865
22656866
22657101
22657155
22657156
22657157
22657161
22657269
22657272
22657350
22657383
22657389
22657390
22657391
22657393
22657400
22657401
22657402
22657403
22657404
22657405
22657407
22657408
22657409
22657410
22657529
22657536
22657564
22657569
22657572
22657576
22657577
22657578
22657579
22657580
22657581
22657582
22657726
22657727
22657729
22657730
22657736
22657738
22657746
22657828
22657838
22657914
22657915
22657916
22657917
22657936
22657939
22657943
22658062
22658076
22658077
22658078
22658083
22658084
22658085
22658123
22658124
22658129
22658131
22658133
22658136
22658170
22658207
22658208
22658220
22658221
22658224
22658226
22658230
22658232
22658236
22658240
22658241
22658242
22658250
22658251
22658252
22658268
22658270
22658277
22658278
22658293
22658294
22658308
22658321
22658323
22658324
22658334
22658336
22658337
22658338
22658359
22658360
22658361
22658362
22658366
22658367
22658373
22658378
22658386
22658387
22658388
22658389
22658390
22658391
22658405
22658406
22658407
22658408
22658409
22658410
22658411
22658413
22658414
22658422
22658423
22658425
22658426
22658427
22658440
22658450
22658451
22658454
22658455
22658459
22658469
22658470
22658471
22658472
22658473
22658475
22658476
22658483
22658489
22658490
22658491
22658492
22658493
22658498
22658499
22658506
22658507
22658511
22658514
22658517
22658519
22658521
22658524
22658525
22658526
22658527
22658528
22658530
22658542
22658561
22658563
22658565
22658578
22658579
22658580
22658584
22658585
22658586
22658604
22658607
22658627
22658628
22658631
22658637
22658642
22658645
22658650
22658651
22658656
22658668
22658675
22658680
22658681
22658682
22658683
22658684
22658685
22658688
22658691
22658692
22658700
22658703
22658704
22658709
22658710
22658713
22658714
22658715
22658727
22658728
22658759
22658761
22658762
22658763
22658765
22658766
22658776
22658785
22658786
22658787
22658788
22658794
22658796
22658797
22658798
22658804
22658805
22658808
22658809
22658815
22658826
22658833
22658834
22658839
22658843
22658844
22658846
22658847
22658869
22658870
22658881
22658908
22658909
22658916
22658917
22658918
22658919
22658920
22658924
22658933
22658937
22658938
22658940
22658941
22658942
22658943
22658944
22658954
22658957
22658963
22658973
22658974
22658975
22658976
22658977
22658978
22658980
22658981
22658982
22658985
22658989
22658990
22658991
22658992
22658993
22659001
22659002
22659003
22659004
22659008
22659009
22659013
22659014
22659015
22659016
22659017
22659023
22659025
22659026
22659027
22659028
22659037
22659040
22659041
22659049
22659050
22659052
22659053
22659057
22659058
22659060
22659061
22659065
22659067
22659068
22659070
22659072
22659077
22659078
22659082
22659084
22659086
22659087
22659089
22659091
22659092
22659093
22659097
22659102
22659104
22659105
22659107
22659108
22659109
22659110
22659111
22659112
22659117
22659118
22659125
22659126
22659127
22659141
22659145
22659146
22659147
22659148
22659149
22659150
22659152
22659161
22659172
22659173
22659174
22659175
22659176
22659177
22659178
22659179
22659180
22659195
22659196
22659197
22659201
22659217
22659220
22659221
22659222
22659223
22659224
22659237
22659238
22659239
22659240
22659252
22659254
22659266
22659267
22659268
22659269
22659270
22659272
22659273
22659274
22659275
22659283
22659284
22659286
22659287
22659289
22659301
22659302
22659305
22659306
22659307
22659308
22659309
22659311
22659312
22659314
22659316
22659325
22659327
22659328
22659329
22659331
22659335
22659336
22659341
22659347
22659351
22659363
22659364
22659365
22659366
22659367
22659368
22659369
22659370
22659371
22659377
22659380
22659381
22659382
22659383
22659385
22659386
22659387
22659388
22659391
22659392
22659393
22659394
22659395
22659396
22659397
22659404
22659406
22659410
22659411
22659412
22659413
22659421
22659439
22659440
22659441
22659443
22659444
22659445
22659448
22659449
22659458
22659460
22659463
22659464
22659465
22659466
22659469
22659470
22659471
22659474
22659475
22659476
22659477
22659478
22659479
22659480
22659481
22659482
22659483
22659484
22659485
22659486
22659487
22659493
22659496
22659510
22659514
22659516
22659522
22659536
22659537
22659538
22659539
22659540
22659542
22659561
22659562
22659563
22659564
22659565
22659566
22659567
22659568
22659569
22659570
22659571
22659572
22659573
22659578
22659579
22659580
22659581
22659582
22659599
22659600
22659601
22659602
22659603
22659604
22659605
22659606
22659609
22659611
22659619
22659620
22659642
22659643
22659644
22659645
22659646
22659649
22659650
22659651
22659685
22659735
22659736
22659808
22659831
22659839
22659842
22659843
22659844
22659845
22659894
22659941
22659960
22659961
22659962
22659963
22659964
22660185
22660205
22660207
22660215
22660224
22660227
22660257
22660271
22660369
22660370
22660372
22660377
22660387
22660420
22660482
22660510
22660524
22660525
22660554
22660558
22660581
22660606
22660623
22660624
22660629
22660697
22660699
22660700
22660701
22660702
22660703
22660704
22660705
22660706
22660707
22660708
22660709
22660710
22660711
22660712
22660713
22660714
22660715
22660716
22660717
22660718
22660719
22660720
22660769
22660770
22660773
22660774
22660775
22660776
22660777
22660778
22660779
22660780
22660781
22660782
22660783
22660784
22660785
22660786
22660787
22660788
22660789
22660791
22660795
22660797
22660798
22660799
22660800
22660802
22660803
22660804
22660805
22660806
22660807
22660808
22660809
22660810
22660811
22660842
22660866
22660887
22660888
22660895
22660896
22660897
22660903
22660918
22660920
22660921
22660946
22660947
22660954
22660955
22660956
22660961
22660980
22660985
22661004
22661005
22661006
22661007
22661008
22661013
22661019
22661020
22661025
22661041
22661044
22661048
22661052
22661079
22661101
22661109
22661110
22661111
22661113
22661130
22661171
22661172
22661173
22661174
22661175
22661176
22661177
22661178
22661179
22661180
22661181
22661182
22661183
22661184
22661185
22661186
22661187
22661188
22661189
22661190
22661191
22661192
22661193
22661194
22661195
22661196
22661197
22661198
22661199
22661200
22661203
22661218
22661220
22661223
22661224
22661241
22661243
22661251
22661269
22661271
22661272
22661273
22661283
22661285
22661289
22661296
22661304
22661306
22661307
22661308
22661309
22661310
22661312
22661314
22661315
22661316
22661320
22661323
22661324
22661325
22661326
22661327
22661328
22661329
22661332
22661336
22661337
22661338
22661361
22661380
22661381
22661391
22661393
22661447
22661457
22661463
22661470
22661480
22661484
22661489
22661496
22661499
22661500
22661501
22661516
22661537
22661539
22661547
22661571
22661572
22661574
22661575
22661576
22661577
22661578
22661579
22661580
22661581
22661582
22661583
22661584
22661588
22661604
22661605
22661606
22661631
22661632
22661633
22661644
22661645
22661746
22661886
22661887
22661888
22661889
22661890
22661891
22661892
22661893
22662107
22662108
22662109
22662110
22662111
22662112
22662113
22662114
22662115
22662116
22662117
22662118
22662119
22662120
22662121
22662122
22662123
22662124
22662125
22662126
22662127
22662128
22662129
22662130
22662131
22662132
22662133
22662134
22662135
22662136
22662137
22662138
22662139
22662140
22662141
22662142
22662143
22662144
22662145
22662146
22662147
22662148
22662149
22662150
22662151
22662152
22662153
22662154
22662155
22662156
22662157
22662158
22662159
22662160
22662161
22662162
22662163
22662164
22662165
22662166
22662167
22662168
22662169
22662170
22662171
22662172
22662173
22662174
22662175
22662176
22662177
22662178
22662179
22662180
22662181
22662182
22662183
22662184
22662185
22662186
22662187
22662188
22662189
22662190
22662191
22662192
22662193
22662194
22662195
22662196
22662197
22662198
22662199
22662200
22662201
22662202
22662203
22662204
22662205
22662206
22662207
22662208
22662209
22662210
22662211
22662212
22662213
22662214
22662215
22662216
22662217
22662218
22662219
22662220
22662221
22662222
22662223
22662224
22662225
22662226
22662227
22662228
22662229
22662230
22662231
22662232
22662233
22662234
22662235
22662236
22662237
22662238
22662239
22662240
22662241
22662242
22662243
22662244
22662245
22662246
22662247
22662248
22662249
22662250
22662251
22662252
22662253
22662254
22662255
22662256
22662257
22662258
22662259
22662260
22662261
22662262
22662263
22662264
22662265
22662266
22662267
22662268
22662269
22662270
22662271
22662272
22662273
22662274
22662275
22662276
22662277
22662278
22662279
22662280
22662294
22662295
22662296
22662297
22662298
22662299
22662300
22662301
22662302
22662303
22662304
22662789
22662790
22662873
22662910
22662959
22662967
22662970
22663018
22663019
22663074
22663094
22663138
22663143
22663145
22663154
22663160
22663164
22663175
22663185
22663250
22663251
22663253
22663301
22663304
22663305
22663306
22663350
22663352
22663354
22663547
22663548
22663550
22663551
22663553
22663554
22663556
22663557
22663561
22663758
22663759
22663762
22663767
22663776
22663777
22663778
22663895
22663896
22663901
22663902
22663919
22663932
22663933
22663944
22663945
22663978
22664041
22664042
22664043
22664044
22664045
22664046
22664047
22664048
22664049
22664050
22664051
22664052
22664053
22664058
22664061
22664070
22664071
22664072
22664073
22664074
22664075
22664076
22664096
22664100
22664101
22664110
22664111
22664112
22664113
22664114
22664115
22664116
22664117
22664118
22664119
22664135
22664138
22664146
22664147
22664148
22664149
22664150
22664151
22664168
22664169
22664172
22664177
22664179
22664180
22664218
22664220
22664228
22664232
22664237
22664238
22664239
22664240
22664241
22664242
22664243
22664244
22664245
22664246
22664247
22664248
22664249
22664253
22664264
22664265
22664267
22664268
22664269
22664270
22664298
22664299
22664302
22664307
22664308
22664311
22664312
22664313
22664319
22664320
22664321
22664322
22664323
22664324
22664327
22664330
22664331
22664339
22664340
22664341
22664342
22664349
22664354
22664363
22664382
22664383
22664388
22664389
22664390
22664392
22664393
22664416
22664417
22664421
22664422
22664423
22664424
22664457
22664458
22664459
22664460
22664461
22664462
22664470
22664481
22664482
22664483
22664484
22664485
22664486
22664489
22664492
22664493
22664494
22664495
22664496
22664497
22664498
22664499
22664500
22664501
22664502
22664503
22664504
22664505
22664506
22664507
22664508
22664509
22664511
22664532
22664533
22664534
22664535
22664537
22664538
22664539
22664540
22664541
22664555
22664567
22664568
22664569
22664571
22664572
22664573
22664575
22664576
22664584
22664587
22664588
22664592
22664638
22664639
22664640
22664641
22664642
22664644
22664645
22664646
22664647
22664648
22664649
22664650
22664654
22664658
22664659
22664660
22664720
22664721
22664722
22664723
22664726
22664727
22664729
22664736
22664738
22664743
22664746
22664750
22664753
22664754
22664755
22664756
22664760
22664761
22664763
22664765
22664781
22664782
22664783
22664785
22664786
22664787
22664788
22664789
22664790
22664791
22664798
22664831
22664832
22664835
22664859
22664862
22664863
22664864
22664867
22664868
22664895
22664896
22664897
22664898
22664899
22664900
22664901
22664902
22664903
22664904
22664905
22664909
22664926
22664934
22664935
22664936
22664938
22664939
22664940
22664941
22664948
22664949
22664950
22664953
22664956
22664958
22664961
22664969
22664979
22664991
22664992
22664993
22664994
22664995
22664996
22664997
22664998
22664999
22665000
22665001
22665002
22665003
22665004
22665005
22665006
22665007
22665008
22665009
22665010
22665011
22665012
22665013
22665014
22665015
22665016
22665017
22665020
22665038
22665043
22665068
22665069
22665070
22665071
22665077
22665131
22665132
22665133
22665136
22665161
22665162
22665163
22665164
22665165
22665166
22665167
22665215
22665216
22665217
22665218
22665224
22665266
22665267
22665270
22665271
22665327
22665369
22665381
22665386
22665387
22665388
22665389
22665440
22665443
22665444
22665445
22665446
22665460
22665461
22665462
22665463
22665464
22665465
22665466
22665467
22665468
22665469
22665470
22665471
22665472
22665473
22665474
22665500
22665501
22665502
22665514
22665517
22665524
22665525
22665526
22665527
22665529
22665530
22665537
22665538
22665548
22665549
22665550
22665551
22665552
22665553
22665554
22665555
22665556
22665557
22665558
22665559
22665560
22665561
22665562
22665563
22665564
22665565
22665566
22665567
22665568
22665569
22665570
22665571
22665572
22665579
22665580
22665584
22665585
22665586
22665587
22665588
22665589
22665590
22665591
22665663
22665667
22665725
22665726
22665727
22665728
22665729
22665730
22665731
22665732
22665733
22665734
22665735
22665736
22665737
22665738
22665739
22665740
22665741
22665742
22665743
22665744
22665745
22665746
22665747
22665748
22665749
22665750
22665751
22665752
22665753
22665754
22665755
22665756
22665757
22665758
22665759
22665760
22665776
22665824
22665825
22665826
22665827
22665828
22665829
22665830
22665831
22665832
22665833
22665834
22665835
22665836
22665837
22665838
22665839
22665840
22665841
22665842
22665843
22665844
22665845
22665846
22665861
22665862
22665863
22665864
22665865
22665866
22665867
22665868
22665869
22665870
22665871
22665872
22665873
22665874
22665875
22665876
22665877
22665878
22665879
22665880
22665881
22665882
22665934
22665936
22665938
22665967
22665968
22665969
22665970
22665971
22665972
22665973
22665974
22665975
22665976
22665977
22665978
22665979
22665980
22665981
22665982
22665983
22665984
22665985
22665986
22665987
22665988
22665989
22665990
22665991
22665992
22665993
22666729
22666730
22666731
22666732
22666733
22666734
22666735
22666736
22666737
22666738
22666806
22666807
22666808
22666809
22666810
22666811
22666812
22666813
22666814
22666815
22666816
22666817
22666818
22666819
22666820
22666821
22666822
22666823
22666824
22666825
22666880
22667322
22667325
22667326
22667332
22667345
22667346
22667348
22667351
22667441
22667458
22667460
22667461
22667462
22667464
22667465
22667676
22667677
22667678
22667679
22667680
22667681
22667682
22667683
22667684
22667690
22667695
22667696
22667757
22667759
22667760
22667764
22667816
22667820
22667821
22667824
22667825
22667988
22667993
22668003
22668005
22668065
22668073
22668077
22668078
22668081
22668122
22668196
22668199
22668201
22668202
22668205
22668241
22668313
22668346
22668422
22668454
22668502
22668504
22668524
22668525
22668565
22668566
22668567
22668568
22668569
22668570
22668585
22668598
22668599
22668602
22668656
22668694
22668747
22668748
22668749
22668754
22668768
22668775
22668777
22668778
22668780
22668781
22668794
22668797
22668802
22668805
22668809
22668812
22668814
22668815
22668820
22668821
22668822
22668824
22668825
22668847
22668852
22668853
22668872
22668873
22668875
22668876
22668885
22668886
22668887
22668888
22668889
22668973
22668974
22668987
22668988
22669054
22669055
22669056
22669057
22669058
22669059
22669060
22669061
22669062
22669074
22669075
22669078
22669085
22669098
22669101
22669102
22669120
22669124
22669131
22669139
22669164
22669166
22669167
22669169
22669170
22669175
22669179
22669200
22669201
22669202
22669204
22669205
22669207
22669209
22669210
22669221
22669245
22669246
