22669247
22669250
22669251
22669254
22669255
22669259
22669265
22669266
22669267
22669268
22669292
22669293
22669294
22669296
22669297
22669298
22669308
22669309
22669311
22669312
22669319
22669320
22669321
22669328
22669330
22669331
22669332
22669333
22669336
22669358
22669366
22669378
22669381
22669382
22669383
22669384
22669385
22669388
22669389
22669390
22669398
22669411
22669430
22669441
22669442
22669446
22669447
22669456
22669457
22669458
22669460
22669461
22669462
22669463
22669478
22669479
22669480
22669481
22669482
22669483
22669490
22669492
22669496
22669499
22669500
22669504
22669506
22669510
22669534
22669540
22669542
22669543
22669544
22669546
22669548
22669552
22669555
22669558
22669569
22669574
22669575
22669576
22669577
22669580
22669587
22669614
22669615
22669616
22669623
22669624
22669641
22669644
22669685
22669686
22669692
22669693
22669694
22669695
22669705
22669711
22669726
22669729
22669734
22669736
22669737
22669738
22669740
22669741
22669742
22669743
22669746
22669748
22669763
22669776
22669791
22669793
22669805
22669841
22669847
22669848
22669881
22669882
22669891
22669892
22669901
22669902
22669903
22669904
22669905
22669906
22669907
22669908
22669909
22669910
22669911
22669912
22669913
22669916
22669917
22669918
22669951
22669980
22670012
22670036
22670039
22670042
22670043
22670044
22670046
22670048
22670060
22670061
22670248
22670249
22670250
22670251
22670252
22670253
22670254
22670255
22670256
22670257
22670258
22670259
22670573
22670574
22670579
22670589
22670591
22670593
22670601
22670603
22670605
22670606
22670607
22670608
22670609
22670610
22670611
22670627
22670628
22670629
22670631
22670632
22670679
22670683
22670687
22670690
22670710
22670712
22670716
22670723
22670758
22670771
22670802
22670803
22670806
22670809
22670814
22670840
22670842
22670845
22670855
22670856
22670889
22670890
22671031
22671033
22671034
22671305
22671310
22671437
22671441
22671517
22671518
22671566
22671567
22671574
22671584
22671585
22671586
22671587
22671588
22671589
22671590
22671591
22671592
22671593
22671594
22671595
22671596
22671597
22671598
22671599
22671600
22671601
22671602
22671603
22671604
22671605
22671606
22671607
22671693
22671698
22671700
22671704
22671707
22671716
22671766
22671767
22671773
22671774
22671776
22671853
22671857
22671860
22671916
22671937
22671942
22671967
22671974
22671990
22671991
22671994
22671997
22672002
22672009
22672011
22672018
22672048
22672055
22672057
22672058
22672059
22672063
22672071
22672080
22672085
22672102
22672106
22672111
22672114
22672117
22672124
22672128
22672129
22672137
22672138
22672145
22672150
22672152
22672156
22672158
22672192
22672193
22672194
22672199
22672203
22672204
22672207
22672223
22672225
22672233
22672236
22672237
22672238
22672239
22672250
22672252
22672256
22672262
22672264
22672265
22672268
22672271
22672272
22672273
22672274
22672275
22672276
22672277
22672278
22672279
22672280
22672281
22672282
22672291
22672310
22672311
22672314
22672315
22672318
22672324
22672325
22672331
22672334
22672335
22672341
22672343
22672345
22672346
22672347
22672351
22672352
22672364
22672365
22672382
22672384
22672386
22672407
22672410
22672412
22672413
22672414
22672416
22672422
22672430
22672431
22672435
22672469
22672471
22672472
22672475
22672477
22672482
22672494
22672502
22672506
22672510
22672515
22672518
22672522
22672524
22672534
22672536
22672558
22672568
22672575
22672576
22672578
22672586
22672588
22672609
22672618
22672625
22672627
22672636
22672638
22672645
22672654
22672665
22672670
22672688
22672697
22672699
22672703
22672707
22672710
22672711
22672731
22672735
22672739
22672744
22672752
22672753
22672754
22672755
22672762
22672763
22672764
22672765
22672772
22672776
22672783
22672785
22672793
22672838
22672877
22672881
22672888
22672894
22672895
22672896
22672909
22672910
22672911
22672916
22672917
22672918
22672919
22672921
22672932
22672933
22672936
22672937
22672956
22672958
22672959
22672964
22672967
22672969
22672970
22672993
22672994
22672995
22672996
22672998
22672999
22673001
22673015
22673016
22673017
22673018
22673019
22673020
22673021
22673022
22673030
22673037
22673050
22673056
22673064
22673065
22673066
22673083
22673089
22673090
22673091
22673092
22673093
22673094
22673103
22673109
22673112
22673113
22673115
22673128
22673129
22673131
22673132
22673135
22673137
22673138
22673139
22673140
22673141
22673142
22673143
22673144
22673146
22673147
22673148
22673159
22673163
22673164
22673165
22673166
22673167
22673168
22673169
22673170
22673171
22673172
22673173
22673174
22673175
22673178
22673179
22673185
22673186
22673194
22673195
22673199
22673200
22673234
22673292
22673293
22673294
22673296
22673304
22673309
22673310
22673321
22673324
22673325
22673326
22673327
22673328
22673329
22673330
22673331
22673333
22673334
22673349
22673351
22673352
22673353
22673354
22673355
22673356
22673357
22673358
22673359
22673360
22673365
22673366
22673367
22673369
22673370
22673371
22673373
22673374
22673375
22673388
22673393
22673394
22673398
22673399
22673400
22673401
22673407
22673408
22673420
22673427
22673429
22673432
22673433
22673437
22673444
22673449
22673453
22673454
22673455
22673456
22673457
22673458
22673459
22673460
22673461
22673462
22673463
22673464
22673465
22673466
22673467
22673468
22673469
22673470
22673471
22673472
22673473
22673474
22673475
22673476
22673532
22673541
22673542
22673566
22673578
22673579
22673584
22673593
22673594
22673595
22673600
22673619
22673621
22673622
22673625
22673640
22673662
22673692
22673729
22673730
22673732
22673733
22673740
22673744
22673746
22673750
22673751
22673757
22673758
22673759
22673760
22673763
22673764
22673765
22673766
22673770
22673771
22673773
22673790
22673798
22673799
22673802
22673805
22673806
22673807
22673828
22673848
22673849
22673857
22673872
22673875
22673876
22673877
22673882
22673885
22673888
22673896
22673897
22673898
22673962
22673972
22673973
22674008
22674011
22674012
22674018
22674022
22674024
22674027
22674028
22674034
22674045
22674046
22674055
22674058
22674061
22674062
22674082
22674083
22674084
22674085
22674094
22674120
22674142
22674144
22674148
22674155
22674177
22674178
22674179
22674190
22674191
22674196
22674197
22674200
22674201
22674202
22674203
22674204
22674205
22674206
22674207
22674219
22674221
22674222
22674223
22674224
22674232
22674233
22674234
22674235
22674236
22674237
22674238
22674239
22674240
22674241
22674242
22674243
22674244
22674245
22674286
22674288
22674323
22674324
22674347
22674348
22674351
22674353
22674356
22674374
22674379
22674387
22674388
22674389
22674390
22674391
22674399
22674400
22674401
22674405
22674406
22674407
22674414
22674427
22674432
22674433
22674434
22674437
22674445
22674448
22674449
22674450
22674451
22674452
22674453
22674456
22674457
22674458
22674462
22674463
22674471
22674473
22674474
22674476
22674480
22674488
22674490
22674491
22674496
22674502
22674504
22674505
22674516
22674530
22674531
22674533
22674534
22674535
22674542
22674548
22674566
22674581
22674584
22674610
22674611
22674615
22674622
22674623
22674626
22674627
22674640
22674644
22674647
22674649
22674652
22674656
22674660
22674664
22674669
22674672
22674674
22674683
22674686
22674695
22674702
22674703
22674704
22674705
22674706
22674707
22674708
22674709
22674710
22674711
22674712
22674713
22674714
22674718
22674720
22674722
22674723
22674726
22674727
22674737
22674738
22674741
22674751
22674755
22674756
22674770
22674772
22674773
22674774
22674784
22674785
22674786
22674790
22674793
22674794
22674799
22674805
22674811
22674812
22674818
22674821
22674826
22674828
22674829
22674837
22674843
22674848
22674853
22674860
22674861
22674869
22674874
22674878
22674883
22674884
22674892
22674894
22674895
22674897
22674901
22674905
22674907
22674908
22674910
22674912
22674924
22674933
22674962
22674963
22674964
22674965
22674967
22674970
22675001
22675002
22675003
22675004
22675005
22675041
22675042
22675071
22675072
22675073
22675074
22675075
22675076
22675083
22675125
22675126
22675127
22675128
22675129
22675130
22675131
22675132
22675133
22675134
22675154
22675155
22675156
22675157
22675160
22675166
22675167
22675168
22675169
22675170
22675171
22675172
22675173
22675174
22675197
22675245
22675246
22675247
22675248
22675249
22675250
22675251
22675252
22675253
22675254
22675255
22675256
22675257
22675259
22675727
22675728
22676046
22676048
22676050
22676052
22676140
22676160
22676183
22676185
22676186
22676191
22676192
22676193
22676194
22676195
22676196
22676197
22676198
22676199
22676200
22676203
22676225
22676229
22676230
22676231
22676233
22676235
22676252
22676259
22676262
22676268
22676272
22676273
22676278
22676295
22676296
22676297
22676298
22676300
22676303
22676304
22676311
22676315
22676317
22676321
22676324
22676328
22676330
22676337
22676341
22676343
22676344
22676350
22676351
22676352
22676354
22676375
22676377
22676378
22676379
22676384
22676385
22676386
22676389
22676394
22676398
22676404
22676405
22676410
22676411
22676415
22676421
22676422
22676426
22676430
22676434
22676439
22676446
22676454
22676467
22676469
22676478
22676481
22676491
22676496
22676548
22676580
22676626
22676639
22676648
22676650
22676653
22676699
22676700
22676708
22676710
22676715
22676716
22676719
22676771
22676775
22676776
22676798
22676800
22676801
22676808
22676813
22676814
22676836
22676838
22676846
22676852
22676859
22676885
22676890
22676891
22676896
22676903
22676904
22676905
22676906
22676911
22676912
22676916
22676917
22676918
22676921
22676933
22676963
22676965
22676968
22676970
22676976
22676977
22676978
22676980
22676981
22676992
22676993
22676994
22676995
22676997
22676998
22676999
22677000
22677006
22677007
22677009
22677011
22677013
22677014
22677015
22677016
22677017
22677029
22677030
22677031
22677032
22677033
22677034
22677035
22677063
22677068
22677087
22677088
22677092
22677094
22677096
22677102
22677111
22677112
22677113
22677114
22677119
22677128
22677130
22677131
22677134
22677136
22677137
22677138
22677146
22677148
22677149
22677150
22677151
22677152
22677165
22677166
22677174
22677175
22677176
22677177
22677178
22677184
22677185
22677199
22677202
22677203
22677204
22677205
22677207
22677208
22677211
22677222
22677224
22677225
22677233
22677234
22677235
22677236
22677237
22677238
22677239
22677240
22677241
22677242
22677243
22677244
22677245
22677246
22677247
22677248
22677249
22677250
22677251
22677252
22677253
22677260
22677262
22677263
22677264
22677270
22677271
22677272
22677273
22677274
22677275
22677276
22677277
22677278
22677296
22677297
22677298
22677299
22677309
22677312
22677313
22677314
22677317
22677318
22677319
22677320
22677323
22677328
22677332
22677335
22677336
22677337
22677338
22677339
22677340
22677344
22677356
22677358
22677370
22677372
22677374
22677375
22677396
22677398
22677400
22677411
22677415
22677416
22677417
22677418
22677420
22677421
22677422
22677423
22677425
22677426
22677428
22677429
22677430
22677431
22677432
22677434
22677443
22677446
22677447
22677448
22677449
22677450
22677452
22677453
22677459
22677460
22677461
22677467
22677470
22677472
22677473
22677474
22677483
22677484
22677489
22677490
22677491
22677504
22677506
22677508
22677509
22677511
22677518
22677519
22677520
22677521
22677522
22677523
22677524
22677525
22677532
22677537
22677563
22677564
22677565
22677566
22677567
22677568
22677569
22677572
22677575
22677576
22677577
22677600
22677602
22677603
22677604
22677605
22677606
22677607
22677608
22677609
22677611
22677613
22677615
22677618
22677621
22677622
22677624
22677634
22677635
22677644
22677657
22677698
22677699
22677700
22677708
22677710
22677716
22677719
22677722
22677773
22677774
22677775
22677787
22677788
22677790
22677793
22677805
22677806
22677808
22677809
22677814
22677815
22677879
22677880
22677889
22677898
22677902
22677908
22677910
22677920
22677929
22677932
22677934
22677938
22677939
22677940
22677971
22677977
22677979
22678015
22678022
22678028
22678030
22678035
22678036
22678038
22678039
22678052
22678054
22678056
22678057
22678058
22678059
22678060
22678061
22678062
22678063
22678064
22678065
22678074
22678076
22678083
22678091
22678095
22678100
22678101
22678112
22678113
22678115
22678116
22678118
22678131
22678132
22678133
22678134
22678138
22678141
22678146
22678148
22678151
22678152
22678153
22678155
22678156
22678157
22678158
22678159
22678160
22678161
22678225
22678234
22678239
22678240
22678241
22678348
22678355
22678356
22678357
22678363
22678364
22678366
22678368
22678371
22678374
22678375
22678377
22678378
22678379
22678380
22678381
22678382
22678383
22678384
22678388
22678394
22678395
22678402
22678409
22678413
22678418
22678420
22678423
22678428
22678429
22678434
22678455
22678456
22678460
22678462
22678466
22678467
22678495
22678496
22678505
22678515
22678523
22678528
22678529
22678548
22678550
22678551
22678552
22678553
22678554
22678555
22678556
22678560
22678562
22678563
22678564
22678565
22678566
22678569
22678570
22678571
22678572
22678573
22678574
22678575
22678576
22678577
22678578
22678579
22678580
22678581
22678582
22678583
22678584
22678585
22678586
22678587
22678588
22678589
22678590
22678591
22678592
22678593
22678595
22678614
22678624
22678625
22678649
22678655
22678658
22678659
22678666
22678696
22678701
22678709
22678714
22678721
22678722
22678725
22678726
22678727
22678728
22678730
22678731
22678753
22678754
22678755
22678761
22678769
22678771
22678772
22678773
22678774
22678780
22678809
22678812
22678814
22678829
22678831
22678832
22678833
22678844
22678845
22678850
22678852
22678882
22678883
22678923
22678929
22678930
22678951
22678957
22678961
22678963
22678964
22678966
22678967
22678968
22678969
22678970
22678971
22678976
22678977
22678978
22678979
22678993
22679008
22679012
22679026
22679027
22679067
22679100
22679105
22679106
22679107
22679110
22679111
22679124
22679142
22679179
22679181
22679210
22679211
22679213
22679214
22679215
22679216
22679217
22679218
22679219
22679220
22679221
22679222
22679240
22679243
22679265
22679274
22679275
22679294
22679295
22679297
22679299
22679302
22679304
22679361
22679362
22679363
22679364
22679365
22679366
22679367
22679368
22679369
22679370
22679371
22679372
22679373
22679374
22679375
22679376
22679395
22679396
22679397
22679625
22679901
22679904
22679906
22679920
22679923
22679926
22679927
22679928
22679932
22680044
22680056
22680062
22680067
22680068
22680069
22680238
22680249
22680253
22680304
22680305
22680308
22680309
22680340
22680341
22680342
22680343
22680405
22680611
22680615
22680619
22680627
22680630
22680637
22680638
22680639
22680641
22680699
22680700
22680777
22680782
22680784
22680789
22680836
22680838
22680915
22680916
22680918
22680919
22680920
22680921
22680922
22680923
22680924
22680925
22680926
22680927
22680928
22680929
22680930
22680931
22680982
22680988
22680993
22681043
22681158
22681176
22681183
22681185
22681186
22681193
22681198
22681226
22681229
22681231
22681237
22681238
22681242
22681243
22681256
22681257
22681259
22681260
22681307
22681311
22681323
22681340
22681387
22681390
22681397
22681398
22681404
22681405
22681406
22681410
22681412
22681416
22681418
22681436
22681445
22681447
22681452
22681459
22681473
22681474
22681485
22681487
22681489
22681504
22681510
22681512
22681513
22681522
22681523
22681533
22681541
22681549
22681551
22681552
22681562
22681563
22681566
22681567
22681574
22681595
22681620
22681629
22681635
22681637
22681639
22681642
22681643
22681645
22681646
22681653
22681667
22681670
22681671
22681672
22681673
22681674
22681675
22681676
22681698
22681700
22681705
22681706
22681716
22681718
22681719
22681720
22681722
22681743
22681750
22681753
22681757
22681762
22681763
22681773
22681779
22681781
22681850
22681851
22681855
22681857
22681858
22681870
22681871
22681872
22681874
22681880
22681892
22681909
22681911
22681928
22681931
22681932
22681934
22681958
22681972
22681986
22681999
22682004
22682009
22682011
22682014
22682015
22682017
22682019
22682021
22682022
22682027
22682031
22682034
22682037
22682041
22682042
22682044
22682045
22682056
22682057
22682058
22682059
22682063
22682065
22682067
22682069
22682071
22682072
22682075
22682076
22682078
22682080
22682091
22682094
22682097
22682101
22682109
22682111
22682114
22682145
22682150
22682157
22682160
22682163
22682180
22682214
22682229
22682230
22682231
22682232
22682257
22682258
22682259
22682277
22682297
22682308
22682309
22682310
22682311
22682312
22682313
22682316
22682330
22682333
22682338
22682339
22682341
22682342
22682343
22682355
22682359
22682360
22682361
22682362
22682363
22682365
22682366
22682369
22682370
22682373
22682376
22682377
22682379
22682380
22682381
22682382
22682383
22682384
22682385
22682386
22682387
22682388
22682389
22682390
22682391
22682405
22682426
22682430
22682431
22682443
22682470
22682472
22682479
22682494
22682500
22682502
22682504
22682508
22682509
22682513
22682514
22682524
22682525
22682527
22682529
22682537
22682542
22682558
22682559
22682560
22682561
22682562
22682563
22682564
22682565
22682566
22682567
22682568
22682569
22682578
22682580
22682583
22682607
22682608
22682609
22682610
22682613
22682614
22682615
22682616
22682643
22682644
22682646
22682647
22682649
22682652
22682656
22682666
22682672
22682673
22682674
22682675
22682684
22682685
22682686
22682687
22682688
22682693
22682694
22682695
22682696
22682697
22682698
22682699
22682704
22682705
22682706
22682709
22682712
22682716
22682719
22682740
22682741
22682751
22682752
22682753
22682754
22682758
22682760
22682762
22682763
22682768
22682769
22682770
22682778
22682779
22682783
22682784
22682785
22682787
22682788
22682789
22682803
22682806
22682808
22682809
22682876
22682881
22682884
22682886
22682889
22682890
22682891
22682892
22682893
22682894
22682895
22682896
22682899
22682924
22682926
22682931
22682951
22682954
22682957
22682961
22682963
22682965
22682966
22682983
22682987
22682988
22682991
22682994
22682997
22683000
22683003
22683004
22683006
22683009
22683014
22683016
22683020
22683021
22683022
22683027
22683028
22683032
22683033
22683034
22683035
22683036
22683037
22683039
22683058
22683059
22683060
22683061
22683066
22683067
22683076
22683083
22683085
22683089
22683096
22683097
22683098
22683100
22683101
22683102
22683107
22683112
22683117
22683120
22683121
22683126
22683144
22683145
22683147
22683148
22683149
22683150
22683151
22683152
22683153
22683154
22683160
22683166
22683170
22683172
22683178
22683179
22683181
22683184
22683194
22683196
22683197
22683200
22683209
22683220
22683222
22683223
22683227
22683228
22683232
22683236
22683237
22683238
22683240
22683241
22683242
22683243
22683244
22683245
22683248
22683249
22683250
22683252
22683254
22683256
22683259
22683260
22683261
22683272
22683276
22683281
22683282
22683285
22683286
22683287
22683288
22683289
22683290
22683294
22683295
22683296
22683302
22683303
22683305
22683306
22683308
22683310
22683311
22683312
22683320
22683321
22683324
22683325
22683326
22683338
22683339
22683340
22683341
22683342
22683343
22683344
22683345
22683349
22683350
22683351
22683352
22683353
22683355
22683359
22683360
22683361
22683365
22683367
22683373
22683374
22683375
22683376
22683379
22683383
22683384
22683385
22683394
22683395
22683396
22683397
22683398
22683399
22683403
22683404
22683405
22683410
22683412
22683415
22683417
22683418
22683419
22683423
22683430
22683436
22683437
22683439
22683441
22683442
22683443
22683444
22683445
22683446
22683447
22683448
22683449
22683450
22683451
22683452
22683453
22683454
22683455
22683462
22683463
22683464
22683465
22683466
22683467
22683468
22683469
22683475
22683476
22683484
22683485
22683486
22683487
22683488
22683489
22683491
22683493
22683494
22683495
22683496
22683503
22683508
22683513
22683514
22683515
22683518
22683522
22683526
22683531
22683532
22683533
22683546
22683547
22683548
22683551
22683561
22683562
22683563
22683564
22683565
22683566
22683567
22683575
22683576
22683577
22683578
22683579
22683580
22683581
22683582
22683583
22683591
22683596
22683597
22683600
22683601
22683602
22683603
22683604
22683605
22683609
22683621
22683622
22683643
22683647
22683652
22683653
22683660
22683663
22683664
22683667
22683668
22683669
22683672
22683673
22683675
22683678
22683679
22683688
22683691
22683693
22683698
22683715
22683716
22683719
22683720
22683721
22683723
22683732
22683733
22683734
22683735
22683741
22683754
22683755
22683757
22683758
22683759
22683760
22683764
22683765
22683776
22683781
22683801
22683804
22683809
22683815
22683817
22683820
22683829
22683830
22683832
22683840
22683841
22683842
22683843
22683845
22683847
22683848
22683849
22683871
22683876
22683877
22683883
22683896
22683897
22683898
22683899
22683900
22683901
22683902
22683903
22683904
22683905
22683906
22683907
22683908
22683909
22683910
22683911
22683914
22683917
22683919
22683932
22683933
22683934
22683944
22683945
22683953
22683987
22683988
22683991
22683999
22684000
22684001
22684002
22684004
22684005
22684013
22684015
22684019
22684020
22684021
22684031
22684033
22684036
22684041
22684046
22684050
22684083
22684084
22684085
22684086
22684087
22684088
22684092
22684094
22684099
22684111
22684112
22684113
22684114
22684115
22684120
22684121
22684123
22684144
22684146
22684147
22684148
22684149
22684160
22684187
22684189
22684190
22684206
22684209
22684210
22684214
22684228
22684229
22684239
22684240
22684242
22684243
22684249
22684251
22684273
22684274
22684275
22684278
22684279
22684280
22684281
22684282
22684283
22684284
22684300
22684302
22684307
22684311
22684312
22684326
22684327
22684338
22684341
22684345
22684355
22684360
22684361
22684362
22684363
22684364
22684370
22684374
22684399
22684404
22684406
22684410
22684411
22684412
22684418
22684420
22684433
22684477
22684482
22684484
22684485
22684500
22684502
22684503
22684504
22684505
22684506
22684507
22684508
22684509
22684518
22684521
22684526
22684527
22684531
22684536
22684540
22684541
22684543
22684544
22684545
22684580
22684582
22684583
22684608
22684610
22684615
22684616
22684619
22684624
22684625
22684627
22684628
22684629
22684630
22684631
22684679
22684682
22684729
22684730
22684731
22684732
22684735
22684736
22684740
22684741
22684743
22684746
22684761
22684768
22684769
22684770
22684772
22684773
22684774
22684775
22684783
22684800
22684802
22684816
22684844
22684864
22684868
22684870
22684873
22684875
22684881
22684887
22684889
22684890
22684891
22684896
22684897
22684900
22684907
22684908
22684912
22684917
22684921
22684926
22684944
22684947
22684949
22684950
22684951
22684952
22684953
22684954
22684955
22684956
22684957
22684958
22684959
22684960
22684961
22684962
22684963
22684964
22684965
22684966
22684967
22684968
22684969
22684970
22684971
22684994
22684995
22684999
22685000
22685001
22685002
22685003
22685004
22685005
22685006
22685011
22685016
22685017
22685019
22685024
22685025
22685026
22685027
22685034
22685040
22685054
22685062
22685066
22685071
22685087
22685093
22685097
22685098
22685112
22685119
22685120
22685125
22685129
22685130
22685131
22685132
22685133
22685134
22685135
22685136
22685137
22685138
22685139
22685140
22685141
22685142
22685143
22685144
22685145
22685146
22685147
22685148
22685149
22685150
22685151
22685152
22685153
22685154
22685155
22685156
22685157
22685158
22685159
22685161
22685162
22685165
22685166
22685167
22685169
22685170
22685171
22685210
22685211
22685215
22685216
22685217
22685233
22685235
22685246
22685252
22685253
22685254
22685256
22685257
22685258
22685259
22685261
22685262
22685268
22685280
22685319
22685320
22685322
22685332
22685333
22685334
22685335
22685336
22685380
22685537
22685538
22685539
22685540
22685541
22685542
22685543
22685544
22685545
22685546
22685547
22685548
22685549
22685550
22685551
22685552
22685553
22685554
22685555
22685556
22685557
22685558
22685559
22685560
22685561
22685562
22685563
22685564
22685565
22685566
22685567
22685568
22685569
22685570
22685571
22685572
22685573
22685574
22685575
22685576
22685577
22685578
22685579
22685580
22685581
22685582
22685583
22685584
22685585
22685586
22685587
22685588
22685589
22685590
22685591
22685592
22685593
22685594
22685595
22685596
22685597
22685598
22685599
22685600
22685601
22685602
22685603
22685604
22685605
22685606
22685607
22685608
22685609
22685610
22685611
22685612
22685613
22685614
22685719
22685720
22685721
22685722
22685723
22685724
22685725
22685726
22685727
22685728
22685729
22685730
22685731
22685732
22685733
22685734
22685735
22685736
22685737
22685738
22685739
22685740
22685741
22685742
22685743
22685744
22685745
22685746
22685747
22685748
22685749
22685750
22685751
22685752
22685753
22685754
22685755
22685756
22685757
22685758
22685759
22685760
22685761
22685762
22685763
22685764
22685765
22685766
22685767
22685768
22685769
22685770
22685771
22685772
22685773
22685774
22685775
22685776
22685777
22685778
22685779
22685780
22685781
22685782
22685783
22685784
22685785
22685786
22685787
22685789
22685790
22685791
22685792
22685793
22685794
22685795
22685796
22685797
22685798
22685799
22685800
22685801
22685802
22685803
22685804
22685805
22685806
22685807
22685808
22685809
22685810
22685811
22685812
22685813
22685814
22685815
22685816
22685817
22685818
22685819
22685820
22685821
22685822
22685823
22685824
22685825
22685826
22685827
22685828
22685829
22685830
22685831
22685832
22685833
22685834
22686108
22686109
22686110
22686111
22686112
22686113
22686114
22686115
22686116
22686117
22686118
22686119
22686120
22686121
22686124
22686126
22686127
22686131
22686132
22686133
22686181
22686182
22686183
22686196
22686241
22686243
22686261
22686262
22686264
22686265
22686266
22686267
22686268
22686269
22686278
22686281
22686288
22686290
22686293
22686324
22686326
22686333
22686334
22686336
22686349
22686352
22686353
22686356
22686357
22686358
22686359
22686360
22686361
22686362
22686363
22686364
22686365
22686369
22686371
22686399
22686403
22686408
22686413
22686414
22686417
22686419
22686426
22686427
22686428
22686430
22686432
22686434
22686439
22686445
22686448
22686449
22686450
22686454
22686469
22686473
22686475
22686483
22686486
22686490
22686494
22686495
22686496
22686497
22686499
22686501
22686502
22686507
22686510
22686514
22686518
22686523
22686525
22686527
22686541
22686545
22686560
22686564
22686570
22686572
22686575
22686584
22686586
22686588
22686593
22686596
22686606
22686609
22686612
22686626
22686655
22686660
22686684
22686685
22686705
22686732
22686844
22686853
22686947
22686948
22686949
22686950
22686951
22686952
22686953
22686954
22686955
22686956
22686957
22686958
22686959
22687139
22687142
22687143
22687144
22687145
22687147
22687148
22687149
22687150
22687194
22687198
22687250
22687252
22687253
22687254
22687255
22687256
22687262
22687264
22687265
22687268
22687270
22687271
22687273
22687279
22687281
22687283
22687287
22687290
22687322
22687323
22687324
22687326
22687327
22687328
22687329
22687331
22687333
22687335
22687336
22687338
22687341
22687346
22687363
22687365
22687366
22687367
22687368
22687369
22687387
22687388
22687390
22687393
22687395
22687423
22687426
22687430
22687431
22687432
22687433
22687434
22687435
22687436
22687438
22687439
22687440
22687441
22687447
22687448
22687449
22687450
22687451
22687452
22687453
22687454
22687455
22687456
22687457
22687458
22687462
22687465
22687503
22687509
22687512
22687513
22687514
22687515
22687516
22687517
22687518
22687519
22687528
22687529
22687534
22687549
22687550
22687551
22687552
22687553
22687554
22687555
22687558
22687559
22687560
22687561
22687562
22687563
22687564
22687581
22687583
22687584
22687612
22687618
22687632
22687633
22687636
22687638
22687639
22687640
22687641
22687644
22687645
22687646
22687647
22687648
22687649
22687651
22687702
22687703
22687704
22687705
22687706
22687707
22687708
22687715
22687724
22687744
22687745
22687746
22687747
22687748
22687749
22687752
22687753
22687754
22687762
22687764
22687765
22687766
22687767
22687768
22687769
22687770
22687771
22687772
22687773
22687774
22687814
22687816
22687817
22687820
22687821
22687868
22687880
22687882
22687883
22687888
22687889
22687890
22687892
22687893
22687894
22687920
22687922
22687923
22687924
22687925
22687926
22687927
22687929
22687930
22687931
22687932
22687933
22687934
22687935
22687936
22687937
22687938
22687939
22687940
22687951
22687970
22687971
22687972
22687973
22687974
22687975
22687976
22687977
22687978
22687979
22687980
22687981
22687982
22687983
22688008
22688011
22688012
22688013
22688014
22688018
22688019
22688021
22688054
22688055
22688056
22688057
22688058
22688059
22688060
22688077
22688078
22688079
22688080
22688084
22688087
22688088
22688089
22688090
22688091
22688093
22688124
22688131
22688134
22688135
22688136
22688137
22688181
22688184
22688186
22688189
22688191
22688217
22688249
22688250
22688251
22688254
22688257
22688261
22688262
22688263
22688264
22688265
22688266
22688267
22688268
22688269
22688271
22688328
22688334
22688335
22688339
22688343
22688347
22688348
22688349
22688354
22688358
22688359
22688387
22688389
22688399
22688400
22688401
22688402
22688404
22688405
22688406
22688416
22688417
22688418
22688419
22688430
22688432
22688436
22688437
22688438
22688441
22688446
22688468
22688493
22688494
22688503
22688504
22688516
22688517
22688525
22688526
22688542
22688543
22688544
22688545
22688546
22688547
22688548
22688549
22688550
22688572
22688574
22688578
22688580
22688594
22688595
22688596
22688598
22688599
22688600
22688601
22688609
22688610
22688612
22688618
22688620
22688621
22688624
22688651
22688664
22688665
22688668
22688720
22688724
22688725
22688726
22688727
22688731
22688732
22688744
22688746
22688747
22688752
22688754
22688756
22688757
22688783
22688789
22688802
22688807
22688809
22688824
22688834
22688846
22688855
22688858
22688864
22688886
22688888
22688892
22688893
22688896
22688900
22688905
22688906
22688919
22688922
22688948
22688953
22688956
22688958
22688963
22688973
22689004
22689010
22689021
22689049
22689050
22689066
22689067
22689068
22689071
22689072
22689073
22689074
22689081
22689082
22689086
22689088
22689089
22689090
22689091
22689092
22689093
22689096
22689099
22689102
22689105
22689132
22689141
22689143
22689144
22689145
22689147
22689148
22689149
22689150
22689152
22689154
22689155
22689175
22689184
22689203
22689213
22689225
22689250
22689257
22689258
22689259
22689260
22689264
22689267
22689269
22689281
22689282
22689283
22689291
22689303
22689305
22689314
22689316
22689317
22689319
22689320
22689321
22689322
22689329
22689337
22689341
22689342
22689344
22689345
22689348
22689357
22689358
22689359
22689360
22689361
22689362
22689363
22689364
22689365
22689366
22689367
22689368
22689369
22689370
22689371
22689372
22689373
22689374
22689375
22689376
22689377
22689378
22689379
22689381
22689384
22689412
22689435
22689438
22689448
22689449
22689467
22689477
22689479
22689503
22689508
22689513
22689528
22689530
22689534
22689539
22689540
22689544
22689561
22689562
22689563
22689585
22689635
22689636
22689637
22689638
22689639
22689640
22689641
22689642
22689643
22689644
22689645
22689646
22689647
22689690
22689696
22689697
22689708
22689709
22689717
22689719
22689741
22689743
22689745
22689748
22689749
22689750
22689751
22689752
22689753
22689754
22689755
22689756
22689757
22689758
22689759
22689760
22689761
22689763
22689764
22689765
22689766
22689767
22689768
22689769
22689770
22689771
22689772
22689773
22689774
22689776
22689777
22689778
22689779
22689780
22689781
22689782
22689783
22689784
22689785
22689793
22689860
22689891
22689892
22689893
22689894
22689913
22689914
22689915
22689920
22689962
22690003
22690010
22690122
22690123
22690124
22690125
22690137
22690138
22690139
22690140
22690141
22690142
22690143
22690144
22690145
22690146
22690147
22690148
22690149
22690150
22690151
22690152
22690153
22690280
22690281
22690282
22690283
22690284
22690651
22690652
22690657
22690671
22690672
22690685
22690690
22690691
22690694
22690697
22690704
22690710
22690721
22690724
22690728
22690729
22690730
22690734
22690735
22690736
22690752
22690753
22690757
22690758
22690765
22690793
22690795
22690796
22690797
22690825
22690832
22690835
22690838
22690842
22690847
22690848
22690855
22690856
22690871
22690873
22690874
22690875
22690877
22690881
22690890
22690891
22690896
22690898
22690899
22690902
22690903
22690906
22690908
22690915
22690916
22690919
22690923
22690924
22690925
22690927
22690930
22690942
22690950
22690952
22690976
22690977
22691020
22691022
22691027
22691031
22691032
22691036
22691044
22691049
22691068
22691069
22691072
22691104
22691126
22691132
22691136
22691138
22691139
22691156
22691159
22691160
22691163
22691166
22691167
22691168
22691172
22691174
22691175
22691182
22691183
22691185
22691189
22691220
22691222
22691228
22691237
22691239
22691240
22691242
22691266
22691267
22691269
22691271
22691273
22691277
22691279
22691293
22691299
22691341
22691342
22691343
22691344
22691345
22691346
22691347
22691348
22691349
22691350
22691351
22691352
22691353
22691354
22691355
22691356
22691357
22691358
22691359
22691360
22691361
22691364
22691367
22691368
22691369
22691373
22691375
22691376
22691377
22691378
22691379
22691380
22691383
22691386
22691387
22691388
22691393
22691404
22691409
22691411
22691430
22691431
22691434
22691436
22691439
22691447
22691449
22691451
22691457
22691462
22691494
22691532
22691535
22691536
22691538
22691539
22691540
22691543
22691569
22691576
22691581
22691606
22691613
22691614
22691615
22691616
22691618
22691624
22691625
22691628
22691629
22691689
22691707
22691708
22691709
22691713
22691714
22691715
22691717
22691725
22691758
22691759
22691760
22691809
22691824
22691825
22691826
22691827
22691828
22691829
22691830
22691831
22691832
22691833
22691834
22691835
22691839
22691840
22691842
22691843
22691844
22691845
22691846
22691868
22691869
22691873
22691874
22691875
22691876
22691877
22691915
22691916
22691917
22691952
22691953
22691967
22691969
22691970
22691999
22692019
22692025
22692030
22692042
22692046
22692047
22692048
22692074
22692076
22692077
22692078
22692079
22692080
22692081
22692087
22692089
22692090
22692091
22692092
22692093
22692094
22692095
22692104
22692115
22692117
22692130
22692143
22692276
22692277
22692278
22692279
22692297
22692329
22692333
22692336
22692337
22692338
22692362
22692364
22692386
22692409
22692410
22692411
22692421
22692433
22692445
22692450
22692456
22692458
22692467
22692496
22692497
22692506
22692550
22692551
22692552
22692553
22692554
22692561
22692562
22692563
22692564
22692574
22692579
22692581
22692583
22692586
22692587
22692589
22692591
22692594
22692600
22692626
22692640
22692641
22692642
22692646
22692666
22692667
22692669
22692670
22692677
22692678
22692679
22692681
22692682
22692683
22692684
22692694
22692698
22692700
22692702
22692715
22692724
22692729
22692733
22692734
22692735
22692736
22692737
22692738
22692739
22692740
22692741
22692742
22692743
22692744
22692745
22692746
22692747
22692748
22692761
22692771
22692793
22692795
22692799
22692801
22692811
22692812
22692814
22692826
22692828
22692830
22692832
22692833
22692846
22692847
22692848
22692849
22692851
22692854
22692856
22692859
22692863
22692864
22692866
22692867
22692868
22692869
22692870
22692871
22692872
22692873
22692874
22692879
22692880
22692904
22692906
22692919
22692930
22692935
22692936
22692937
22692939
22692941
22692942
22692946
22692949
22692961
22692965
22692970
22692971
22692974
22692975
22692976
22692977
22692982
22692983
22692991
22692993
22693018
22693021
22693022
22693023
22693024
22693025
22693026
22693027
22693028
22693029
22693030
22693031
22693032
22693033
22693034
22693036
22693037
22693045
22693071
22693073
22693075
22693076
22693079
22693080
22693081
22693082
22693083
22693084
22693085
22693086
22693087
22693088
22693089
22693090
22693091
22693092
22693093
22693094
22693095
22693096
22693097
22693098
22693099
22693100
22693101
22693102
22693103
22693105
22693109
22693110
22693111
22693112
22693121
22693137
22693138
22693140
22693141
22693147
22693150
22693154
22693163
22693169
22693170
22693171
22693172
22693173
22693174
22693175
22693177
22693178
22693180
22693203
22693205
22693206
22693207
22693209
22693210
22693211
22693212
22693213
22693214
22693215
22693216
22693217
22693218
22693219
22693220
22693222
22693223
22693224
22693225
22693231
22693234
22693244
22693246
22693249
22693250
22693251
22693252
22693253
22693255
22693256
22693257
22693259
22693265
22693270
22693271
22693280
22693281
22693282
22693283
22693284
22693285
22693286
22693346
22693348
22693353
22693354
22693355
22693356
22693357
22693433
22693434
22693435
22693436
22693437
22693438
22693439
22693440
22693442
22693443
22693711
22693947
22693953
22693957
22693959
22693960
22693962
22693963
22693964
22693965
22693990
22694050
22694065
22694073
22694080
22694081
22694082
22694083
22694084
22694085
22694094
22694095
22694096
22694104
22694106
22694108
22694118
22694120
22694122
22694125
22694139
22694140
22694154
22694162
22694166
22694167
22694176
22694180
22694183
22694190
22694194
22694211
22694216
22694217
22694218
22694219
22694222
22694223
22694242
22694244
22694247
22694249
22694253
22694254
22694256
22694259
22694261
22694266
22694273
22694289
22694294
22694296
22694299
22694303
22694305
22694307
22694308
22694315
22694317
22694325
22694338
22694342
22694347
22694351
22694356
22694357
22694362
22694366
22694476
22694478
22694479
22694480
22694486
22694591
22694592
22694660
22694662
22694670
22694671
22694672
22694717
22694720
22694728
22694731
22694732
22694739
22694745
22694747
22694752
22694753
22694757
22694761
22694763
22694764
22694765
22694766
22694768
22694769
22694770
22694771
22694774
22694776
22694786
22694790
22694797
22694799
22694800
22694805
22694815
22694816
22694817
22694821
22694824
22694825
22694829
22694833
22694834
22694835
22694836
22694837
22694839
22694841
22694842
22694848
22694849
22694850
22694851
22694852
22694855
22694857
22694858
22694859
22694875
22694878
22694884
22694894
22694905
22694906
22694910
22694912
22694913
22694920
22694921
22694930
22694935
22694936
22694942
22694946
22694948
22694949
22694950
22694951
22694955
22694956
22694957
22694963
22694970
22694971
22694977
22694985
22694986
22694987
22694994
22694997
22694998
22694999
22695000
22695028
22695029
22695044
22695045
22695060
22695061
22695062
22695063
22695075
22695085
22695101
22695102
22695103
22695110
22695124
22695126
22695127
22695128
22695129
22695130
22695131
22695132
22695155
22695156
22695157
22695158
22695159
22695160
22695161
22695162
22695163
22695164
22695165
22695166
22695169
22695176
22695177
22695178
22695184
22695205
22695206
22695207
22695208
22695209
22695210
22695221
22695222
22695223
22695225
22695226
22695227
22695250
22695255
22695256
22695257
22695274
22695278
22695289
22695290
22695292
22695293
22695295
22695299
22695300
22695310
22695311
22695313
22695318
22695320
22695328
22695330
22695342
22695343
22695353
22695359
22695360
22695361
22695363
22695367
22695373
22695392
22695399
22695400
22695401
22695403
22695404
22695475
22695488
22695489
22695490
22695491
22695493
22695498
22695500
22695501
22695502
22695504
22695505
22695506
22695507
22695508
22695509
22695510
22695513
22695514
22695515
22695516
22695528
22695529
22695536
22695538
22695617
22695624
22695625
22695626
22695636
22695637
22695638
22695639
22695643
22695688
22695707
22695711
22695712
22695714
22695715
22695716
22695717
22695718
22695719
22695721
22695722
22695724
22695743
22695744
22695748
22695749
22695757
22695758
22695759
22695760
22695761
22695769
22695770
22695784
22695786
22695788
22695791
22695796
22695797
22695807
22695809
22695812
22695819
22695820
22695821
22695826
22695830
22695831
22695833
22695864
22695865
22695868
22695880
22695885
22695886
22695887
22695891
22695892
22695895
22695896
22695915
22695916
22695917
22695918
22695919
22695923
22695924
22695936
22695937
22695941
22695970
22695974
22695976
22695977
22695978
22695981
22696006
22696017
22696019
22696020
22696021
22696033
22696034
22696036
22696046
22696047
22696048
22696050
22696052
22696053
22696054
22696055
22696056
22696057
22696059
22696060
22696061
22696062
22696070
22696096
22696099
22696100
22696103
22696107
22696116
22696141
22696148
22696150
22696155
22696161
22696162
22696164
22696168
22696170
22696171
22696173
22696188
22696189
22696190
22696193
22696210
22696225
22696226
22696227
22696228
22696229
22696230
22696233
22696244
22696245
22696246
22696252
22696261
22696262
22696266
22696275
22696279
22696298
22696301
22696310
22696312
22696396
22696397
22696401
22696414
22696417
22696418
22696419
22696420
22696422
22696429
22696430
22696433
22696438
22696446
22696456
22696457
22696459
22696464
22696467
22696468
22696477
22696492
22696497
22696503
22696520
22696521
22696522
22696523
22696524
22696525
22696526
22696528
22696529
22696534
22696535
22696536
22696537
22696538
22696539
22696540
22696541
22696542
22696543
22696544
22696545
22696546
22696547
22696550
22696586
22696597
22696599
22696602
22696603
22696606
22696609
22696610
22696611
22697046
22697051
22697058
22697060
22697061
22697127
22697128
22697129
22697150
22697151
22697152
22697153
22697154
22697155
22697156
22697157
22697158
22697159
22697160
22697161
22697164
22697168
22697169
22697173
22697183
22697218
22697234
22697253
22697255
22697258
22697273
22697274
22697276
22697277
22697278
22697280
22697289
22697290
22697293
22697306
22697313
22697315
22697342
22697343
22697344
22697345
22697346
22697347
22697348
22697349
22697350
22697351
22697359
22697360
22697363
22697365
22697369
22697371
22697372
22697377
22697387
22697391
22697396
22697410
22697411
22697413
22697416
22697417
22697418
22697420
22697440
22697451
22697456
22697458
22697466
22697476
22697480
22697481
22697482
22697483
22697484
22697491
22697492
22697498
22697505
22697575
22697577
22697579
22697580
22697583
22697597
22697604
22697609
22697615
22697616
22697617
22697618
22697619
22697620
22697621
22697622
22697623
22697625
22697626
22697627
22697786
22697788
22697796
22697799
22697802
22697804
22697884
22697887
22697888
22697897
22697906
22697909
22698017
22698039
22698045
22698062
22698069
22698075
22698077
22698078
22698079
22698080
22698081
22698085
22698087
22698089
22698140
22698141
22698155
22698187
22698188
22698189
22698256
22698264
22698301
22698367
22698368
22698369
22698370
22698373
22698376
22698377
22698378
22698379
22698380
22698381
22698388
22698393
22698409
22698432
22698433
22698434
22698435
22698439
22698441
22698442
22698443
22698444
22698448
22698452
22698459
22698470
22698475
22698480
22698481
22698482
22698486
22698497
22698498
22698499
22698500
22698501
22698502
22698503
22698504
22698505
22698507
22698508
22698509
22698510
22698511
22698512
22698513
22698514
22698515
22698519
22698521
22698522
22698523
22698524
22698525
22698542
22698543
22698552
22698555
22698559
22698560
22698562
22698563
22698565
22698568
22698571
22698573
22698581
22698613
22698614
22698628
22698629
22698646
22698652
22698663
22698664
22698665
22698674
22698675
22698680
22698681
22698686
22698687
22698688
22698689
22698690
22698691
22698692
22698693
22698694
22698695
22698699
22698700
22698702
22698703
22698704
22698705
22698706
22698707
22698711
22698713
22698714
22698715
22698752
22698753
22698754
22698755
22698758
22698766
22698768
22698773
22698776
22698793
22698797
22698800
22698801
22698803
22698805
22698806
22698809
22698810
22698811
22698822
22698830
22698831
22698832
22698833
22698843
22698851
22698856
22698860
22698861
22698862
22698863
22698864
22698865
22698866
22698870
22698882
22698888
22698890
22698892
22698893
22698910
22698911
22698913
22698915
22698918
22698919
22698922
22698923
22698928
22698929
22698930
22698931
22698936
22698940
22698941
22698942
22698943
22698944
22698945
22698946
22698947
22698953
22698956
22698959
22698960
22698961
22698969
22698970
22698971
22698974
22698975
22698976
22698977
22698978
22698979
22698980
22698981
22698982
22698985
22698986
22698991
22698994
22698996
22698997
22698998
22698999
22699005
22699008
22699012
22699013
22699014
22699018
22699019
22699026
22699027
22699028
22699029
22699030
22699042
22699043
22699044
22699045
22699046
22699086
22699087
22699089
22699091
22699092
22699106
22699108
22699109
22699110
22699111
22699112
22699113
22699114
22699115
22699123
22699127
22699128
22699129
22699130
22699131
22699132
22699133
22699134
22699135
22699136
22699137
22699139
22699153
22699157
22699158
22699161
22699180
22699181
22699198
22699199
22699202
22699209
22699226
22699227
22699230
22699231
22699232
22699233
22699234
22699235
22699236
22699238
22699239
22699240
22699241
22699260
22699262
22699263
22699264
22699265
22699267
22699277
22699281
22699283
22699284
22699285
22699286
22699287
22699289
22699290
22699291
22699292
22699293
22699294
22699295
22699296
22699297
22699308
22699316
22699323
22699363
22699366
22699367
22699369
22699390
22699391
22699394
22699395
22699396
22699397
22699398
22699400
22699404
22699406
22699407
22699408
22699411
22699412
22699413
22699414
22699415
22699417
22699418
22699420
22699421
22699425
22699434
22699436
22699437
22699438
22699440
22699441
22699449
22699451
