22699452
22699456
22699513
22699520
22699521
22699524
22699525
22699526
22699527
22699528
22699529
22699534
22699535
22699536
22699537
22699538
22699539
22699540
22699541
22699542
22699543
22699544
22699545
22699546
22699547
22699548
22699549
22699550
22699564
22699565
22699658
22699678
22699679
22699684
22699690
22699691
22699692
22699693
22699694
22699701
22699706
22699708
22699709
22699710
22699711
22699713
22699716
22699718
22699745
22699751
22699752
22699753
22699754
22699755
22699756
22699777
22699786
22699789
22699794
22699797
22699803
22699804
22699806
22699810
22699814
22699818
22699821
22699822
22699823
22699824
22699825
22699834
22699844
22699852
22699857
22699868
22699869
22699870
22699881
22699882
22699883
22699888
22699889
22699923
22699924
22699928
22699934
22699952
22699967
22699969
22699973
22699978
22699979
22699980
22699981
22699982
22699983
22699984
22699985
22699986
22699987
22699988
22699989
22699990
22699991
22699992
22699993
22699994
22700001
22700002
22700003
22700005
22700011
22700030
22700031
22700035
22700049
22700066
22700080
22700081
22700082
22700084
22700086
22700087
22700131
22700192
22700193
22700194
22700218
22700257
22700258
22700259
22700309
22700315
22700327
22700329
22700330
22700331
22700332
22700355
22700356
22700361
22700364
22700367
22700369
22700371
22700373
22700377
22700382
22700383
22700389
22700390
22700394
22700420
22700421
22700436
22700437
22700438
22700441
22700442
22700444
22700445
22700446
22700454
22700462
22700463
22700471
22700472
22700473
22700474
22700475
22700477
22700545
22700547
22700548
22700552
22700584
22700585
22700586
22700587
22700650
22700651
22700652
22700653
22700654
22700663
22700664
22700665
22700666
22700667
22700668
22700669
22700670
22700671
22700672
22700676
22700677
22700678
22700680
22700684
22700685
22700696
22700697
22700702
22700703
22700723
22700727
22700793
22700795
22700799
22700800
22700801
22700803
22700821
22700822
22700825
22700826
22700827
22700828
22700829
22700830
22700831
22700832
22700853
22700856
22700857
22700858
22700859
22700860
22700861
22700862
22700863
22700865
22700866
22700867
22700868
22700871
22700872
22700873
22700874
22700875
22700877
22700878
22700879
22700880
22700881
22700884
22700885
22700886
22700887
22700888
22700889
22700890
22700933
22700940
22700942
22700945
22700946
22700947
22700948
22700949
22700969
22700971
22700992
22701015
22701016
22701018
22701042
22701043
22701315
22701316
22701317
22701318
22701319
22701320
22701321
22701873
22701874
22701875
22702003
22702004
22702005
22702006
22702007
22702008
22702219
22702235
22702239
22702307
22702342
22702345
22702349
22702357
22702358
22702360
22702362
22702363
22702364
22702365
22702366
22702367
22702368
22702375
22702387
22702388
22702391
22702397
22702400
22702410
22702415
22702416
22702418
22702419
22702473
22702477
22702493
22702534
22702538
22702643
22702658
22702716
22702721
22702735
22702745
22702746
22702806
22702835
22702841
22702842
22702843
22702889
22702891
22702895
22702896
22702897
22702898
22702899
22702900
22702907
22702953
22702956
22702966
22703028
22703031
22703043
22703050
22703051
22703054
22703110
22703114
22703119
22703169
22703170
22703171
22703172
22703173
22703174
22703175
22703176
22703177
22703178
22703179
22703181
22703186
22703188
22703191
22703232
22703233
22703235
22703238
22703277
22703282
22703300
22703301
22703333
22703334
22703372
22703373
22703374
22703382
22703383
22703385
22703386
22703439
22703448
22703449
22703471
22703473
22703519
22703520
22703525
22703531
22703536
22703540
22703541
22703547
22703548
22703549
22703555
22703559
22703560
22703563
22703564
22703565
22703585
22703586
22703596
22703599
22703600
22703606
22703611
22703615
22703640
22703641
22703643
22703646
22703647
22703648
22703649
22703650
22703651
22703652
22703653
22703654
22703655
22703656
22703657
22703658
22703659
22703660
22703661
22703662
22703663
22703664
22703665
22703666
22703667
22703668
22703669
22703670
22703671
22703672
22703674
22703691
22703692
22703693
22703696
22703697
22703699
22703703
22703704
22703705
22703706
22703710
22703711
22703714
22703725
22703754
22703757
22703761
22703831
22703833
22703834
22703843
22703844
22703845
22703846
22703865
22703870
22703872
22703874
22703877
22703889
22703891
22703892
22703893
22703897
22703898
22703899
22703905
22703924
22703945
22703947
22703948
22703952
22703953
22703954
22703964
22703973
22703975
22703977
22703984
22703988
22703993
22703994
22703995
22703998
22703999
22704000
22704001
22704002
22704003
22704004
22704028
22704032
22704035
22704036
22704037
22704038
22704043
22704045
22704049
22704051
22704052
22704056
22704057
22704058
22704070
22704075
22704076
22704077
22704079
22704128
22704130
22704131
22704134
22704142
22704143
22704150
22704171
22704172
22704185
22704186
22704189
22704192
22704193
22704194
22704195
22704196
22704197
22704198
22704204
22704208
22704209
22704210
22704211
22704213
22704217
22704222
22704235
22704236
22704237
22704238
22704239
22704240
22704242
22704248
22704249
22704250
22704251
22704252
22704276
22704277
22704278
22704279
22704281
22704282
22704283
22704284
22704285
22704286
22704287
22704291
22704304
22704305
22704306
22704307
22704309
22704310
22704312
22704313
22704314
22704315
22704317
22704319
22704320
22704321
22704322
22704323
22704359
22704362
22704363
22704387
22704388
22704389
22704390
22704391
22704392
22704393
22704394
22704395
22704399
22704400
22704401
22704402
22704403
22704426
22704457
22704461
22704462
22704464
22704479
22704480
22704481
22704482
22704483
22704492
22704493
22704525
22704532
22704533
22704538
22704546
22704548
22704549
22704563
22704579
22704581
22704584
22704585
22704596
22704604
22704605
22704607
22704608
22704609
22704610
22704639
22704640
22704643
22704644
22704654
22704657
22704662
22704663
22704666
22704677
22704680
22704681
22704682
22704683
22704692
22704695
22704696
22704707
22704709
22704710
22704732
22704733
22704759
22704760
22704763
22704768
22704770
22704771
22704773
22704774
22704775
22704776
22704784
22704785
22704788
22704789
22704790
22704791
22704805
22704806
22704807
22704808
22704809
22704810
22704823
22704824
22704825
22704826
22704832
22704833
22704834
22704839
22704847
22704848
22704849
22704850
22704852
22704853
22704854
22704856
22704874
22704885
22704886
22704887
22704888
22704889
22704890
22704891
22704892
22704893
22704903
22704905
22704912
22704913
22704914
22704917
22704919
22704921
22704922
22704923
22704925
22704926
22704937
22704942
22704943
22704945
22704946
22704948
22704960
22704965
22704966
22704967
22704971
22704972
22704975
22704977
22704978
22704979
22704981
22704986
22704987
22704989
22704990
22704991
22704993
22704996
22704997
22704998
22704999
22705000
22705001
22705002
22705008
22705010
22705015
22705018
22705024
22705032
22705036
22705037
22705038
22705042
22705043
22705044
22705045
22705046
22705047
22705048
22705049
22705050
22705053
22705054
22705055
22705059
22705060
22705063
22705065
22705071
22705077
22705078
22705080
22705082
22705083
22705089
22705091
22705092
22705093
22705099
22705100
22705101
22705107
22705117
22705118
22705121
22705124
22705129
22705130
22705131
22705132
22705133
22705134
22705135
22705136
22705137
22705138
22705140
22705141
22705142
22705143
22705145
22705147
22705148
22705149
22705150
22705153
22705154
22705158
22705159
22705164
22705165
22705166
22705167
22705168
22705169
22705173
22705175
22705178
22705179
22705195
22705197
22705198
22705199
22705200
22705203
22705204
22705205
22705206
22705212
22705213
22705215
22705219
22705220
22705228
22705232
22705235
22705236
22705237
22705240
22705241
22705242
22705243
22705244
22705245
22705246
22705250
22705252
22705253
22705255
22705256
22705261
22705264
22705267
22705272
22705274
22705276
22705282
22705285
22705286
22705292
22705293
22705295
22705299
22705309
22705313
22705314
22705315
22705321
22705325
22705326
22705327
22705328
22705329
22705330
22705331
22705335
22705338
22705339
22705341
22705342
22705343
22705344
22705345
22705346
22705348
22705349
22705350
22705351
22705352
22705355
22705359
22705361
22705362
22705364
22705365
22705366
22705367
22705368
22705369
22705374
22705375
22705376
22705377
22705380
22705381
22705391
22705392
22705395
22705399
22705400
22705401
22705402
22705403
22705404
22705405
22705407
22705408
22705409
22705414
22705415
22705416
22705417
22705418
22705441
22705442
22705447
22705451
22705453
22705459
22705460
22705461
22705462
22705463
22705469
22705471
22705472
22705474
22705475
22705476
22705480
22705481
22705492
22705493
22705505
22705543
22705551
22705555
22705556
22705557
22705559
22705560
22705563
22705571
22705572
22705573
22705581
22705583
22705588
22705589
22705590
22705591
22705592
22705596
22705597
22705624
22705625
22705626
22705633
22705634
22705635
22705636
22705648
22705652
22705653
22705656
22705670
22705706
22705707
22705708
22705711
22705724
22705749
22705750
22705762
22705763
22705764
22705765
22705766
22705771
22705772
22705773
22705774
22705775
22705776
22705777
22705778
22705792
22705793
22705794
22705795
22705796
22705797
22705798
22705806
22705810
22705811
22705812
22705823
22705824
22705835
22705854
22705855
22705856
22705857
22705858
22705859
22705860
22705862
22705864
22705865
22705866
22705867
22705869
22705870
22705873
22705874
22705877
22705878
22705879
22705880
22705881
22705882
22705883
22705884
22705885
22705886
22705887
22705896
22705901
22705903
22705904
22705905
22705906
22705910
22705911
22705921
22705922
22705924
22705927
22705947
22705949
22705954
22705955
22705969
22705972
22705973
22705975
22705981
22705982
22705984
22705988
22705991
22705992
22705993
22705995
22705996
22705997
22705998
22705999
22706024
22706025
22706026
22706027
22706028
22706029
22706041
22706044
22706045
22706046
22706047
22706048
22706049
22706050
22706051
22706052
22706053
22706054
22706055
22706056
22706057
22706058
22706059
22706060
22706061
22706062
22706063
22706064
22706065
22706066
22706067
22706068
22706069
22706070
22706072
22706145
22706146
22706147
22706148
22706149
22706150
22706151
22706152
22706162
22706170
22706183
22706184
22706202
22706203
22706205
22706206
22706208
22706209
22706276
22706277
22706278
22706283
22706284
22706285
22706286
22706287
22706288
22706290
22706310
22706317
22706318
22706319
22706320
22706325
22706326
22706342
22706344
22706347
22706348
22706349
22706350
22706378
22706380
22706381
22706383
22706399
22706400
22706405
22706445
22706447
22706448
22706449
22706476
22706478
22706522
22706551
22706564
22706570
22706571
22706578
22706597
22706601
22706602
22706603
22706627
22706628
22706629
22706630
22706631
22706632
22706633
22706638
22706639
22706649
22706650
22706655
22706663
22706665
22706669
22706674
22706675
22706676
22706677
22706678
22706681
22706691
22706692
22706693
22706697
22706698
22706699
22706701
22706703
22706720
22706721
22706722
22706729
22706731
22706733
22706734
22706778
22706792
22706794
22706796
22706798
22706799
22706802
22706803
22706841
22706849
22706850
22706851
22706852
22706853
22706854
22706855
22706856
22706857
22706858
22706859
22706860
22706861
22706862
22706863
22706864
22706865
22706866
22706867
22706868
22706869
22706870
22706871
22706876
22706877
22706879
22706880
22706887
22706888
22706904
22706905
22706907
22706912
22706917
22706918
22706919
22706924
22706927
22706936
22706938
22706943
22706944
22706947
22706955
22706956
22706957
22706959
22706966
22706967
22706972
22706974
22706982
22706984
22706986
22706993
22707001
22707016
22707017
22707018
22707040
22707041
22707043
22707044
22707045
22707050
22707056
22707059
22707067
22707068
22707069
22707072
22707077
22707078
22707081
22707082
22707083
22707088
22707091
22707093
22707094
22707096
22707114
22707116
22707117
22707147
22707153
22707154
22707155
22707156
22707157
22707158
22707175
22707182
22707183
22707184
22707191
22707196
22707197
22707198
22707199
22707200
22707202
22707205
22707207
22707211
22707212
22707213
22707214
22707215
22707225
22707227
22707285
22707286
22707287
22707301
22707306
22707312
22707320
22707328
22707335
22707342
22707343
22707344
22707345
22707347
22707352
22707357
22707360
22707361
22707376
22707378
22707384
22707388
22707389
22707392
22707395
22707398
22707399
22707406
22707408
22707412
22707430
22707442
22707444
22707450
22707459
22707460
22707461
22707462
22707471
22707476
22707477
22707484
22707485
22707486
22707518
22707519
22707521
22707522
22707524
22707561
22707562
22707564
22707565
22707566
22707609
22707610
22707611
22707612
22707613
22707639
22707641
22707642
22707643
22707644
22707645
22707646
22707647
22707648
22707649
22707743
22707745
22707746
22707747
22707748
22707749
22707750
22708076
22708483
22708499
22708501
22708504
22708505
22708506
22708507
22708511
22708514
22708519
22708521
22708522
22708524
22708542
22708545
22708551
22708553
22708554
22708557
22708576
22708578
22708580
22708584
22708588
22708605
22708609
22708613
22708615
22708619
22708628
22708629
22708632
22708638
22708640
22708642
22708644
22708647
22708649
22708651
22708652
22708656
22708663
22708666
22708669
22708671
22708677
22708679
22708682
22708687
22708689
22708694
22708695
22708701
22708704
22708708
22708711
22708723
22708734
22708738
22708778
22708785
22708789
22708790
22708793
22708795
22708796
22708800
22708802
22708803
22708804
22708806
22708827
22708828
22708834
22708835
22708837
22708841
22708847
22708849
22708869
22708877
22708880
22708881
22708900
22708916
22708918
22708919
22708921
22708952
22708954
22708955
22708956
22708958
22708961
22708964
22708966
22708978
22708995
22708996
22708997
22708998
22708999
22709000
22709006
22709010
22709128
22709142
22709238
22709239
22709240
22709243
22709244
22709245
22709259
22709260
22709261
22709262
22709263
22709264
22709265
22709269
22709271
22709272
22709274
22709277
22709320
22709331
22709333
22709334
22709335
22709338
22709349
22709355
22709356
22709358
22709367
22709368
22709370
22709371
22709372
22709373
22709380
22709382
22709384
22709409
22709410
22709412
22709418
22709419
22709420
22709421
22709424
22709427
22709431
22709432
22709434
22709437
22709440
22709441
22709442
22709462
22709475
22709476
22709478
22709481
22709511
22709513
22709523
22709524
22709526
22709529
22709535
22709536
22709542
22709552
22709553
22709555
22709556
22709558
22709559
22709561
22709570
22709580
22709581
22709582
22709583
22709587
22709589
22709590
22709591
22709592
22709603
22709611
22709612
22709616
22709625
22709631
22709649
22709658
22709659
22709667
22709668
22709671
22709672
22709673
22709680
22709683
22709689
22709693
22709719
22709723
22709732
22709784
22709785
22709786
22709787
22709792
22709828
22709829
22709849
22709850
22709851
22709852
22709872
22709873
22709891
22709905
22709917
22709919
22709925
22709929
22709932
22709933
22709934
22709935
22709936
22709940
22709941
22709943
22709947
22709950
22709951
22709952
22709953
22709954
22709955
22709960
22709971
22709975
22709976
22709982
22709985
22709986
22709987
22709990
22709993
22710008
22710026
22710027
22710033
22710064
22710065
22710066
22710067
22710068
22710069
22710076
22710080
22710081
22710082
22710083
22710091
22710092
22710096
22710098
22710099
22710106
22710113
22710114
22710115
22710116
22710117
22710118
22710119
22710120
22710121
22710122
22710138
22710139
22710140
22710146
22710148
22710190
22710193
22710194
22710244
22710250
22710251
22710252
22710253
22710254
22710263
22710265
22710271
22710278
22710279
22710280
22710281
22710282
22710285
22710286
22710290
22710291
22710292
22710293
22710294
22710295
22710318
22710320
22710323
22710333
22710336
22710337
22710344
22710345
22710349
22710353
22710357
22710360
22710361
22710362
22710370
22710375
22710378
22710379
22710380
22710381
22710389
22710390
22710397
22710405
22710406
22710408
22710418
22710419
22710427
22710440
22710492
22710524
22710525
22710549
22710550
22710551
22710552
22710553
22710554
22710555
22710556
22710563
22710564
22710568
22710569
22710572
22710574
22710576
22710577
22710580
22710581
22710603
22710605
22710617
22710618
22710619
22710620
22710624
22710628
22710630
22710631
22710633
22710638
22710639
22710640
22710642
22710643
22710644
22710645
22710646
22710648
22710649
22710659
22710706
22710707
22710708
22710709
22710732
22710735
22710745
22710746
22710747
22710748
22710759
22710767
22710768
22710769
22710770
22710772
22710775
22710776
22710777
22710778
22710779
22710780
22710789
22710791
22710811
22710812
22710821
22710855
22710856
22710861
22710863
22710877
22710885
22710891
22710901
22710931
22710932
22710939
22710940
22710955
22710957
22710960
22710975
22710977
22710988
22710989
22710990
22710991
22710994
22711013
22711015
22711025
22711028
22711029
22711055
22711057
22711173
22711174
22711175
22711196
22711198
22711199
22711200
22711202
22711209
22711210
22711213
22711215
22711217
22711222
22711233
22711238
22711239
22711243
22711249
22711250
22711251
22711259
22711266
22711271
22711275
22711276
22711277
22711278
22711280
22711281
22711306
22711307
22711308
22711309
22711311
22711312
22711313
22711314
22711329
22711330
22711331
22711335
22711338
22711364
22711365
22711366
22711371
22711372
22711373
22711374
22711383
22711385
22711386
22711387
22711388
22711389
22711390
22711391
22711392
22711393
22711394
22711395
22711396
22711397
22711398
22711399
22711400
22711401
22711402
22711426
22711427
22711428
22711445
22711448
22711458
22711470
22711474
22711477
22711489
22711491
22711492
22711493
22711494
22711497
22711499
22711506
22711514
22711516
22711520
22711543
22711546
22711547
22711548
22711549
22711550
22711561
22711565
22711577
22711582
22711584
22711586
22711587
22711588
22711589
22711605
22711609
22711622
22711624
22711625
22711626
22711627
22711628
22711629
22711630
22711631
22711632
22711633
22711634
22711635
22711636
22711637
22711638
22711639
22711640
22711641
22711642
22711644
22711648
22711657
22711667
22711675
22711677
22711680
22711684
22711687
22711690
22711691
22711702
22711704
22711705
22711706
22711708
22711709
22711730
22711732
22711734
22711735
22711736
22711737
22711738
22711739
22711743
22711747
22711748
22711749
22711757
22711758
22711764
22711765
22711766
22711783
22711800
22711845
22711849
22711851
22711895
22711896
22711897
22711898
22711899
22711900
22711901
22711902
22711906
22711907
22711908
22711909
22711956
22712413
22712414
22712415
22712416
22712417
22712418
22712419
22712420
22712421
22712422
22712423
22712424
22712425
22712426
22712427
22712434
22712440
22712444
22712461
22712462
22712474
22712479
22712482
22712484
22712495
22712499
22712500
22712503
22712504
22712514
22712515
22712520
22712523
22712526
22712528
22712529
22712530
22712531
22712533
22712539
22712541
22712549
22712552
22712553
22712558
22712559
22712561
22712562
22712563
22712571
22712576
22712578
22712610
22712613
22712617
22712619
22712622
22712636
22712653
22712656
22712665
22712667
22712683
22712685
22712695
22712702
22712716
22712718
22712724
22712725
22712726
22712728
22712744
22712750
22712751
22712752
22712753
22712756
22712760
22712761
22712763
22712764
22712769
22712772
22712784
22712786
22712790
22712800
22712809
22712810
22712811
22712812
22712813
22712814
22712815
22712826
22712827
22712830
22712832
22712852
22712871
22712881
22712882
22712884
22712885
22712888
22712890
22712893
22712896
22713090
22713096
22713097
22713098
22713103
22713105
22713106
22713108
22713112
22713116
22713118
22713123
22713125
22713126
22713129
22713131
22713132
22713137
22713138
22713139
22713140
22713141
22713142
22713143
22713144
22713145
22713146
22713147
22713148
22713149
22713150
22713151
22713152
22713153
22713154
22713155
22713157
22713158
22713166
22713179
22713180
22713181
22713182
22713183
22713184
22713185
22713186
22713187
22713188
22713189
22713190
22713191
22713192
22713193
22713194
22713195
22713196
22713197
22713198
22713199
22713200
22713201
22713202
22713203
22713204
22713205
22713206
22713207
22713210
22713211
22713212
22713237
22713238
22713239
22713240
22713243
22713244
22713262
22713263
22713264
22713278
22713279
22713282
22713283
22713286
22713287
22713289
22713290
22713298
22713299
22713300
22713301
22713303
22713305
22713310
22713311
22713337
22713338
22713339
22713363
22713366
22713430
22713431
22713452
22713456
22713476
22713477
22713478
22713485
22713486
22713493
22713504
22713505
22713506
22713509
22713511
22713512
22713513
22713514
22713520
22713523
22713544
22713547
22713549
22713550
22713551
22713553
22713587
22713591
22713592
22713593
22713594
22713599
22713601
22713608
22713620
22713621
22713622
22713623
22713624
22713649
22713650
22713651
22713652
22713653
22713654
22713656
22713657
22713658
22713659
22713660
22713661
22713662
22713663
22713664
22713665
22713670
22713671
22713672
22713673
22713674
22713675
22713676
22713680
22713689
22713692
22713693
22713694
22713696
22713697
22713711
22713712
22713714
22713715
22713716
22713718
22713719
22713720
22713726
22713735
22713740
22713742
22713743
22713744
22713745
22713759
22713760
22713762
22713764
22713766
22713768
22713770
22713771
22713774
22713791
22713792
22713795
22713798
22713799
22713800
22713836
22713853
22713854
22713855
22713856
22713857
22713858
22713907
22713908
22713926
22713927
22713928
22713932
22713972
22713973
22713974
22713975
22713976
22713977
22714004
22714005
22714006
22714007
22714008
22714009
22714041
22714043
22714047
22714048
22714049
22714050
22714051
22714054
22714057
22714062
22714070
22714071
22714072
22714073
22714074
22714075
22714076
22714077
22714078
22714079
22714080
22714081
22714084
22714096
22714106
22714114
22714118
22714119
22714120
22714140
22714142
22714145
22714181
22714205
22714237
22714259
22714260
22714263
22714264
22714267
22714268
22714282
22714291
22714302
22714315
22714353
22714363
22714377
22714380
22714389
22714398
22714399
22714400
22714403
22714404
22714405
22714406
22714407
22714408
22714409
22714410
22714411
22714412
22714413
22714421
22714422
22714423
22714424
22714537
22714539
22714546
22714551
22714560
22714569
22714573
22714580
22714581
22714582
22714583
22714585
22714586
22714587
22714589
22714630
22714631
22714641
22714643
22714648
22714649
22714652
22714674
22714678
22714684
22714685
22714687
22714690
22714707
22714710
22714711
22714720
22714730
22714746
22714747
22714803
22714804
22714815
22714819
22714823
22714832
22714833
22714834
22714838
22714839
22714840
22714841
22714842
22714843
22714844
22714845
22714846
22714847
22714848
22714849
22714850
22714851
22714852
22714853
22714854
22714855
22714856
22714857
22714858
22714859
22714860
22714861
22714862
22714870
22714879
22714880
22714894
22714899
22714901
22714911
22714912
22714913
22714914
22714915
22714916
22714917
22714918
22714919
22714920
22714921
22714922
22714923
22714924
22714926
22714927
22714928
22714929
22714930
22714931
22714939
22714949
22714977
22714978
22714979
22714992
22714994
22714995
22714999
22715005
22715022
22715026
22715027
22715030
22715033
22715041
22715042
22715043
22715045
22715050
22715055
22715058
22715062
22715070
22715089
22715102
22715108
22715109
22715110
22715111
22715113
22715116
22715123
22715126
22715129
22715131
22715135
22715136
22715137
22715139
22715141
22715146
22715151
22715155
22715156
22715169
22715170
22715171
22715173
22715175
22715178
22715179
22715294
22715460
22715475
22715491
22715495
22715496
22715499
22715806
22715813
22715814
22715817
22715818
22715819
22715820
22715821
22715822
22715823
22715824
22715825
22715826
22715827
22715828
22715829
22715830
22715831
22715832
22715833
22715834
22715835
22715836
22715837
22715838
22715839
22715840
22715841
22715842
22715848
22715851
22715852
22715860
22715861
22715862
22715863
22715864
22715865
22715870
22715885
22715890
22715896
22715902
22715903
22715904
22715905
22715914
22715916
22715917
22715918
22715920
22715926
22715929
22715932
22715940
22715943
22715947
22715951
22715964
22715968
22715972
22715975
22715983
22715984
22715985
22715987
22715994
22715995
22716002
22716003
22716004
22716005
22716007
22716008
22716011
22716012
22716014
22716016
22716017
22716024
22716027
22716028
22716029
22716039
22716041
22716044
22716046
22716070
22716073
22716076
22716077
22716079
22716096
22716103
22716105
22716106
22716107
22716108
22716109
22716110
22716111
22716112
22716126
22716127
22716165
22716184
22716188
22716194
22716198
22716200
22716203
22716205
22716217
22716221
22716225
22716226
22716228
22716234
22716236
22716240
22716242
22716243
22716244
22716245
22716246
22716247
22716248
22716249
22716250
22716251
22716252
22716253
22716254
22716255
22716256
22716257
22716258
22716276
22716277
22716281
22716287
22716293
22716294
22716301
22716309
22716311
22716317
22716461
22716473
22716475
22716646
22716648
22716649
22716656
22716662
22716664
22716763
22716767
22716772
22716774
22716777
22716902
22716903
22716912
22716916
22716917
22716920
22716921
22716923
22716936
22716937
22716940
22716942
22716944
22716955
22716959
22716963
22716969
22716995
22716997
22717000
22717005
22717009
22717010
22717011
22717012
22717015
22717021
22717022
22717024
22717041
22717042
22717048
22717053
22717054
22717055
22717063
22717064
22717065
22717066
22717067
22717068
22717069
22717071
22717074
22717075
22717087
22717089
22717090
22717094
22717097
22717100
22717101
22717102
22717106
22717120
22717123
22717126
22717148
22717155
22717156
22717161
22717163
22717164
22717166
22717167
22717169
22717189
22717196
22717206
22717207
22717210
22717211
22717212
22717218
22717219
22717222
22717223
22717233
22717235
22717240
22717243
22717244
22717245
22717248
22717250
22717253
22717265
22717270
22717273
22717275
22717276
22717278
22717280
22717281
22717297
22717299
22717300
22717315
22717320
22717321
22717328
22717329
22717330
22717335
22717336
22717337
22717340
22717343
22717355
22717356
22717358
22717359
22717360
22717370
22717377
22717379
22717386
22717412
22717414
22717415
22717416
22717417
22717418
22717419
22717420
22717423
22717455
22717457
22717461
22717465
22717466
22717476
22717489
22717490
22717502
22717503
22717504
22717506
22717507
22717508
22717509
22717511
22717515
22717516
22717517
22717521
22717526
22717527
22717531
22717541
22717542
22717543
22717544
22717545
22717546
22717552
22717555
22717591
22717592
22717593
22717603
22717606
22717619
22717620
22717621
22717644
22717647
22717648
22717649
22717650
22717651
22717654
22717657
22717668
22717669
22717672
22717673
22717683
22717684
22717685
22717686
22717688
22717689
22717690
22717691
22717694
22717697
22717721
22717722
22717724
22717725
22717726
22717728
22717729
22717737
22717758
22717759
22717768
22717769
22717776
22717777
22717778
22717782
22717791
22717843
22717844
22717845
22717857
22717858
22717859
22717860
22717861
22717862
22717870
22717871
22717872
22717873
22717874
22717875
22717876
22717877
22717878
22717879
22717880
22717881
22717889
22717890
22717922
22717923
22717924
22717925
22717926
22717927
22717928
22717929
22717930
22717947
22717959
22717974
22717975
22717976
22717980
22717983
22717984
22718017
22718024
22718074
22718075
22718076
22718085
22718089
22718094
22718104
22718106
22718107
22718108
22718109
22718110
22718111
22718112
22718114
22718115
22718116
22718117
22718118
22718119
22718120
22718121
22718125
22718126
22718127
22718128
22718129
22718130
22718131
22718132
22718136
22718137
22718138
22718141
22718144
22718148
22718152
22718187
22718188
22718192
22718194
22718198
22718200
22718220
22718221
22718226
22718243
22718244
22718245
22718246
22718248
22718251
22718254
22718259
22718262
22718269
22718270
22718279
22718280
22718281
22718282
22718283
22718288
22718299
22718301
22718303
22718304
22718307
22718308
22718309
22718316
22718319
22718330
22718331
22718332
22718333
22718334
22718335
22718336
22718337
22718354
22718355
22718359
22718360
22718393
22718395
22718396
22718397
22718403
22718404
22718405
22718406
22718407
22718408
22718410
22718411
22718415
22718425
22718429
22718432
22718433
22718439
22718462
22718463
22718464
22718465
22718467
22718481
22718482
22718485
22718490
22718502
22718503
22718504
22718505
22718506
22718507
22718508
22718509
22718510
22718511
22718512
22718513
22718514
22718515
22718516
22718518
22718520
22718523
22718524
22718528
22718530
22718531
22718532
22718533
22718535
22718539
22718540
22718556
22718557
22718558
22718562
22718563
22718570
22718573
22718636
22718671
22718672
22718673
22718674
22718675
22718676
22718677
22718680
22718681
22718684
22718685
22718690
22718703
22718704
22718705
22718708
22718709
22718773
22718774
22718775
22718783
22718800
22718805
22718809
22718822
22718841
22718842
22718843
22718844
22718845
22718846
22718847
22718856
22718859
22718861
22718863
22718865
22718867
22718868
22718869
22718884
22718885
22718887
22718888
22718889
22718890
22718902
22718903
22718904
22718905
22718906
22718907
22718908
22718909
22718910
22718931
22718932
22718933
22718934
22718935
22718936
22718937
22718938
22718939
22718940
22718941
22718942
22718943
22718944
22718945
22718946
22718947
22718969
22718970
22718971
22718972
22718973
22718974
22718976
22718977
22718978
22718979
22718980
22718981
22718982
22718983
22718995
22719015
22719018
22719019
22719028
22719029
22719030
22719031
22719032
22719033
22719034
22719035
22719036
22719037
22719038
22719039
22719040
22719041
22719060
22719065
22719066
22719067
22719068
22719069
22719070
22719074
22719206
22719207
22719208
22719209
22719210
22719228
22719229
22719230
22719231
22719232
22719233
22719818
22719819
22719820
22719821
22719822
22719823
22719824
22719825
22719826
22719827
22719828
22719829
22719830
22719831
22719832
22719833
22719834
22719835
22719836
22719837
22719838
22719839
22719840
22719841
22719842
22719843
22719844
22719845
22719846
22719847
22719848
22719849
22719850
22719851
22719852
22719853
22719854
22719855
22719856
22719857
22719858
22719859
22719860
22719861
22719862
22719863
22719864
22719865
22719866
22719867
22719868
22719869
22719870
22719871
22719872
22719873
22719874
22719875
22719876
22719877
22719878
22719879
22719880
22719881
22719882
22719883
22719884
22719885
22719886
22719887
22719888
22719889
22719890
22719891
22719892
22719893
22719894
22719895
22719896
22719897
22719898
22719899
22719900
22719901
22719902
22719903
22719904
22719905
22719906
22719907
22719908
22719909
22719910
22719911
22719912
22719913
22719914
22719915
22719916
22719917
22719918
22719919
22719920
22719921
22719922
22719923
22719924
22719925
22719926
22719927
22719928
22719929
22719930
22719931
22719932
22719933
22719934
22719935
22719936
22719937
22719938
22719939
22719940
22719941
22719942
22719943
22719944
22719945
22719946
22719947
22719948
22719949
22719950
22719951
22719952
22719953
22719954
22719955
22719956
22719957
22719958
22719959
22719960
22719961
22719962
22719963
22719964
22719965
22719966
22719967
22719968
22719969
22719970
22719971
22719972
22719973
22719974
22719975
22719976
22719977
22719978
22719979
22719980
22719981
22719982
22719983
22719984
22719985
22719986
22719987
22719988
22719989
22719990
22719991
22719992
22719993
22719994
22719995
22719996
22719997
22719998
22719999
22720000
22720001
22720002
22720003
22720004
22720005
22720006
22720007
22720008
22720009
22720010
22720011
22720012
22720013
22720014
22720015
22720016
22720017
22720018
22720019
22720020
22720021
22720022
22720023
22720024
22720025
22720026
22720027
22720028
22720029
22720030
22720031
22720032
22720033
22720034
22720035
22720036
22720037
22720038
22720039
22720040
22720041
22720042
22720043
22720044
22720045
22720046
22720047
22720048
22720049
22720050
22720051
22720052
22720053
22720054
22720055
22720056
22720057
22720058
22720059
22720060
22720061
22720062
22720063
22720064
22720065
22720066
22720067
22720068
22720069
22720070
22720071
22720072
22720073
22720074
22720075
22720076
22720077
22720078
22720079
22720080
22720081
22720082
22720083
22720084
22720085
22720086
22720087
22720088
22720089
22720090
22720091
22720092
22720093
22720094
22720095
22720656
22720657
22720667
22720668
22720670
22720672
22720673
22720691
22720697
22720712
22720720
22720726
22720728
22720732
22720735
22720748
22720753
22720755
22720757
22720758
22720760
22720763
22720776
22720780
22720782
22720784
22720788
22720792
22720796
22720797
22720800
22720801
22720802
22720820
22720821
22720822
22720823
22720824
22720825
22720826
22720827
22720828
22720829
22720831
22720832
22720833
22720837
22720842
22720845
22720870
22720872
22720874
22720876
22720880
22720881
22720883
22720892
22720894
22720895
22720896
22720897
22720898
22720899
22720901
22720902
22720904
22720906
22720975
22720976
22720978
22720998
22721001
22721002
22721005
22721162
22721171
22721173
22721175
22721253
22721260
22721261
22721265
22721266
22721267
22721269
22721273
22721275
22721276
22721353
22721361
22721371
22721372
22721396
22721423
22721431
22721433
22721435
22721444
22721449
22721451
22721454
22721472
22721474
22721475
22721476
22721477
22721478
22721479
22721480
22721481
22721482
22721483
22721484
22721485
22721486
22721487
22721488
22721489
22721495
22721503
22721507
22721528
22721546
22721547
22721548
22721551
22721553
22721556
22721557
22721567
22721568
22721571
22721572
22721573
22721574
22721575
22721576
22721580
22721582
22721583
22721584
22721587
22721590
22721591
22721592
22721593
22721594
22721595
22721596
22721598
22721599
22721601
22721602
22721603
22721604
22721607
22721610
22721611
22721612
22721613
22721615
22721629
22721630
22721632
22721633
22721634
22721635
22721636
22721639
22721640
22721641
22721645
22721646
22721647
22721649
22721674
22721675
22721676
22721680
22721681
22721683
22721687
22721695
22721699
22721702
22721704
22721705
22721711
22721712
22721713
22721714
22721715
22721716
22721718
22721719
22721721
22721724
22721726
22721728
22721733
22721734
22721735
22721736
22721737
22721738
22721739
22721740
22721741
22721742
22721743
22721744
22721745
22721746
22721747
22721748
22721749
22721750
22721751
22721752
22721753
22721759
22721760
22721765
22721775
22721781
22721806
22721807
22721817
22721819
22721825
22721828
22721829
22721830
22721831
22721832
22721833
22721834
22721835
22721836
22721845
22721846
22721847
22721848
22721849
22721850
22721851
22721852
22721853
22721854
22721855
22721856
22721863
22721867
22721869
22721870
22721871
22721872
22721873
22721874
22721876
22721880
22721881
22721882
22721883
22721884
22721885
22721886
22721887
22721888
22721889
22721890
22721891
22721892
22721893
22721894
22721895
22721896
22721897
22721898
22721899
22721900
22721901
22721902
22721904
22721905
22721906
22721907
22721908
22721910
22721911
22721917
22721918
22721919
22721920
22721922
22721923
22721927
22721928
22721929
22721931
22721933
22721935
22721938
22721942
22721944
22721946
22721947
22721948
22721949
22721950
22721951
22721952
22721953
22721954
22721959
22721963
22721968
22721969
22721970
22721976
22721977
22721979
22721980
22721981
22721982
22721983
22721984
22721987
22721989
22721990
22721993
22721994
22721995
22721996
22721997
22721998
22721999
22722000
22722009
22722010
22722011
22722012
22722015
22722017
22722018
22722020
22722021
22722022
22722023
22722024
22722025
22722030
22722031
22722040
22722049
22722050
22722052
22722055
22722057
22722059
22722063
22722064
22722065
22722068
22722069
22722077
22722078
22722079
22722080
22722081
22722083
22722089
22722090
22722091
22722092
22722094
22722096
22722098
22722099
22722101
22722102
22722139
22722142
22722143
22722144
22722145
22722146
22722147
22722209
22722226
22722235
22722236
22722237
22722238
22722239
22722240
22722241
22722242
22722243
22722244
22722245
22722246
22722247
22722257
22722265
22722266
22722308
22722310
22722311
22722312
22722314
22722315
22722322
22722324
22722325
22722331
22722345
22722364
22722366
22722374
22722376
22722377
22722378
22722379
22722384
22722385
22722386
22722387
22722388
22722389
22722424
22722425
22722451
22722472
22722476
22722477
22722478
22722482
22722485
22722486
22722488
22722489
22722490
22722493
22722494
22722496
22722498
22722499
22722500
22722501
22722502
22722503
22722504
22722505
22722506
22722507
22722508
22722509
22722510
22722511
22722512
22722513
22722514
22722515
22722516
22722537
22722538
22722540
22722546
22722560
22722596
22722597
22722610
22722611
22722612
22722613
22722614
22722638
22722639
22722640
22722645
22722650
22722651
22722656
22722665
22722678
22722685
22722695
22722701
22722702
22722703
22722704
22722705
22722706
22722710
22722711
22722712
22722713
22722715
22722721
22722722
22722723
22722724
22722725
22722726
22722727
22722728
22722729
22722731
22722732
22722739
22722740
22722741
22722742
22722743
22722744
22722745
22722746
22722747
22722748
22722749
22722751
22722756
22722757
22722758
22722759
22722760
22722762
22722763
22722764
22722766
22722772
22722778
22722803
22722806
22722810
22722811
22722812
22722813
22722814
22722815
22722816
22722817
22722819
22722822
22722824
22722827
22722869
22722874
22722875
22722879
22722883
22722884
22722885
22722893
22722894
22722900
22722901
22722905
22722910
22722925
22722926
22722929
22722936
22722938
22722951
22722952
22722953
22722954
22722958
22722959
22722977
22722983
22722984
22722985
22722988
22722989
22722990
22722991
22722992
22722993
22722994
22722995
22722996
22722997
22722998
22722999
22723000
22723001
22723002
22723004
22723015
22723016
22723017
22723018
22723023
22723024
22723025
22723026
22723027
22723028
22723029
22723030
22723031
22723033
22723034
22723050
22723062
22723069
22723070
22723071
22723072
22723073
22723074
22723079
22723080
22723081
22723082
22723083
22723084
22723085
22723086
22723090
22723110
22723125
22723128
22723150
22723179
22723201
22723226
22723227
22723228
22723229
22723230
22723231
22723232
22723233
22723234
22723235
22723236
22723237
22723238
22723239
22723241
22723242
22723243
22723244
22723253
22723254
22723255
22723256
22723257
22723259
22723260
22723261
22723264
22723266
22723268
22723285
22723286
22723287
22723288
22723289
22723293
22723294
22723310
22723311
22723312
22723313
22723314
22723315
22723316
22723317
22723318
22723319
22723320
22723321
22723322
22723323
22723324
22723325
22723326
22723327
22723328
22723329
22723330
22723332
22723333
22723334
22723339
22723340
22723341
22723342
22723343
22723370
22723371
22723375
22723376
22723377
22723378
22723427
22723428
22723446
22723447
22723451
22723455
22723493
22723494
22723497
22723498
22723501
22723512
22723513
22723514
22723515
22723528
22723529
22723540
22723547
22723548
22723551
22723572
22723595
22723596
22723597
22723599
22723600
22723601
22723625
22723626
22723627
22723628
22723629
22723630
22723631
22723633
22723640
22723641
22723642
22723643
22723645
22723648
22723649
22723650
22723651
22723658
22723659
22723669
22723670
22723672
22723674
22723675
22723676
22723677
22723678
22723679
22723681
22723715
22723745
22723746
22723747
22723748
22723749
22723830
22723831
22723832
22723833
22723834
22723835
22723836
22723837
22723838
22723839
22723840
22723841
22723842
22723843
22723844
22723845
22723846
22723847
22723848
22723849
22723850
22723851
22723852
22723853
22723854
22723855
22723856
22723857
22723858
22723859
22723860
22723861
22723862
22723863
22723864
22723865
22723866
22723867
22723868
22723869
22723870
22723871
22723872
22723873
22723874
22723875
22723876
22723877
22723878
22723879
22723880
22723881
22723882
22723883
22723884
22723885
22723886
22723887
22723888
22723889
22723890
22723891
22723892
22723893
22723894
22723895
22723896
22723897
22723898
22723899
22723900
22723901
22723902
22723903
22723904
22723905
22723906
22723907
22723908
22723909
22723910
22723911
22723912
22723913
22723914
22723915
22723916
22723917
22723918
22723919
22723920
22723921
22723922
22723923
22723924
22723925
22723926
22723927
22723928
22723929
22723930
22723931
22723932
22723933
22723934
22723935
22723936
22723937
22723938
22723939
22723940
22723941
22723942
22723943
22723944
22723945
22723946
22723947
22723948
22723949
22723950
22723951
22723952
22723953
22723954
22723955
22723956
22723957
22723958
22723959
22723960
22723961
22723962
22723963
22723964
22723965
22723966
22723967
22723968
22723969
22723970
22723971
22723972
22723973
22723974
22723975
22723976
22723977
22723978
22723979
22723980
22723981
22723982
22723983
22723984
22723985
22723986
22723987
22723988
22723989
22723990
22723991
22723992
22723993
22723994
22723995
22723996
22723997
22723998
22723999
22724000
22724001
22724002
22724003
22724004
22724005
22724006
22724007
22724008
22724009
22724010
22724011
22724012
22724013
22724014
22724015
22724016
22724017
22724018
22724019
22724020
22724021
22724022
22724023
22724024
22724025
22724026
22724027
22724028
22724106
22724108
22724113
22724120
22724121
22724122
22724381
22724384
22724385
22724387
22724388
22724394
22724425
22724426
22724434
22724436
22724438
22724440
22724442
22724443
22724444
22724447
22724453
22724454
22724457
22724478
22724500
22724502
22724503
22724504
22724506
22724511
22724512
22724517
22724518
22724519
22724523
22724526
22724528
22724530
22724532
22724536
22724540
22724544
22724546
22724549
22724552
22724558
22724562
22724576
22724577
22724584
22724588
22724589
22724590
22724591
22724592
22724595
22724596
22724597
22724598
22724599
22724600
22724602
22724606
22724609
22724610
22724611
22724612
22724613
22724614
22724615
22724616
22724621
22724635
22724636
22724638
22724639
22724640
22724641
22724642
22724643
22724644
22724645
22724646
22724647
22724648
22724651
22724652
22724653
22724654
22724659
22724664
22724675
22724679
22724888
22724889
22724890
22724894
22724897
22724898
22724917
22724919
22724922
22724924
22725096
22725098
22725099
22725102
22725130
22725135
22725136
22725137
22725252
22725255
22725258
22725263
22725611
22725613
22725618
22725619
22725621
22725632
22725641
22725642
22725648
22725649
22725650
22725653
22725655
22725659
22725660
22725661
22725662
22725666
22725671
22725675
22725676
22725679
22725681
22725686
22725693
22725697
22725698
22725700
22725703
22725704
22725705
22725706
22725707
22725709
22725711
22725714
22725718
22725726
22725731
22725830
22725833
22725835
22725838
22725843
22725847
22725966
22725969
22725970
22725977
22725981
22725982
22725983
22725985
22725987
22725988
22725989
22725992
22726064
22726065
22726066
22726067
22726068
22726069
22726070
22726071
22726072
22726073
22726122
22726123
22726124
22726127
22726128
22726133
22726202
22726203
22726209
22726216
22726217
22726218
22726221
22726223
22726224
22726225
22726226
22726227
22726230
22726234
22726242
22726249
22726250
22726253
22726254
22726255
22726256
22726257
22726258
22726259
22726260
22726267
22726269
22726298
22726303
22726310
22726314
22726316
22726320
22726343
22726345
22726348
22726354
22726361
22726362
22726384
22726398
22726404
22726406
22726407
22726408
22726409
22726410
22726411
22726412
22726413
22726414
22726415
22726417
22726419
22726423
22726425
22726426
22726453
22726456
22726457
22726459
22726465
22726466
22726467
22726468
22726470
22726471
22726472
22726473
22726474
22726475
22726476
22726477
22726478
22726479
22726480
22726481
22726482
22726483
22726484
22726485
22726492
22726493
22726497
22726527
22726532
22726539
22726553
22726555
22726566
22726569
22726575
22726578
22726581
22726595
22726597
22726603
22726607
22726608
22726609
22726612
22726615
22726622
22726623
22726624
22726635
22726637
22726640
22726641
22726655
22726666
22726669
22726670
22726674
22726692
22726693
22726694
22726695
22726698
22726699
22726700
22726701
22726707
22726720
22726721
22726756
22726757
22726759
22726760
22726814
22726816
22726817
22726818
22726819
22726843
22726848
22726865
22726879
22726880
22726881
22726882
22726884
22726885
22726888
22726895
22726908
22726919
22726920
22726924
22726925
22726926
22726927
22726928
22726929
22726930
22726931
22726932
22726933
22726934
22726938
22726994
22726995
22726996
22726997
22726998
22726999
22727000
22727001
22727002
22727003
22727004
22727005
22727006
22727007
22727008
22727009
22727010
22727011
22727015
22727016
22727017
22727024
22727025
22727029
22727030
22727031
22727032
22727033
22727034
22727035
22727038
22727041
22727044
22727046
22727047
22727049
22727050
22727051
22727052
22727053
22727054
22727055
22727056
22727057
22727062
22727065
22727067
22727068
22727115
22727116
22727117
22727118
22727131
22727141
22727142
22727146
22727176
22727177
22727178
22727179
22727180
22727182
22727183
22727184
22727185
22727189
22727191
22727192
22727193
22727194
22727198
22727199
22727200
22727201
22727202
22727204
22727205
22727206
22727207
22727213
22727216
22727219
22727220
22727223
22727236
22727243
22727244
22727245
22727253
22727255
22727260
22727261
22727276
22727315
22727322
22727323
22727333
22727336
22727339
22727340
22727341
22727342
22727393
22727394
22727412
22727413
22727414
22727415
22727416
22727417
22727435
22727442
22727443
22727445
22727446
22727447
22727448
22727449
22727451
22727452
22727453
22727454
22727455
22727462
22727465
22727466
22727467
22727468
22727469
22727476
22727481
22727482
22727483
22727484
22727485
22727486
22727487
22727493
22727494
22727496
22727497
22727499
22727500
22727501
22727503
22727505
22727508
22727512
