22727515
22727516
22727517
22727518
22727520
22727521
22727522
22727523
22727524
22727525
22727529
22727530
22727531
22727532
22727533
22727538
22727552
22727555
22727556
22727563
22727569
22727576
22727577
22727578
22727579
22727580
22727596
22727601
22727602
22727605
22727606
22727607
22727608
22727611
22727614
22727620
22727622
22727623
22727624
22727625
22727626
22727635
22727636
22727637
22727638
22727639
22727640
22727641
22727642
22727643
22727644
22727645
22727648
22727649
22727654
22727655
22727669
22727670
22727671
22727672
22727676
22727677
22727682
22727683
22727684
22727685
22727687
22727694
22727695
22727696
22727697
22727698
22727699
22727700
22727701
22727702
22727703
22727705
22727706
22727711
22727714
22727718
22727720
22727723
22727724
22727726
22727730
22727735
22727737
22727740
22727741
22727743
22727744
22727745
22727747
22727748
22727749
22727758
22727759
22727761
22727762
22727763
22727765
22727766
22727768
22727770
22727771
22727772
22727773
22727774
22727791
22727793
22727794
22727809
22727812
22727813
22727814
22727815
22727818
22727822
22727824
22727835
22727836
22727837
22727839
22727840
22727841
22727843
22727844
22727846
22727849
22727857
22727858
22727859
22727860
22727863
22727864
22727865
22727866
22727867
22727868
22727869
22727870
22727872
22727874
22727875
22727876
22727878
22727879
22727886
22727887
22727888
22727894
22727895
22727896
22727897
22727902
22727903
22727904
22727905
22727914
22727915
22727918
22727920
22727926
22727927
22727928
22727929
22727934
22727939
22727946
22727948
22727950
22727956
22727957
22727982
22727997
22728001
22728003
22728004
22728005
22728006
22728007
22728008
22728014
22728015
22728017
22728018
22728024
22728030
22728031
22728032
22728049
22728050
22728053
22728054
22728055
22728056
22728057
22728064
22728065
22728066
22728067
22728074
22728075
22728077
22728078
22728079
22728080
22728081
22728082
22728086
22728088
22728089
22728090
22728091
22728092
22728094
22728095
22728096
22728097
22728098
22728099
22728100
22728101
22728102
22728103
22728105
22728106
22728107
22728108
22728111
22728118
22728127
22728131
22728132
22728133
22728135
22728138
22728143
22728146
22728148
22728149
22728150
22728151
22728155
22728158
22728159
22728161
22728162
22728163
22728167
22728168
22728169
22728170
22728173
22728174
22728175
22728176
22728177
22728178
22728179
22728180
22728181
22728182
22728183
22728184
22728185
22728186
22728187
22728188
22728189
22728190
22728191
22728192
22728193
22728194
22728195
22728196
22728197
22728198
22728199
22728200
22728201
22728202
22728203
22728204
22728209
22728213
22728214
22728215
22728217
22728218
22728220
22728222
22728225
22728230
22728232
22728245
22728246
22728247
22728251
22728252
22728256
22728257
22728258
22728259
22728260
22728261
22728264
22728265
22728270
22728272
22728273
22728274
22728276
22728277
22728279
22728280
22728282
22728286
22728288
22728289
22728295
22728297
22728298
22728300
22728301
22728302
22728303
22728306
22728307
22728308
22728311
22728313
22728315
22728316
22728318
22728324
22728328
22728331
22728333
22728334
22728335
22728336
22728337
22728338
22728340
22728341
22728343
22728344
22728382
22728383
22728385
22728389
22728390
22728391
22728392
22728393
22728394
22728396
22728397
22728398
22728399
22728400
22728401
22728402
22728403
22728404
22728405
22728406
22728407
22728409
22728410
22728411
22728412
22728413
22728414
22728415
22728416
22728417
22728418
22728419
22728420
22728423
22728428
22728430
22728434
22728436
22728437
22728438
22728439
22728440
22728441
22728442
22728446
22728450
22728457
22728459
22728460
22728461
22728462
22728468
22728514
22728515
22728516
22728519
22728548
22728549
22728550
22728551
22728552
22728553
22728554
22728555
22728556
22728557
22728558
22728559
22728563
22728564
22728565
22728568
22728570
22728571
22728572
22728573
22728574
22728575
22728576
22728577
22728578
22728579
22728584
22728608
22728609
22728610
22728611
22728612
22728613
22728614
22728615
22728616
22728617
22728638
22728639
22728640
22728641
22728643
22728649
22728650
22728651
22728655
22728656
22728661
22728669
22728673
22728674
22728675
22728682
22728684
22728686
22728688
22728690
22728691
22728692
22728699
22728702
22728716
22728718
22728719
22728723
22728726
22728746
22728747
22728756
22728758
22728764
22728765
22728767
22728768
22728769
22728770
22728771
22728785
22728786
22728787
22728788
22728789
22728790
22728792
22728793
22728794
22728795
22728796
22728797
22728798
22728799
22728800
22728801
22728802
22728803
22728804
22728805
22728806
22728807
22728808
22728816
22728820
22728821
22728828
22728833
22728876
22728882
22728885
22728901
22728903
22728904
22728905
22728906
22728907
22728908
22728909
22728912
22728913
22728914
22728915
22728917
22728924
22728926
22728939
22728940
22728941
22728942
22728943
22728944
22728945
22728946
22728949
22728950
22728961
22728962
22728963
22728964
22728965
22728966
22728982
22729014
22729015
22729019
22729020
22729021
22729030
22729038
22729039
22729041
22729042
22729043
22729044
22729045
22729046
22729048
22729049
22729050
22729051
22729052
22729069
22729070
22729075
22729091
22729097
22729134
22729139
22729150
22729160
22729163
22729167
22729168
22729169
22729170
22729171
22729172
22729173
22729187
22729188
22729189
22729190
22729191
22729192
22729193
22729194
22729195
22729196
22729197
22729198
22729199
22729200
22729201
22729202
22729203
22729205
22729206
22729207
22729208
22729211
22729215
22729216
22729219
22729221
22729234
22729235
22729279
22729350
22729354
22729356
22729358
22729360
22729374
22729375
22729379
22729389
22729393
22729395
22729398
22729405
22729406
22729407
22729408
22729409
22729410
22729411
22729412
22729413
22729414
22729415
22729416
22729417
22729418
22729419
22729420
22729422
22729423
22729427
22729429
22729442
22729445
22729446
22729447
22729448
22729449
22729450
22729451
22729452
22729453
22729454
22729455
22729456
22729457
22729458
22729463
22729466
22729468
22729476
22729478
22729479
22729482
22729484
22729491
22729492
22729493
22729494
22729495
22729496
22729497
22729498
22729499
22729500
22729503
22729504
22729505
22729510
22729512
22729513
22729514
22729515
22729517
22729520
22729523
22729524
22729532
22729533
22729534
22729535
22729536
22729537
22729538
22729539
22729540
22729541
22729542
22729543
22729544
22729545
22729546
22729547
22729548
22729549
22729556
22729557
22729558
22729560
22729562
22729563
22729570
22729572
22729595
22729598
22729615
22729616
22729619
22729621
22729622
22729623
22729624
22729626
22729646
22729648
22729649
22729650
22729657
22729663
22729667
22729668
22729669
22729690
22729691
22729693
22729695
22729696
22729708
22729719
22729739
22729740
22729747
22729754
22729759
22729780
22729784
22729785
22729801
22729802
22729829
22729832
22729838
22729839
22729840
22729844
22729847
22729850
22729867
22729868
22729870
22729873
22729877
22729878
22729879
22729880
22729881
22729882
22729883
22729884
22729885
22729886
22729890
22729891
22729897
22729898
22729900
22729902
22729903
22729904
22729905
22729906
22729907
22729908
22729909
22729910
22729911
22729912
22729913
22729914
22729915
22729916
22729919
22729920
22729921
22729922
22729923
22729924
22729925
22729926
22729927
22729929
22729930
22729944
22729945
22729946
22729947
22729948
22729949
22729952
22729953
22729954
22729962
22729982
22729983
22729990
22729991
22729995
22729997
22730000
22730004
22730014
22730016
22730017
22730019
22730024
22730025
22730028
22730029
22730030
22730035
22730037
22730038
22730041
22730042
22730046
22730050
22730058
22730062
22730064
22730070
22730071
22730073
22730074
22730076
22730083
22730101
22730102
22730105
22730107
22730108
22730113
22730124
22730129
22730130
22730136
22730140
22730158
22730161
22730162
22730163
22730164
22730166
22730169
22730171
22730173
22730182
22730195
22730205
22730209
22730212
22730215
22730217
22730219
22730224
22730227
22730230
22730231
22730233
22730234
22730243
22730244
22730248
22730249
22730251
22730258
22730259
22730260
22730265
22730266
22730267
22730268
22730272
22730273
22730279
22730285
22730286
22730287
22730288
22730289
22730290
22730291
22730292
22730294
22730295
22730296
22730297
22730298
22730299
22730300
22730301
22730302
22730303
22730306
22730307
22730310
22730311
22730312
22730314
22730317
22730318
22730322
22730331
22730332
22730333
22730335
22730336
22730340
22730343
22730352
22730353
22730356
22730364
22730368
22730369
22730383
22730390
22730391
22730392
22730393
22730403
22730404
22730405
22730406
22730407
22730408
22730412
22730417
22730419
22730421
22730424
22730426
22730427
22730437
22730438
22730439
22730440
22730441
22730442
22730444
22730445
22730469
22730472
22730473
22730474
22730475
22730483
22730488
22730489
22730513
22730514
22730516
22730517
22730518
22730536
22730537
22730545
22730546
22730547
22730557
22730559
22730894
22730896
22730898
22730904
22730911
22730912
22730913
22730914
22730916
22730920
22730927
22730949
22730950
22730951
22730956
22731104
22731116
22731117
22731120
22731123
22731124
22731240
22731249
22731255
22731385
22731386
22731388
22731392
22731394
22731395
22731398
22731400
22731403
22731404
22731499
22731500
22731510
22731512
22731513
22731514
22731515
22731516
22731517
22731518
22731519
22731523
22731609
22731612
22731613
22731615
22731620
22731621
22731622
22731623
22731624
22731629
22731630
22731636
22731637
22731638
22731639
22731640
22731641
22731642
22731643
22731644
22731645
22731646
22731647
22731648
22731649
22731650
22731657
22731663
22731664
22731669
22731680
22731683
22731685
22731687
22731688
22731689
22731695
22731696
22731697
22731698
22731701
22731704
22731705
22731736
22731738
22731740
22731743
22731746
22731750
22731760
22731766
22731767
22731768
22731778
22731780
22731781
22731788
22731792
22731793
22731794
22731796
22731798
22731800
22731801
22731803
22731804
22731806
22731807
22731811
22731812
22731814
22731825
22731829
22731831
22731832
22731840
22731842
22731847
22731848
22731849
22731853
22731859
22731867
22731874
22731875
22731876
22731889
22731891
22731912
22731919
22731920
22731921
22731922
22731926
22731927
22731931
22731932
22731938
22731958
22731961
22731962
22731963
22731964
22731966
22731981
22731982
22731984
22731987
22731989
22731991
22732003
22732006
22732007
22732009
22732018
22732022
22732023
22732024
22732025
22732049
22732050
22732060
22732062
22732063
22732064
22732065
22732066
22732067
22732068
22732069
22732070
22732071
22732072
22732073
22732076
22732077
22732078
22732079
22732080
22732081
22732082
22732083
22732084
22732086
22732087
22732088
22732089
22732090
22732091
22732092
22732093
22732094
22732096
22732100
22732101
22732106
22732109
22732112
22732113
22732118
22732119
22732120
22732121
22732122
22732123
22732125
22732130
22732131
22732132
22732133
22732136
22732137
22732146
22732148
22732149
22732150
22732161
22732164
22732165
22732166
22732183
22732184
22732185
22732186
22732187
22732191
22732194
22732207
22732208
22732209
22732212
22732213
22732231
22732232
22732233
22732234
22732235
22732237
22732240
22732243
22732244
22732245
22732247
22732255
22732256
22732257
22732258
22732259
22732260
22732261
22732262
22732265
22732269
22732270
22732271
22732272
22732273
22732274
22732275
22732276
22732277
22732278
22732279
22732280
22732281
22732282
22732283
22732284
22732285
22732286
22732287
22732288
22732289
22732290
22732291
22732292
22732293
22732294
22732295
22732296
22732297
22732298
22732300
22732301
22732302
22732304
22732306
22732312
22732317
22732318
22732319
22732324
22732325
22732326
22732329
22732344
22732350
22732364
22732366
22732367
22732369
22732383
22732385
22732396
22732399
22732416
22732417
22732428
22732429
22732430
22732432
22732433
22732434
22732435
22732436
22732437
22732438
22732442
22732447
22732448
22732449
22732450
22732451
22732455
22732456
22732465
22732466
22732467
22732470
22732471
22732473
22732476
22732478
22732479
22732480
22732481
22732482
22732489
22732491
22732492
22732493
22732494
22732495
22732496
22732497
22732498
22732499
22732500
22732502
22732503
22732504
22732505
22732506
22732507
22732508
22732520
22732521
22732522
22732524
22732525
22732526
22732530
22732553
22732556
22732557
22732559
22732560
22732561
22732562
22732563
22732564
22732565
22732566
22732569
22732574
22732579
22732580
22732581
22732582
22732583
22732584
22732585
22732596
22732597
22732599
22732633
22732634
22732635
22732636
22732637
22732638
22732639
22732640
22732641
22732642
22732643
22732644
22732645
22732646
22732647
22732648
22732649
22732650
22732651
22732653
22732665
22732666
22732667
22732668
22732669
22732670
22732671
22732672
22732673
22732674
22732675
22732685
22732686
22732687
22732688
22732690
22732691
22732693
22732694
22732695
22732718
22732719
22732720
22732721
22732722
22732724
22732725
22732726
22732727
22732728
22732729
22732730
22732731
22732732
22732769
22732770
22732771
22732773
22732774
22732790
22732791
22732792
22732793
22732794
22732795
22732796
22732797
22732798
22732799
22732800
22732801
22732802
22732803
22732804
22732805
22732806
22732807
22732808
22732809
22732810
22732811
22732812
22732813
22732814
22732815
22732816
22732817
22732818
22732819
22732820
22732821
22732824
22732831
22732832
22732833
22732834
22732856
22732860
22732861
22732862
22732863
22732864
22732865
22732873
22732874
22732875
22732876
22732877
22732901
22732902
22732906
22732910
22732913
22732914
22732915
22732919
22732921
22732922
22732923
22732925
22732933
22732934
22732946
22733005
22733006
22733008
22733014
22733015
22733030
22733034
22733037
22733046
22733047
22733062
22733063
22733064
22733065
22733066
22733067
22733068
22733069
22733070
22733071
22733072
22733073
22733074
22733075
22733076
22733081
22733087
22733091
22733096
22733098
22733099
22733100
22733101
22733104
22733105
22733109
22733110
22733111
22733114
22733117
22733118
22733119
22733139
22733140
22733141
22733142
22733147
22733148
22733151
22733152
22733153
22733160
22733162
22733166
22733167
22733168
22733169
22733173
22733177
22733179
22733180
22733182
22733183
22733184
22733185
22733186
22733187
22733188
22733202
22733205
22733206
22733207
22733208
22733209
22733211
22733213
22733217
22733220
22733221
22733224
22733233
22733240
22733241
22733242
22733243
22733245
22733247
22733248
22733256
22733257
22733276
22733284
22733286
22733287
22733290
22733291
22733292
22733300
22733303
22733309
22733310
22733311
22733314
22733315
22733333
22733346
22733347
22733351
22733352
22733353
22733357
22733358
22733359
22733360
22733369
22733371
22733376
22733377
22733379
22733380
22733381
22733382
22733383
22733387
22733388
22733390
22733391
22733395
22733397
22733398
22733399
22733400
22733402
22733403
22733404
22733407
22733410
22733415
22733416
22733417
22733418
22733419
22733420
22733421
22733422
22733423
22733424
22733427
22733455
22733458
22733459
22733460
22733461
22733462
22733464
22733465
22733468
22733469
22733470
22733471
22733472
22733473
22733474
22733475
22733476
22733482
22733485
22733486
22733487
22733488
22733489
22733490
22733491
22733492
22733493
22733494
22733495
22733501
22733530
22733534
22733535
22733536
22733537
22733540
22733541
22733545
22733553
22733559
22733561
22733569
22733578
22733583
22733585
22733588
22733589
22733599
22733601
22733609
22733613
22733614
22733621
22733627
22733647
22733651
22733652
22733653
22733654
22733664
22733665
22733666
22733667
22733668
22733669
22733670
22733671
22733672
22733687
22733688
22733691
22733692
22733720
22733721
22733796
22733799
22733801
22733802
22733803
22733804
22733805
22733806
22733810
22733820
22733824
22733835
22733836
22733866
22733872
22733873
22733875
22733980
22733981
22734005
22734006
22734007
22734013
22734015
22734028
22734036
22734037
22734038
22734039
22734040
22734041
22734042
22734068
22734069
22734070
22734072
22734073
22734103
22734106
22734110
22734124
22734125
22734148
22734149
22734150
22734151
22734166
22734167
22734168
22734169
22734170
22734171
22734172
22734432
22734435
22734444
22734446
22734447
22734454
22734459
22734460
22734463
22734466
22734473
22734484
22734485
22734486
22734487
22734488
22734489
22734490
22734491
22734492
22734493
22734495
22734496
22734499
22734501
22734504
22734510
22734511
22734515
22734518
22734561
22734580
22734583
22734588
22734594
22734595
22734602
22734604
22734609
22734618
22734619
22734621
22734623
22734624
22734625
22734626
22734631
22734632
22734652
22734653
22734656
22734659
22734662
22734663
22734669
22734673
22734675
22734678
22734682
22734683
22734684
22734685
22734687
22734690
22734692
22734701
22734703
22734704
22734705
22734706
22734707
22734719
22734757
22734793
22734794
22734801
22734802
22734808
22734816
22734820
22734822
22734824
22734826
22734828
22734829
22734834
22734835
22734838
22734839
22734842
22734848
22734856
22734860
22734866
22734880
22734881
22734889
22734890
22734892
22734895
22734897
22734898
22734936
22734937
22734939
22734940
22734941
22734946
22734949
22734963
22734966
22734973
22734974
22735028
22735043
22735047
22735073
22735080
22735090
22735101
22735106
22735128
22735129
22735130
22735131
22735132
22735133
22735134
22735135
22735136
22735137
22735138
22735139
22735140
22735141
22735142
22735143
22735144
22735145
22735146
22735147
22735148
22735149
22735150
22735151
22735152
22735153
22735160
22735163
22735169
22735170
22735173
22735174
22735185
22735186
22735190
22735237
22735239
22735268
22735298
22735302
22735304
22735305
22735315
22735332
22735333
22735334
22735335
22735336
22735342
22735343
22735344
22735345
22735346
22735347
22735348
22735349
22735350
22735351
22735352
22735354
22735361
22735362
22735363
22735365
22735367
22735368
22735369
22735370
22735378
22735379
22735380
22735381
22735386
22735387
22735391
22735393
22735395
22735396
22735397
22735464
22735465
22735466
22735467
22735469
22735471
22735473
22735475
22735477
22735479
22735481
22735482
22735484
22735488
22735493
22735495
22735498
22735499
22735500
22735502
22735506
22735545
22735546
22735547
22735548
22735573
22735574
22735575
22735576
22735577
22735578
22735579
22735595
22735598
22735599
22735600
22735601
22735602
22735603
22735604
22735610
22735612
22735613
22735632
22735645
22735670
22735671
22735678
22735680
22735686
22735687
22735692
22735693
22735696
22735697
22735698
22735699
22735700
22735702
22735703
22735704
22735705
22735706
22735707
22735708
22735715
22735731
22735732
22735733
22735734
22735735
22735736
22735737
22735738
22735739
22735740
22735742
22735743
22735757
22735758
22735759
22735763
22735764
22735772
22735773
22735778
22735810
22735811
22735812
22735813
22735814
22735816
22735817
22735818
22735819
22735820
22735821
22735822
22735823
22735824
22735825
22735826
22735829
22735830
22735831
22735881
22735882
22735884
22735887
22735888
22735898
22735900
22735901
22735902
22735903
22735904
22735905
22735906
22735907
22735919
22735921
22735932
22735939
22735943
22735944
22735945
22735946
22735947
22735948
22735949
22735950
22735951
22735952
22735953
22735954
22735955
22735956
22735957
22735958
22735959
22735960
22735961
22735962
22735963
22735964
22735965
22735966
22735967
22735968
22735969
22735970
22735971
22735975
22735982
22735983
22735984
22736015
22736016
22736018
22736020
22736021
22736022
22736023
22736025
22736026
22736027
22736037
22736043
22736044
22736045
22736048
22736049
22736050
22736066
22736077
22736078
22736085
22736086
22736093
22736099
22736100
22736104
22736105
22736106
22736107
22736108
22736109
22736110
22736111
22736113
22736143
22736144
22736145
22736146
22736152
22736153
22736154
22736155
22736156
22736157
22736158
22736159
22736160
22736161
22736162
22736163
22736164
22736165
22736166
22736167
22736168
22736169
22736170
22736171
22736172
22736176
22736188
22736197
22736198
22736200
22736203
22736223
22736225
22736228
22736229
22736230
22736231
22736234
22736239
22736240
22736248
22736255
22736262
22736267
22736268
22736271
22736279
22736280
22736291
22736292
22736293
22736297
22736302
22736310
22736314
22736324
22736325
22736326
22736327
22736328
22736329
22736332
22736376
22736377
22736381
22736383
22736385
22736391
22736395
22736401
22736404
22736418
22736427
22736433
22736434
22736439
22736443
22736450
22736460
22736463
22736466
22736476
22736482
22736483
22736486
22736493
22736502
22736503
22736505
22736506
22736507
22736508
22736525
22736536
22736544
22736545
22736551
22736567
22736571
22736575
22736576
22736579
22736581
22736582
22736596
22736609
22736620
22736628
22736630
22736634
22736642
22736674
22736685
22736686
22736687
22736688
22736689
22736692
22736709
22736724
22736737
22736746
22736748
22736749
22736759
22736770
22736771
22736772
22736773
22736774
22736788
22736790
22736791
22736792
22736797
22736911
22736912
22736913
22736914
22736915
22736916
22736917
22736918
22736919
22736920
22736921
22736922
22736923
22736924
22736925
22736926
22736927
22736928
22736929
22736930
22736951
22737094
22737095
22737096
22737097
22737098
22737099
22737100
22737196
22737197
22737198
22737199
22737200
22737201
22737202
22737203
22737204
22737206
22737207
22737208
22737209
22737210
22737211
22737212
22737213
22737214
22737215
22737216
22737217
22737218
22737219
22737220
22737221
22737222
22737223
22737224
22737225
22737226
22737227
22737228
22737229
22737230
22737231
22737232
22737233
22737234
22737235
22737236
22737237
22737238
22737239
22737240
22737241
22737242
22737243
22737244
22737245
22737246
22737247
22737248
22737249
22737250
22737251
22737252
22737253
22737254
22737255
22737681
22737682
22737683
22737707
22737967
22737968
22737969
22737983
22737989
22738016
22738017
22738018
22738019
22738035
22738037
22738038
22738043
22738044
22738045
22738046
22738047
22738048
22738049
22738050
22738051
22738052
22738053
22738054
22738055
22738056
22738057
22738058
22738059
22738060
22738061
22738062
22738064
22738065
22738069
22738073
22738082
22738083
22738084
22738119
22738120
22738127
22738131
22738134
22738143
22738144
22738146
22738156
22738159
22738163
22738176
22738181
22738184
22738188
22738194
22738195
22738200
22738207
22738223
22738224
22738225
22738229
22738231
22738237
22738241
22738242
22738246
22738247
22738254
22738256
22738267
22738273
22738276
22738280
22738281
22738294
22738299
22738300
22738312
22738314
22738317
22738320
22738322
22738324
22738327
22738329
22738330
22738341
22738344
22738345
22738353
22738361
22738368
22738374
22738375
22738387
22738391
22738401
22738416
22738421
22738426
22738430
22738432
22738435
22738436
22738438
22738464
22738466
22738607
22738608
22738610
22738613
22738628
22738629
22738630
22738631
22738632
22738633
22738634
22738635
22738636
22738637
22738638
22738639
22738640
22738641
22738642
22738647
22738648
22738649
22738650
22738651
22738652
22738653
22738654
22738655
22738661
22738662
22738666
22738667
22738668
22738676
22738681
22738683
22738685
22738686
22738693
22738756
22738758
22738768
22738769
22738771
22738772
22738773
22738776
22738777
22738778
22738780
22738782
22738795
22738796
22738801
22738802
22738803
22738804
22738805
22738806
22738808
22738810
22738812
22738819
22738821
22738861
22738862
22738864
22738865
22738866
22738867
22738868
22738869
22738872
22738873
22738877
22738880
22738882
22738888
22738896
22738897
22738904
22738905
22738906
22738909
22738910
22738911
22738912
22738913
22738914
22738915
22738916
22738917
22738925
22738930
22738931
22738932
22738935
22738937
22738938
22738941
22738944
22738946
22738947
22738993
22738994
22738995
22738998
22739000
22739001
22739002
22739003
22739004
22739005
22739006
22739007
22739008
22739009
22739010
22739011
22739012
22739013
22739014
22739015
22739016
22739017
22739018
22739019
22739020
22739022
22739025
22739026
22739027
22739035
22739038
22739040
22739042
22739043
22739044
22739048
22739049
22739050
22739051
22739052
22739057
22739063
22739066
22739069
22739070
22739075
22739094
22739096
22739097
22739098
22739099
22739100
22739109
22739110
22739111
22739114
22739118
22739119
22739121
22739122
22739124
22739127
22739128
22739130
22739135
22739145
22739209
22739210
22739211
22739212
22739213
22739214
22739217
22739219
22739222
22739223
22739224
22739228
22739229
22739230
22739234
22739235
22739240
22739241
22739242
22739243
22739244
22739247
22739252
22739253
22739256
22739257
22739259
22739267
22739321
22739322
22739323
22739332
22739333
22739350
22739351
22739354
22739355
22739356
22739357
22739388
22739391
22739393
22739394
22739396
22739398
22739404
22739407
22739408
22739410
22739411
22739413
22739419
22739420
22739423
22739429
22739430
22739432
22739433
22739434
22739435
22739440
22739445
22739446
22739447
22739448
22739449
22739450
22739455
22739469
22739471
22739472
22739474
22739496
22739497
22739501
22739503
22739506
22739507
22739533
22739534
22739536
22739539
22739541
22739542
22739544
22739546
22739566
22739568
22739569
22739575
22739576
22739578
22739619
22739620
22739621
22739622
22739623
22739645
22739646
22739647
22739648
22739650
22739655
22739656
22739664
22739665
22739666
22739667
22739668
22739670
22739671
22739672
22739673
22739674
22739679
22739688
22739689
22739690
22739691
22739692
22739693
22739694
22739695
22739696
22739697
22739700
22739713
22739714
22739715
22739718
22739719
22739723
22739754
22739758
22739760
22739772
22739773
22739775
22739776
22739777
22739778
22739779
22739787
22739788
22739789
22739792
22739793
22739795
22739796
22739797
22739805
22739806
22739807
22739809
22739810
22739813
22739815
22739816
22739817
22739818
22739819
22739820
22739821
22739822
22739823
22739824
22739826
22739827
22739828
22739829
22739844
22739845
22739857
22739861
22739863
22739866
22739870
22739873
22739882
22739891
22739893
22739897
22739907
22739919
22739920
22739922
22739927
22739929
22739930
22739931
22739932
22739937
22739938
22739939
22739962
22739977
22739980
22739991
22739994
22739995
22740010
22740011
22740012
22740013
22740014
22740015
22740016
22740019
22740036
22740039
22740047
22740048
22740051
22740053
22740061
22740062
22740063
22740064
22740066
22740067
22740070
22740077
22740080
22740089
22740090
22740097
22740102
22740103
22740104
22740107
22740113
22740115
22740116
22740122
22740123
22740125
22740130
22740131
22740132
22740133
22740134
22740135
22740136
22740137
22740138
22740139
22740144
22740146
22740154
22740162
22740170
22740174
22740175
22740180
22740182
22740183
22740184
22740194
22740230
22740234
22740236
22740240
22740241
22740244
22740268
22740269
22740270
22740271
22740272
22740273
22740274
22740275
22740276
22740277
22740278
22740279
22740280
22740281
22740282
22740283
22740284
22740285
22740286
22740293
22740294
22740295
22740296
22740297
22740298
22740305
22740306
22740308
22740309
22740316
22740317
22740318
22740319
22740322
22740323
22740326
22740327
22740328
22740329
22740332
22740335
22740336
22740338
22740340
22740345
22740346
22740348
22740354
22740366
22740367
22740370
22740373
22740375
22740376
22740379
22740380
22740381
22740385
22740386
22740389
22740390
22740391
22740392
22740393
22740394
22740395
22740396
22740400
22740401
22740405
22740408
22740409
22740412
22740413
22740414
22740415
22740416
22740417
22740418
22740419
22740421
22740425
22740427
22740428
22740435
22740444
22740445
22740447
22740453
22740488
22740490
22740491
22740492
22740493
22740494
22740495
22740496
22740497
22740498
22740499
22740508
22740564
22740585
22740586
22740587
22740589
22740590
22740597
22740598
22740613
22740614
22740615
22740622
22740623
22740624
22740625
22740626
22740627
22740628
22740629
22740630
22740631
22740632
22740633
22740634
22740639
22740640
22740643
22740644
22740648
22740650
22740651
22740652
22740653
22740654
22740655
22740656
22740687
22740689
22740693
22740697
22740704
22740705
22740706
22740707
22740708
22740709
22740710
22740711
22740712
22740713
22740714
22740715
22740716
22740717
22740726
22740727
22740728
22740729
22740730
22740731
22740732
22740733
22740734
22740735
22740737
22740738
22740739
22740740
22740741
22740742
22740744
22740745
22740746
22740747
22740748
22740749
22740750
22740751
22740752
22740753
22740754
22740755
22740756
22740757
22740758
22740759
22740760
22740761
22740762
22740763
22740764
22741061
22741062
22741144
22741145
22741146
22741147
22741148
22741149
22741150
22741151
22741152
22741153
22741154
22741155
22741156
22741158
22741159
22741160
22741161
22741162
22741519
22741524
22741525
22741534
22741537
22741538
22741541
22741542
22741543
22741548
22741549
22741550
22741551
22741552
22741553
22741556
22741561
22741562
22741570
22741573
22741576
22741597
22741603
22741604
22741605
22741606
22741607
22741609
22741611
22741616
22741760
22741761
22741776
22741777
22741779
22741781
22741782
22741783
22741784
22741785
22741789
22741790
22741791
22741792
22741793
22741794
22741797
22741798
22741799
22741802
22741804
22741806
22741812
22741814
22741815
22741919
22741920
22741921
22741925
22741927
22741928
22741929
22741930
22741946
22742067
22742069
22742073
22742074
22742075
22742076
22742077
22742078
22742079
22742080
22742196
22742206
22742208
22742209
22742411
22742417
22742418
22742423
22742425
22742430
22742453
22742454
22742455
22742492
22742511
22742516
22742526
22742527
22742539
22742540
22742541
22742561
22742563
22742564
22742565
22742566
22742578
22742579
22742580
22742584
22742587
22742595
22742619
22742642
22742643
22742644
22742653
22742654
22742656
22742657
22742708
22742709
22742710
22742715
22742717
22742718
22742719
22742723
22742727
22742730
22742731
22742737
22742758
22742759
22742760
22742766
22742768
22742770
22742810
22742811
22742812
22742814
22742820
22742827
22742831
22742846
22742849
22742850
22742851
22742856
22742858
22742860
22742864
22742867
22742868
22742871
22742881
22742883
22742884
22742885
22742886
22742893
22742898
22742899
22742901
22742904
22742905
22742906
22742908
22742909
22742925
22742929
22742935
22742936
22742940
22742941
22742942
22742944
22742945
22742948
22742957
22742959
22742967
22742968
22742979
22742982
22742984
22742988
22742994
22742995
22742996
22742997
22742998
22743002
22743003
22743004
22743005
22743006
22743013
22743014
22743015
22743016
22743017
22743020
22743023
22743024
22743025
22743026
22743027
22743028
22743029
22743035
22743036
22743037
22743038
22743040
22743041
22743043
22743044
22743053
22743054
22743055
22743057
22743064
22743076
22743080
22743085
22743088
22743089
22743092
22743093
22743094
22743095
22743097
22743098
22743099
22743100
22743101
22743102
22743103
22743104
22743107
22743108
22743110
22743111
22743112
22743114
22743115
22743116
22743124
22743129
22743131
22743132
22743133
22743134
22743135
22743138
22743139
22743141
22743144
22743145
22743164
22743168
22743170
22743171
22743172
22743173
22743174
22743175
22743176
22743177
22743179
22743181
22743185
22743186
22743187
22743194
22743195
22743197
22743206
22743208
22743209
22743211
22743212
22743216
22743221
22743239
22743241
22743242
22743244
22743246
22743247
22743248
22743253
22743256
22743257
22743260
22743266
22743267
22743268
22743269
22743270
22743271
22743272
22743274
22743277
22743281
22743282
22743289
22743295
22743309
22743325
22743335
22743342
22743343
22743347
22743356
22743414
22743416
22743420
22743423
22743428
22743431
22743433
22743439
22743445
22743447
22743449
22743450
22743454
22743455
22743456
22743457
22743458
22743460
22743464
22743475
22743477
22743480
22743483
22743491
22743497
22743511
22743514
22743515
22743521
22743523
22743535
22743537
22743539
22743540
22743542
22743574
22743575
22743576
22743597
22743598
22743599
22743602
22743603
22743604
22743605
22743606
22743612
22743615
22743616
22743617
22743621
22743624
22743626
22743628
22743629
22743630
22743631
22743632
22743633
22743634
22743655
22743656
22743657
22743658
22743659
22743683
22743684
22743685
22743686
22743695
22743715
22743717
22743718
22743719
22743720
22743721
22743722
22743723
22743724
22743725
22743726
22743727
22743728
22743729
22743730
22743731
22743732
22743733
22743736
22743739
22743741
22743758
22743759
22743760
22743761
22743776
22743777
22743778
22743779
22743794
22743796
22743797
22743799
22743800
22743801
22743802
22743803
22743825
22743826
22743837
22743843
22743844
22743845
22743847
22744000
22744001
22744002
22744003
22744004
22744006
22744007
22744008
22744009
22744011
22744146
22744148
22744149
22744150
22744151
22744203
22744205
22744209
22744210
22744211
22744217
22744220
22744223
22744224
22744227
22744228
22744235
22744237
22744304
22744305
22744306
22744307
22744313
22744317
22744318
22744319
22744320
22744321
22744322
22744324
22744325
22744328
22744333
22744334
22744335
22744336
22744337
22744338
22744339
22744347
22744350
22744352
22744355
22744358
22744376
22744383
22744384
22744385
22744386
22744387
22744388
22744389
22744390
22744391
22744392
22744393
22744397
22744399
22744400
22744403
22744404
22744405
22744406
22744413
22744420
22744421
22744422
22744423
22744424
22744425
22744426
22744427
22744430
22744438
22744616
22744617
22744618
22744636
22744637
22744638
22744639
22744640
22744643
22744649
22744651
22744652
22744707
22744711
22744712
22744713
22744714
22744717
22744718
22744719
22744724
22744732
22744733
22744739
22744746
22744747
22744749
22744750
22744752
22744755
22744756
22744757
22744759
22744760
22744772
22744775
22744778
22744779
22744791
22744795
22744816
22744819
22744828
22744831
22744837
22744846
22744847
22744858
22744859
22744860
22744866
22744867
22744868
22744876
22744883
22744888
22744889
22744890
22744895
22744904
22744909
22744913
22744917
22744918
22744933
22744937
22744938
22744954
22744956
22744958
22744975
22744978
22744980
22744982
22744983
22744984
22744985
22745001
22745008
22745010
22745014
22745024
22745025
22745027
22745028
22745034
22745041
22745045
22745048
22745050
22745051
22745058
22745077
22745078
22745079
22745080
22745081
22745082
22745083
22745084
22745085
22745086
22745087
22745088
22745089
22745090
22745091
22745092
22745093
22745094
22745095
22745096
22745097
22745098
22745099
22745100
22745101
22745102
22745103
22745104
22745105
22745107
22745108
22745121
22745122
22745125
22745127
22745128
22745129
22745134
22745135
22745136
22745138
22745139
22745140
22745141
22745142
22745143
22745144
22745145
22745146
22745147
22745148
22745149
22745150
22745151
22745178
22745190
22745191
22745192
22745193
22745195
22745199
22745201
22745213
22745226
22745229
22745233
22745234
22745235
22745236
22745237
22745238
22745239
22745240
22745241
22745242
22745243
22745244
22745245
22745246
22745247
22745248
22745255
22745266
22745267
22745268
22745269
22745270
22745272
22745273
22745274
22745275
22745276
22745277
22745285
22745286
22745287
22745325
22745332
22745344
22745352
22745355
22745356
22745358
22745359
22745361
22745362
22745363
22745364
22745365
22745368
22745369
22745384
22745441
22745460
22745461
22745463
22745464
22745465
22745466
22745528
22745532
22745533
22745534
22745535
22745536
22745537
22745538
22745539
22745540
22745541
22745542
22745543
22745544
22745545
22745546
22745547
22745548
22745549
22745550
22745551
22745552
22745553
22745554
22745555
22745556
22745604
22745605
22745606
22745607
22745608
22745652
22745653
22745654
22745655
22745656
22745657
22745658
22745659
22745660
22745661
22745662
22745663
22745664
22745665
22745666
22745667
22745668
22745669
22745670
22745671
22745672
22745673
22745674
22745675
22745676
22745677
22745678
22745679
22745680
22745681
22745682
22745683
22745684
22745685
22745686
22745687
22745688
22745689
22745690
22745691
22745692
22745693
22745694
22745695
22745696
22745697
22745698
22745699
22745700
22745701
22745702
22745703
22745704
22745705
22745706
22745707
22745708
22745709
22745710
22745711
22745712
22745713
22745714
22745715
22745716
22745717
22745718
22745719
22745720
22745721
22745722
22745723
22745724
22745725
22745726
22745727
22745728
22745729
22745730
22745731
22745732
22745733
22745734
22745735
22745736
22745737
22745738
22745739
22745741
22745742
22745743
22745744
22745745
22745746
22745747
22745748
22745749
22745750
22745751
22745752
22745753
22745754
22745755
22745756
22745757
22745758
22745759
22745760
22745761
22745762
22745763
22745764
22745765
22745766
22745767
22745768
22745769
22745770
22745771
22745772
22745773
22745774
22745775
22745776
22745777
22745778
22745779
22745780
22745781
22745782
22745783
22745784
22745785
22745786
22745787
22745788
22745789
22745790
22745791
22745792
22745793
22745794
22745795
22745796
22745797
22745798
22745799
22745800
22745801
22745802
22745803
22745804
22745805
22745806
22745807
22745808
22745809
22745810
22745811
22745812
22745813
22745814
22745815
22745816
22745817
22745818
22745819
22745820
22745821
22745822
22745823
22745824
22745825
22745826
22745827
22745828
22745829
22745830
22745831
22745832
22745833
22745834
22745929
22745930
22745931
22745932
22745933
22745939
22746098
22746100
22746146
22746149
22746150
22746156
22746163
22746165
22746166
22746181
22746183
22746189
22746195
22746196
22746197
22746205
22746206
22746209
22746214
22746217
22746221
22746247
22746248
22746250
22746252
22746263
22746264
22746272
22746277
22746280
22746286
22746291
22746299
22746306
22746307
22746308
22746309
22746310
22746312
22746316
22746324
22746327
22746328
22746329
22746331
22746332
22746333
22746334
22746335
22746336
22746340
22746353
22746354
22746355
22746360
22746362
22746363
22746364
22746373
22746375
22746376
22746377
22746378
22746379
22746382
22746397
22746398
22746399
22746400
22746401
22746402
22746406
22746534
22746668
22746669
22746693
22746694
22746820
22746828
22746829
22746831
22746837
22746838
22746839
22746840
22746947
22746949
22746950
22746951
22746952
22746953
22746954
22746955
22746957
22746959
22746960
22746961
22746962
22746963
22746965
22746966
22746967
22746968
22746971
22746976
22746977
22746978
22746981
22746982
22746983
22746984
22746986
22746990
22746995
22746997
22747000
22747061
22747062
22747063
22747064
22747065
22747066
22747067
22747069
22747070
22747071
22747084
22747095
22747098
22747101
22747103
22747111
22747174
22747176
22747187
22747188
22747190
22747191
22747192
22747193
22747195
22747196
22747198
22747235
22747237
22747241
22747245
22747248
22747250
22747256
22747258
22747309
22747310
22747329
22747331
22747335
22747339
22747340
22747341
22747344
22747345
22747346
22747347
22747348
22747349
22747350
22747352
22747353
22747354
22747355
22747357
22747358
22747360
22747362
22747363
22747412
22747414
22747416
22747423
22747424
22747428
22747429
22747430
22747434
22747435
22747436
22747442
22747444
22747445
22747447
22747448
22747449
22747462
22747463
22747467
22747468
22747469
22747470
22747471
22747472
22747473
22747474
22747475
22747476
22747477
22747478
22747479
22747480
22747481
22747482
22747483
22747486
22747487
22747491
22747494
22747497
22747498
22747506
22747507
22747509
22747516
22747517
22747524
22747530
22747550
22747568
22747569
22747570
22747571
22747578
22747579
22747580
22747581
22747587
22747596
22747609
22747610
22747611
22747612
22747613
22747614
22747615
22747616
22747617
22747618
22747619
22747620
22747622
22747624
22747625
22747629
22747632
22747634
22747636
22747637
22747639
22747649
22747653
22747654
22747655
22747657
22747660
22747662
22747664
22747666
22747670
22747671
22747677
22747678
22747680
22747682
22747683
22747686
22747689
22747690
22747693
22747695
22747698
22747699
22747700
22747703
22747707
22747711
22747713
22747736
22747738
22747747
22747750
22747752
22747754
22747757
22747774
22747776
22747787
22747789
22747790
22747795
22747798
22747834
22747837
22747849
22747850
22747855
22747856
22747883
22747885
22747895
22747896
22747897
22747900
22747902
22747903
22747904
22747906
22747909
22747915
22747918
22747922
22747941
22747948
22747950
22747953
22747968
22747971
22747973
22747979
22747983
22747986
22747989
22747990
22747992
22747993
22747998
22747999
22748007
22748009
22748011
22748017
22748018
22748020
22748022
22748037
22748039
22748053
22748057
22748060
22748064
22748067
22748068
22748070
22748075
22748085
22748096
22748098
22748100
22748102
22748103
22748105
22748112
22748116
22748118
22748119
22748131
22748134
22748138
22748142
22748147
22748148
22748160
22748161
22748162
22748168
22748182
22748190
22748192
22748194
22748195
22748200
22748206
22748207
22748215
22748216
22748217
22748219
22748234
22748236
22748237
22748238
22748239
22748240
22748241
22748242
22748243
22748244
22748245
22748246
22748247
22748248
22748249
22748250
22748251
22748252
22748272
22748275
22748276
22748277
22748278
22748279
22748281
22748290
22748293
22748294
22748301
22748302
22748307
22748308
22748309
22748310
22748311
22748312
22748314
22748315
22748316
22748317
22748318
22748319
22748320
22748321
22748322
22748323
22748324
22748353
22748354
22748355
22748356
22748357
22748372
22748373
22748377
22748378
22748379
22748380
22748381
22748382
22748387
22748388
22748391
22748404
22748408
22748409
22748411
22748412
22748413
22748414
22748415
22748416
22748425
22748426
22748430
22748446
22748447
22748448
22748465
22748466
22748467
22748468
22748469
22748470
22748473
22748474
22748482
22748502
22748503
22748504
22748505
22748506
22748513
22748514
22748515
22748516
22748517
22748555
22748561
22748567
22748570
22748608
22748613
22748631
22748638
22748639
22748643
22748644
22748645
22748647
22748649
22748650
22748651
22748652
22748653
22748654
22748655
22748656
22748657
22748658
22748659
22748660
22748661
22748662
22748663
22748664
22748667
22748669
22748689
22748690
22748692
22748693
22748698
22748701
22748705
22748706
22748707
22748708
22748709
22748711
22748716
22748718
22748719
22748720
22748721
22748722
22748723
22748724
22748725
22748726
22748727
22748728
22748729
22748730
22748731
22748732
22748733
22748734
22748735
22748736
22748737
22748738
22748739
22748740
22748741
22748742
22748743
22748744
22748745
22748746
22748747
22748748
22748757
22748760
22748761
22748764
22748765
22748766
22748767
22748768
22748769
22748770
22748771
22748777
22748779
22748781
22748782
22748783
22748784
22748785
22748786
22748787
22748788
22748790
22748791
22748792
22748793
22748794
22748795
22748796
22748797
22748798
22748799
22748800
22748803
22748817
22748824
22748825
22748826
22748827
22748828
22748829
22748830
22748831
22748832
22748833
22748834
22748835
22748838
22748840
22748844
22748845
22748851
22748852
22748853
22748854
22748859
22748860
22748862
22748895
22748896
22748897
22748898
22748899
22748900
22748901
22748902
22748903
22748904
22748905
22748906
22748907
22748908
22748909
22748910
22748918
22748920
22748922
22748923
22748947
22748948
22748949
22748950
22748951
22748952
22748953
22748954
22748955
22748956
22748957
22748958
22748959
22748960
22748961
22748962
22748963
22748964
22748966
22748969
22748970
22748973
22748975
22748976
22749018
22749019
22749020
22749027
22749043
22749044
22749045
22749046
22749047
22749048
22749050
22749065
22749083
22749084
22749110
22749111
22749113
22749121
22749122
22749123
22749124
22749126
22749127
22749128
22749135
22749138
22749139
22749159
22749173
22749184
22749188
22749190
22749191
22749192
22749193
22749194
22749196
22749201
22749202
22749220
22749223
22749233
22749236
22749237
22749239
22749240
22749241
22749242
22749243
22749245
22749255
22749257
22749258
22749259
22749278
22749279
22749280
22749281
22749282
22749283
22749286
22749293
22749294
22749300
22749302
22749304
22749309
22749313
22749315
22749320
22749328
22749331
22749333
22749334
22749337
22749338
22749339
22749340
22749341
22749359
22749360
22749368
22749371
22749372
22749380
22749381
22749382
22749388
22749389
22749390
22749391
22749392
22749393
22749394
22749407
22749411
22749412
22749413
22749414
22749415
22749418
22749419
22749420
22749421
22749422
22749423
22749424
22749429
22749430
22749431
22749435
22749438
22749440
22749442
22749446
22749447
22749448
22749449
22749455
22749462
22749467
22749468
22749469
22749470
22749471
22749472
22749473
22749477
22749484
22749486
22749487
22749488
22749489
22749490
22749491
22749493
22749498
22749499
22749500
22749501
22749508
22749515
22749520
22749521
22749533
22749538
22749539
22749540
22749541
22749549
22749550
22749551
22749553
22749555
22749556
22749567
22749568
22749575
22749576
22749577
22749578
22749579
22749593
22749598
22749599
22749600
22749602
22749607
22749608
22749609
22749615
22749616
22749622
22749626
22749632
22749635
22749636
22749637
22749639
22749640
22749641
22749642
22749644
22749651
22749652
22749655
22749668
22749671
22749672
22749677
22749692
22749710
22749712
22749726
22749731
22749732
22749737
22749738
22749739
22749740
22749745
22749746
22749752
22749753
22749754
22749755
22749756
22749757
22749758
22749761
22749762
22749765
22749767
22749770
22749771
22749772
22749777
22749780
22749793
22749794
22749795
22749804
22749805
22749808
22749810
22749811
22749814
22749816
22749817
22749818
22749819
22749820
22749825
22749826
22749827
22749828
22749829
22749833
22749834
22749835
22749839
22749841
22749845
22749847
22749848
22749850
22749851
22749852
22749853
22749854
22749859
22749861
22749863
22749864
22749869
22749870
22749871
22749872
22749874
22749875
22749876
22749881
22749884
22749885
