22749886
22749887
22749888
22749889
22749890
22749892
22749893
22749897
22749902
22749903
22749907
22749911
22749912
22749913
22749914
22749916
22749920
22749923
22749924
22749925
22749927
22749928
22749932
22749933
22749934
22749935
22749943
22749944
22749946
22749951
22749952
22749956
22749957
22749958
22749960
22749961
22749962
22749968
22749969
22749970
22749971
22749972
22749976
22749977
22749978
22749985
22749986
22749987
22749988
22749989
22749990
22749991
22749992
22750007
22750008
22750009
22750010
22750011
22750012
22750013
22750014
22750015
22750016
22750024
22750025
22750026
22750027
22750029
22750030
22750031
22750032
22750042
22750044
22750045
22750054
22750055
22750056
22750057
22750061
22750062
22750063
22750064
22750065
22750066
22750074
22750075
22750076
22750080
22750081
22750082
22750083
22750086
22750090
22750093
22750094
22750095
22750098
22750100
22750101
22750106
22750107
22750108
22750109
22750110
22750111
22750112
22750113
22750114
22750115
22750118
22750119
22750120
22750121
22750122
22750123
22750124
22750125
22750126
22750128
22750129
22750131
22750132
22750133
22750136
22750137
22750138
22750139
22750141
22750142
22750145
22750148
22750159
22750162
22750164
22750165
22750166
22750167
22750168
22750169
22750172
22750173
22750174
22750175
22750176
22750177
22750178
22750179
22750180
22750183
22750184
22750185
22750186
22750190
22750191
22750193
22750195
22750200
22750206
22750208
22750209
22750210
22750212
22750213
22750214
22750215
22750218
22750219
22750220
22750221
22750232
22750233
22750234
22750239
22750240
22750241
22750242
22750247
22750248
22750251
22750253
22750261
22750262
22750263
22750264
22750265
22750266
22750268
22750276
22750277
22750278
22750279
22750280
22750287
22750288
22750289
22750290
22750291
22750292
22750293
22750294
22750295
22750307
22750308
22750309
22750313
22750327
22750328
22750332
22750333
22750350
22750351
22750387
22750388
22750395
22750396
22750397
22750398
22750399
22750400
22750402
22750403
22750405
22750407
22750408
22750410
22750411
22750416
22750429
22750430
22750432
22750433
22750434
22750435
22750436
22750437
22750444
22750445
22750446
22750449
22750450
22750451
22750452
22750453
22750454
22750455
22750458
22750459
22750461
22750462
22750463
22750464
22750467
22750469
22750475
22750476
22750479
22750480
22750481
22750482
22750483
22750484
22750485
22750486
22750487
22750488
22750493
22750494
22750495
22750496
22750497
22750498
22750499
22750500
22750501
22750502
22750503
22750504
22750510
22750511
22750512
22750514
22750515
22750516
22750518
22750521
22750526
22750528
22750529
22750530
22750531
22750532
22750533
22750534
22750535
22750537
22750538
22750539
22750540
22750541
22750542
22750544
22750545
22750547
22750548
22750549
22750550
22750552
22750554
22750555
22750556
22750558
22750559
22750560
22750561
22750567
22750568
22750569
22750570
22750572
22750573
22750574
22750575
22750576
22750578
22750579
22750580
22750582
22750583
22750584
22750585
22750586
22750587
22750588
22750589
22750627
22750628
22750631
22750633
22750634
22750635
22750636
22750638
22750641
22750642
22750648
22750650
22750651
22750652
22750653
22750654
22750655
22750656
22750657
22750659
22750660
22750665
22750666
22750670
22750672
22750673
22750674
22750675
22750677
22750678
22750679
22750680
22750688
22750689
22750691
22750718
22750720
22750721
22750723
22750725
22750726
22750727
22750728
22750730
22750733
22750735
22750736
22750737
22750738
22750739
22750740
22750748
22750751
22750760
22750762
22750773
22750774
22750775
22750791
22750792
22750802
22750842
22750843
22750844
22750845
22750847
22750849
22750850
22750851
22750852
22750881
22750882
22750883
22750884
22750887
22750888
22750890
22750892
22750893
22750894
22750895
22750896
22750897
22750898
22750899
22750901
22750902
22750903
22750904
22750905
22750906
22750907
22750908
22750914
22750928
22750929
22750930
22750931
22750932
22750933
22750934
22750935
22750936
22750937
22750938
22750939
22750940
22750941
22750942
22750947
22750948
22750949
22750950
22750974
22751002
22751004
22751005
22751006
22751007
22751008
22751009
22751010
22751011
22751012
22751013
22751014
22751135
22751136
22751142
22751197
22751210
22751211
22751212
22751213
22751214
22751220
22751221
22751222
22751223
22751263
22751280
22751283
22751287
22751333
22751334
22751336
22751337
22751338
22751348
22751378
22751379
22751385
22751395
22751397
22751402
22751413
22751417
22751419
22751429
22751434
22751435
22751436
22751437
22751438
22751439
22751440
22751441
22751442
22751444
22751448
22751458
22751462
22751463
22751464
22751465
22751466
22751467
22751470
22751473
22751507
22751508
22751513
22751514
22751529
22751531
22751532
22751533
22751534
22751535
22751536
22751537
22751538
22751539
22751540
22751541
22751542
22751543
22751544
22751545
22751546
22751547
22751548
22751564
22751566
22751567
22751611
22751620
22751622
22751624
22751649
22751650
22751654
22751655
22751689
22751690
22751691
22751694
22751695
22751696
22751700
22751702
22751703
22751704
22751705
22751706
22751707
22751708
22751709
22751710
22751711
22751712
22751713
22751714
22751715
22751716
22751717
22751718
22751719
22751720
22751721
22751722
22751723
22751724
22751725
22751726
22751727
22751730
22751731
22751747
22751748
22751749
22751782
22751783
22751784
22751794
22751805
22751809
22751850
22751851
22751852
22751853
22751855
22751856
22751857
22751858
22751859
22751860
22751865
22751866
22751905
22751907
22751922
22751934
22751935
22751938
22751940
22751950
22751955
22751958
22751959
22751960
22751961
22751962
22751963
22751964
22751965
22751966
22751967
22751976
22751977
22751978
22751979
22751980
22751981
22751982
22751984
22751985
22751986
22751987
22751989
22751994
22751995
22751999
22752004
22752005
22752010
22752020
22752022
22752026
22752028
22752031
22752032
22752033
22752034
22752035
22752036
22752037
22752038
22752039
22752042
22752049
22752052
22752054
22752059
22752061
22752071
22752073
22752076
22752082
22752085
22752086
22752091
22752102
22752123
22752145
22752146
22752147
22752151
22752155
22752157
22752159
22752160
22752161
22752162
22752163
22752164
22752165
22752166
22752167
22752168
22752169
22752170
22752171
22752172
22752173
22752174
22752175
22752176
22752177
22752178
22752179
22752180
22752182
22752185
22752189
22752190
22752193
22752195
22752198
22752209
22752219
22752220
22752240
22752247
22752256
22752257
22752258
22752259
22752270
22752287
22752288
22752289
22752290
22752291
22752292
22752293
22752294
22752308
22752319
22752320
22752322
22752327
22752336
22752340
22752354
22752355
22752360
22752368
22752380
22752382
22752393
22752400
22752401
22752403
22752405
22752412
22752438
22752439
22752445
22752446
22752455
22752458
22752471
22752473
22752483
22752487
22752488
22752490
22752491
22752493
22752494
22752495
22752507
22752510
22752515
22752516
22752517
22752520
22752531
22752532
22752537
22752538
22752549
22752550
22752552
22752556
22752567
22752599
22752601
22752602
22752607
22752608
22752609
22752610
22752611
22752612
22752615
22752617
22752619
22752624
22752625
22752626
22752631
22752632
22752633
22752634
22752635
22752636
22752637
22752638
22752646
22752647
22752657
22752658
22752665
22752666
22752669
22752672
22752691
22752692
22752693
22752694
22752695
22752696
22752697
22752699
22752700
22752707
22752713
22752716
22752717
22752721
22752723
22752724
22752725
22752735
22752736
22752737
22752746
22752747
22752754
22752755
22752761
22752762
22752763
22752764
22752765
22752766
22752767
22752768
22752769
22752770
22752771
22752772
22752773
22752774
22752775
22752776
22752777
22752778
22752779
22752780
22752792
22752795
22752798
22752800
22752804
22752805
22752816
22752839
22752840
22752841
22752842
22752843
22752848
22752874
22752878
22752880
22752882
22752888
22752889
22752891
22752926
22752932
22752933
22752937
22752949
22752950
22752968
22752969
22752970
22752977
22752981
22752982
22752983
22752984
22752985
22752986
22752987
22752993
22752995
22752999
22753002
22753003
22753019
22753022
22753023
22753024
22753025
22753026
22753027
22753029
22753030
22753031
22753032
22753033
22753044
22753053
22753054
22753057
22753059
22753060
22753062
22753070
22753073
22753081
22753082
22753093
22753094
22753095
22753097
22753098
22753105
22753106
22753109
22753114
22753118
22753119
22753125
22753126
22753127
22753128
22753129
22753134
22753135
22753136
22753137
22753147
22753148
22753149
22753170
22753192
22753195
22753205
22753206
22753208
22753210
22753211
22753213
22753214
22753215
22753216
22753217
22753218
22753219
22753220
22753221
22753222
22753223
22753224
22753225
22753226
22753228
22753229
22753230
22753231
22753232
22753234
22753237
22753238
22753239
22753241
22753258
22753261
22753262
22753266
22753274
22753276
22753277
22753280
22753297
22753298
22753303
22753307
22753309
22753325
22753337
22753339
22753340
22753341
22753343
22753344
22753354
22753355
22753358
22753362
22753367
22753368
22753380
22753381
22753386
22753388
22753392
22753393
22753399
22753400
22753407
22753410
22753412
22753415
22753508
22753517
22753518
22753546
22753593
22753613
22753614
22753615
22753616
22753617
22753618
22753623
22753625
22753626
22753627
22753628
22753629
22753630
22753631
22753632
22753633
22753634
22753635
22753636
22753637
22753638
22753647
22753648
22753649
22753650
22753651
22753652
22753653
22753654
22753655
22753657
22753658
22753660
22753661
22753669
22753671
22753677
22753678
22753766
22753767
22753769
22753772
22753773
22753774
22753785
22753786
22753787
22753788
22753789
22753790
22753791
22753792
22753793
22753794
22753795
22753796
22753802
22753803
22753804
22753805
22753806
22753807
22753808
22753846
22753847
22753869
22753872
22753908
22753918
22753924
22753925
22753945
22753951
22753953
22753954
22754053
22754054
22754055
22754056
22754057
22754058
22754059
22754060
22754061
22754062
22754063
22754064
22754065
22754066
22754067
22754068
22754069
22754070
22754071
22754072
22754073
22754074
22754075
22754076
22754077
22754078
22754079
22754276
22754278
22754279
22754280
22754283
22754284
22754285
22754286
22754287
22754288
22754289
22754290
22754291
22754292
22754293
22754294
22754455
22754456
22754457
22754458
22754459
22754460
22754461
22754462
22754463
22754464
22754465
22754466
22754467
22754468
22754469
22754470
22754471
22754472
22754473
22754474
22754475
22754476
22754477
22754478
22754479
22754480
22754481
22754482
22754483
22754484
22754485
22754486
22754896
22754897
22754898
22754899
22754900
22754901
22754902
22754903
22754904
22754905
22754906
22754907
22754908
22754909
22754910
22754911
22754917
22754918
22754919
22754921
22754922
22754923
22754924
22754925
22754926
22754928
22754929
22754930
22754931
22754932
22754933
22754934
22754935
22754936
22754937
22754938
22754939
22754940
22754941
22754942
22754943
22754944
22754945
22754946
22754947
22754948
22754949
22754950
22754951
22754952
22755505
22755509
22755516
22755554
22755556
22757489
22757490
22757491
22757492
22757493
22757494
22757495
22757496
22757497
22757498
22757499
22757500
22757501
22757502
22757503
22757504
22757505
22757506
22757507
22757592
22757593
22757594
22757595
22757596
22757597
22757598
22757599
22757600
22757601
22757602
22757603
22757614
22757626
22757627
22757633
22757638
22757645
22757657
22757659
22757663
22757664
22757668
22757684
22757685
22757742
22757747
22757750
22757753
22757757
22757758
22757759
22757760
22757761
22757762
22757771
22757943
22757951
22757961
22757963
22757966
22757972
22757978
22758207
22758208
22758211
22758212
22758219
22758351
22758367
22758368
22758369
22758371
22758372
22758374
22758377
22758378
22758379
22758385
22758386
22758388
22758390
22758393
22758394
22758395
22758396
22758398
22758399
22758608
22758610
22758659
22758778
22758782
22758785
22758786
22758791
22758794
22758894
22758906
22758915
22758918
22758925
22758926
22758927
22758929
22759064
22759065
22759066
22759070
22759071
22759081
22759086
22759087
22759191
22759193
22759194
22759211
22759215
22759230
22759234
22759239
22759264
22759275
22759276
22759309
22759310
22759311
22759312
22759313
22759314
22759315
22759317
22759320
22759338
22759340
22759345
22759347
22759352
22759353
22759355
22759360
22759362
22759365
22759370
22759373
22759382
22759389
22759394
22759395
22759396
22759397
22759398
22759401
22759408
22759412
22759413
22759435
22759437
22759440
22759444
22759446
22759447
22759465
22759478
22759524
22759530
22759531
22759532
22759533
22759534
22759535
22759536
22759537
22759539
22759542
22759543
22759544
22759545
22759546
22759547
22759548
22759549
22759550
22759551
22759552
22759553
22759554
22759555
22759556
22759559
22759560
22759561
22759565
22759566
22759587
22759596
22759610
22759611
22759612
22759613
22759614
22759615
22759616
22759617
22759618
22759624
22759625
22759628
22759629
22759630
22759631
22759638
22759642
22759643
22759644
22759645
22759646
22759681
22759698
22759701
22759702
22759704
22759716
22759717
22759724
22759725
22759726
22759727
22759728
22759729
22759730
22759732
22759734
22759743
22759756
22759757
22759758
22759759
22759760
22759761
22759762
22759763
22759764
22759765
22759767
22759768
22759769
22759770
22759771
22759772
22759774
22759775
22759776
22759777
22759778
22759779
22759780
22759781
22759782
22759783
22759784
22759785
22759787
22759789
22759790
22759791
22759793
22759794
22759795
22759796
22759797
22759798
22759799
22759800
22759801
22759802
22759803
22759804
22759805
22759807
22759808
22759810
22759839
22759840
22759841
22759842
22759843
22759844
22759845
22759846
22759847
22759848
22759849
22759850
22759851
22759852
22759853
22759854
22759855
22759856
22759858
22759859
22759860
22759861
22759864
22759866
22759879
22759880
22759881
22759884
22759885
22759887
22759888
22759889
22759890
22759891
22759892
22759893
22759894
22759895
22759896
22759897
22759898
22759901
22759902
22759903
22759904
22759905
22759906
22759907
22759908
22759909
22759946
22759947
22759948
22759949
22759978
22759980
22759981
22759982
22759983
22759987
22759988
22759993
22759994
22759995
22759996
22759997
22759998
22760016
22760017
22760026
22760027
22760028
22760032
22760033
22760034
22760035
22760036
22760037
22760038
22760039
22760041
22760042
22760043
22760044
22760045
22760046
22760047
22760048
22760049
22760050
22760051
22760052
22760057
22760060
22760061
22760063
22760064
22760069
22760070
22760071
22760072
22760073
22760074
22760075
22760089
22760103
22760105
22760106
22760107
22760109
22760110
22760112
22760117
22760121
22760122
22760123
22760124
22760125
22760126
22760127
22760128
22760129
22760130
22760131
22760132
22760133
22760134
22760135
22760136
22760137
22760138
22760139
22760140
22760141
22760142
22760143
22760144
22760145
22760146
22760147
22760148
22760149
22760150
22760151
22760153
22760167
22760201
22760208
22760209
22760213
22760214
22760217
22760219
22760223
22760230
22760238
22760239
22760240
22760241
22760243
22760247
22760248
22760257
22760258
22760259
22760295
22760297
22760300
22760301
22760302
22760303
22760347
22760348
22760349
22760350
22760351
22760352
22760353
22760354
22760417
22760433
22760434
22760436
22760437
22760438
22760439
22760443
22760445
22760449
22760453
22760455
22760456
22760457
22760458
22760459
22760460
22760461
22760462
22760463
22760464
22760465
22760466
22760477
22760488
22760494
22760495
22760497
22760521
22760523
22760526
22760527
22760528
22760541
22760544
22760545
22760546
22760577
22760578
22760581
22760583
22760584
22760585
22760589
22760590
22760599
22760601
22760602
22760603
22760604
22760606
22760641
22760662
22760663
22760670
22760676
22760677
22760678
22760679
22760680
22760681
22760682
22760685
22760690
22760691
22760692
22760704
22760726
22760729
22760743
22760744
22760745
22760746
22760747
22760748
22760749
22760750
22760751
22760752
22760753
22760754
22760755
22760756
22760757
22760758
22760759
22760760
22760761
22760764
22760765
22760766
22760767
22760768
22760769
22760770
22760771
22760772
22760775
22760779
22760780
22760782
22760786
22760787
22760812
22760813
22760820
22760821
22760822
22760840
22760843
22760846
22760848
22760849
22760855
22760856
22760860
22760863
22760864
22760867
22760868
22760869
22760873
22760916
22760917
22760922
22760926
22760945
22760950
22760952
22760953
22760962
22760963
22760965
22760966
22760970
22760972
22760973
22760974
22760990
22760996
22760997
22761000
22761003
22761004
22761007
22761012
22761013
22761014
22761017
22761022
22761024
22761025
22761026
22761028
22761038
22761039
22761040
22761046
22761047
22761055
22761058
22761059
22761062
22761084
22761106
22761109
22761113
22761128
22761129
22761152
22761154
22761163
22761164
22761170
22761171
22761172
22761176
22761178
22761183
22761184
22761185
22761186
22761187
22761188
22761189
22761190
22761191
22761192
22761193
22761195
22761243
22761244
22761245
22761246
22761247
22761248
22761249
22761256
22761257
22761263
22761275
22761276
22761277
22761278
22761294
22761295
22761296
22761297
22761298
22761299
22761300
22761301
22761302
22761303
22761304
22761305
22761306
22761310
22761325
22761327
22761329
22761330
22761331
22761334
22761335
22761336
22761337
22761348
22761364
22761365
22761366
22761367
22761368
22761369
22761370
22761371
22761372
22761373
22761374
22761375
22761376
22761377
22761378
22761379
22761380
22761381
22761382
22761383
22761384
22761385
22761386
22761387
22761389
22761397
22761398
22761404
22761405
22761406
22761415
22761416
22761417
22761418
22761421
22761423
22761424
22761426
22761427
22761428
22761430
22761433
22761435
22761436
22761437
22761443
22761444
22761446
22761449
22761452
22761453
22761458
22761459
22761460
22761461
22761462
22761463
22761474
22761477
22761478
22761479
22761480
22761482
22761483
22761484
22761485
22761487
22761493
22761516
22761517
22761518
22761519
22761520
22761521
22761522
22761523
22761524
22761525
22761526
22761527
22761528
22761529
22761530
22761531
22761532
22761533
22761534
22761535
22761847
22761848
22761849
22761850
22761851
22761852
22761853
22761854
22761855
22761856
22761857
22761858
22761859
22761860
22761861
22761862
22761863
22761864
22761865
22761866
22761867
22761868
22761869
22761870
22761871
22761872
22761873
22761874
22761875
22761876
22761877
22761878
22761879
22761880
22761881
22761882
22761883
22761884
22761885
22761886
22761887
22761888
22761889
22761890
22761891
22761892
22761893
22761894
22761895
22761896
22761897
22761898
22761899
22761900
22761901
22761902
22761903
22761904
22761905
22761906
22761907
22761908
22761909
22761910
22761911
22761912
22761913
22761914
22761915
22761916
22761917
22761918
22761919
22761920
22761921
22761922
22761923
22761924
22761925
22761926
22761927
22761928
22761929
22761930
22761931
22761932
22761933
22761934
22761935
22761936
22761937
22761938
22761939
22761940
22761941
22761942
22761943
22761944
22761945
22761946
22761947
22761948
22761949
22761950
22761951
22761952
22761953
22761954
22761955
22761956
22761957
22761958
22761959
22761960
22761961
22762062
22762063
22762064
22762065
22762066
22762067
22762068
22762069
22762070
22762071
22762072
22762073
22762074
22762075
22762076
22762077
22762078
22762146
22762147
22762156
22762158
22762184
22762185
22762186
22762187
22762188
22762189
22762190
22762197
22762198
22762202
22762205
22762206
22762211
22762239
22762246
22762249
22762250
22762252
22762254
22762256
22762257
22762268
22762271
22762280
22762282
22762283
22762289
22762290
22762292
22762302
22762303
22762304
22762309
22762346
22762347
22762350
22762358
22762370
22762372
22762373
22762381
22762390
22762391
22762394
22762409
22762418
22762420
22762432
22762435
22762437
22762439
22762443
22762444
22762452
22762453
22762459
22762478
22762479
22762482
22762484
22762500
22762501
22762510
22762512
22762520
22762523
22762524
22762525
22762526
22762527
22762528
22762529
22762533
22762542
22762543
22762544
22762553
22762562
22762695
22762696
22762697
22762698
22762699
22762700
22762701
22762702
22762703
22762704
22762705
22762711
22762712
22762713
22762714
22762715
22762716
22762717
22762718
22762719
22762720
22762721
22762724
22762725
22762727
22762728
22762729
22762733
22762785
22762792
22762840
22762841
22762842
22762853
22762855
22762859
22762861
22762866
22762887
22762892
22762893
22762897
22762898
22762899
22762900
22762901
22762902
22762903
22762905
22762906
22762909
22762912
22762922
22762941
22762942
22762943
22762944
22762960
22762965
22762966
22762968
22762969
22762979
22762987
22762990
22762991
22762993
22762994
22762995
22762996
22762997
22763001
22763005
22763006
22763007
22763008
22763009
22763010
22763011
22763013
22763014
22763015
22763016
22763017
22763019
22763023
22763028
22763031
22763032
22763033
22763034
22763035
22763036
22763037
22763042
22763043
22763044
22763051
22763055
22763057
22763059
22763060
22763068
22763069
22763070
22763071
22763072
22763073
22763074
22763075
22763076
22763077
22763078
22763081
22763082
22763083
22763084
22763085
22763092
22763093
22763095
22763096
22763097
22763098
22763101
22763102
22763113
22763120
22763121
22763122
22763123
22763124
22763125
22763142
22763143
22763144
22763145
22763176
22763200
22763201
22763202
22763211
22763215
22763223
22763224
22763225
22763226
22763227
22763229
22763230
22763231
22763235
22763236
22763237
22763240
22763243
22763244
22763245
22763246
22763247
22763248
22763249
22763250
22763251
22763253
22763254
22763255
22763263
22763264
22763271
22763277
22763278
22763281
22763282
22763283
22763284
22763296
22763297
22763298
22763299
22763300
22763301
22763302
22763303
22763304
22763307
22763308
22763309
22763310
22763311
22763312
22763313
22763314
22763316
22763319
22763330
22763331
22763332
22763335
22763337
22763345
22763346
22763361
22763367
22763368
22763369
22763372
22763375
22763376
22763412
22763413
22763424
22763425
22763464
22763465
22763466
22763468
22763482
22763488
22763489
22763498
22763503
22763507
22763559
22763560
22763565
22763566
22763567
22763577
22763584
22763586
22763607
22763613
22763614
22763626
22763639
22763643
22763646
22763652
22763671
22763675
22763696
22763700
22763701
22763702
22763703
22763711
22763717
22763719
22763730
22763731
22763733
22763734
22763735
22763736
22763737
22763746
22763747
22763751
22763763
22763764
22763766
22763767
22763768
22763769
22763782
22763784
22763785
22763786
22763787
22763788
22763789
22763790
22763797
22763801
22763804
22763805
22763808
22763810
22763820
22763824
22763825
22763826
22763827
22763828
22763829
22763855
22763856
22763858
22763859
22763863
22763864
22763889
22763891
22763895
22763899
22763900
22763902
22763904
22763905
22763906
22763907
22763908
22763909
22763910
22763921
22763944
22763945
22763946
22763947
22763949
22763955
22763981
22763984
22763987
22763989
22763991
22764015
22764038
22764041
22764045
22764059
22764061
22764069
22764072
22764081
22764082
22764085
22764087
22764088
22764089
22764091
22764095
22764096
22764105
22764123
22764127
22764130
22764136
22764151
22764152
22764161
22764162
22764163
22764164
22764165
22764166
22764167
22764168
22764177
22764178
22764179
22764180
22764181
22764186
22764198
22764206
22764219
22764266
22764267
22764268
22764269
22764271
22764272
22764273
22764274
22764276
22764277
22764322
22764323
22764324
22764325
22764326
22764327
22764328
22764329
22764332
22764358
22764368
22764680
22764681
22764735
22764742
22764745
22764746
22764748
22764749
22764753
22764759
22764760
22764762
22764763
22764764
22764766
22764767
22764768
22764769
22764770
22764771
22764772
22764777
22764830
22764831
22764832
22764833
22764843
22764844
22764845
22764846
22764847
22764848
22764849
22764852
22764853
22764854
22764855
22764866
22764879
22764880
22764884
22765010
22765016
22765021
22765024
22765026
22765028
22765043
22765048
22765049
22765053
22765054
22765160
22765162
22765163
22765167
22765201
22765202
22765219
22765222
22765223
22765227
22765228
22765232
22765233
22765234
22765251
22765253
22765263
22765265
22765266
22765271
22765273
22765274
22765275
22765277
22765282
22765285
22765286
22765289
22765291
22765294
22765296
22765301
22765302
22765304
22765305
22765308
22765309
22765310
22765311
22765318
22765319
22765320
22765321
22765322
22765323
22765324
22765325
22765326
22765327
22765328
22765329
22765330
22765331
22765332
22765333
22765334
22765335
22765336
22765337
22765338
22765339
22765340
22765341
22765342
22765343
22765344
22765345
22765346
22765348
22765356
22765357
22765361
22765362
22765363
22765365
22765366
22765367
22765368
22765369
22765370
22765371
22765372
22765373
22765377
22765381
22765382
22765389
22765480
22765494
22765503
22765518
22765521
22765523
22765637
22765640
22765643
22765645
22765647
22765648
22765651
22765654
22765756
22765757
22765759
22765760
22765763
22765765
22765767
22765833
22765838
22765843
22765844
22765846
22765848
22765851
22765852
22765853
22765854
22765855
22765856
22765857
22765858
22765859
22765860
22765861
22765862
22765863
22765864
22765865
22765866
22765867
22765868
22765869
22765870
22765879
22765880
22765881
22765891
22765892
22765893
22765894
22765895
22765896
22765897
22765898
22765900
22765901
22765902
22765903
22765904
22765905
22765908
22765910
22765911
22765912
22765913
22765914
22765915
22765916
22765917
22765918
22765921
22765922
22765928
22765929
22765948
22765954
22765955
22765958
22765959
22765960
22765962
22765964
22765969
22765976
22765983
22765984
22765985
22765986
22765987
22765988
22766006
22766009
22766020
22766023
22766024
22766025
22766027
22766028
22766029
22766035
22766039
22766040
22766044
22766046
22766055
22766058
22766065
22766066
22766067
22766068
22766072
22766077
22766095
22766096
22766099
22766100
22766101
22766103
22766104
22766108
22766109
22766110
22766111
22766112
22766113
22766114
22766115
22766116
22766117
22766120
22766122
22766123
22766124
22766127
22766128
22766129
22766130
22766135
22766136
22766137
22766140
22766145
22766154
22766161
22766162
22766163
22766164
22766165
22766167
22766174
22766175
22766177
22766178
22766179
22766181
22766183
22766184
22766185
22766186
22766190
22766191
22766192
22766193
22766194
22766195
22766197
22766198
22766201
22766202
22766205
22766206
22766213
22766214
22766215
22766216
22766217
22766218
22766219
22766226
22766227
22766229
22766232
22766233
22766234
22766235
22766236
22766237
22766239
22766240
22766242
22766248
22766263
22766273
22766274
22766276
22766277
22766279
22766280
22766281
22766282
22766283
22766284
22766285
22766286
22766287
22766288
22766289
22766290
22766291
22766292
22766293
22766294
22766295
22766296
22766297
22766298
22766299
22766300
22766301
22766303
22766305
22766306
22766307
22766312
22766313
22766317
22766318
22766319
22766326
22766330
22766331
22766332
22766333
22766334
22766352
22766355
22766356
22766360
22766361
22766373
22766379
22766380
22766381
22766385
22766386
22766392
22766395
22766412
22766416
22766417
22766422
22766425
22766426
22766427
22766428
22766433
22766435
22766436
22766437
22766439
22766440
22766443
22766444
22766446
22766450
22766451
22766463
22766464
22766465
22766466
22766467
22766469
22766472
22766473
22766475
22766478
22766485
22766493
22766501
22766503
22766505
22766506
22766507
22766508
22766512
22766513
22766522
22766528
22766541
22766557
22766561
22766562
22766576
22766577
22766578
22766581
22766583
22766601
22766604
22766606
22766607
22766608
22766613
22766624
22766625
22766627
22766630
22766631
22766634
22766638
22766639
22766645
22766682
22766686
22766690
22766720
22766721
22766722
22766723
22766725
22766746
22766750
22766751
22766752
22766756
22766757
22766761
22766763
22766770
22766771
22766774
22766775
22766780
22766781
22766782
22766783
22766787
22766815
22766816
22766817
22766818
22766821
22766823
22766826
22766838
22766839
22766844
22766845
22766846
22766847
22766848
22766849
22766852
22766853
22766854
22766885
22766886
22766888
22766889
22766890
22766891
22766892
22766893
22766894
22766895
22766901
22766907
22766908
22766909
22766910
22766911
22766912
22766915
22766924
22766925
22766926
22766959
22766966
22766967
22766968
22766969
22766970
22766972
22766978
22766994
22766995
22766996
22766997
22766998
22766999
22767000
22767001
22767002
22767003
22767004
22767005
22767006
22767007
22767021
22767024
22767026
22767031
22767032
22767033
22767034
22767035
22767036
22767037
22767038
22767039
22767040
22767041
22767042
22767043
22767044
22767045
22767046
22767047
22767054
22767055
22767056
22767057
22767058
22767059
22767060
22767061
22767062
22767063
22767064
22767065
22767066
22767067
22767068
22767069
22767071
22767072
22767073
22767074
22767075
22767081
22767084
22767087
22767088
22767095
22767096
22767097
22767099
22767102
22767128
22767129
22767130
22767144
22767146
22767147
22767149
22767154
22767155
22767159
22767175
22767176
22767177
22767182
22767188
22767189
22767192
22767195
22767205
22767208
22767211
22767214
22767216
22767217
22767218
22767220
22767228
22767229
22767230
22767231
22767232
22767233
22767251
22767253
22767267
22767269
22767296
22767297
22767301
22767303
22767304
22767305
22767306
22767307
22767308
22767309
22767310
22767311
22767312
22767313
22767318
22767319
22767320
22767321
22767331
22767332
22767334
22767337
22767338
22767339
22767340
22767341
22767342
22767343
22767344
22767345
22767346
22767347
22767348
22767349
22767353
22767356
22767371
22767372
22767375
22767380
22767383
22767398
22767400
22767402
22767403
22767404
22767406
22767414
22767415
22767418
22767419
22767420
22767423
22767425
22767436
22767441
22767442
22767443
22767446
22767451
22767452
22767470
22767482
22767484
22767486
22767487
22767490
22767495
22767497
22767499
22767500
22767517
22767526
22767531
22767532
22767538
22767539
22767540
22767544
22767545
22767546
22767547
22767548
22767550
22767551
22767552
22767553
22767554
22767581
22767587
22767591
22767593
22767594
22767595
22767597
22767599
22767600
22767601
22767602
22767603
22767604
22767606
22767607
22767608
22767609
22767610
22767611
22767612
22767635
22767636
22767637
22767638
22767639
22767640
22767647
22767648
22767649
22767653
22767659
22767699
22767700
22767701
22767869
22767870
22767871
22767874
22767877
22767931
22767932
22767933
22767934
22767935
22767936
22767937
22767938
22767939
22767940
22767944
22767945
22767946
22767947
22767948
22767961
22767962
22767967
22767968
22767969
22767970
22767971
22767972
22767973
22767974
22767975
22767976
22767977
22767978
22767979
22767980
22767981
22767982
22767983
22767984
22767985
22767986
22767987
22767988
22768030
22768031
22768032
22768033
22768034
22768035
22768036
22768037
22768038
22768039
22768040
22768041
22768042
22768043
22768044
22768045
22768046
22768047
22768048
22768049
22768050
22768051
22768052
22768053
22768054
22768055
22768056
22768057
22768058
22768059
22768060
22768061
22768062
22768063
22768064
22768065
22768066
22768067
22768068
22768069
22768070
22768071
22768072
22768073
22768074
22768075
22768076
22768077
22768078
22768079
22768080
22768081
22768082
22768083
22768084
22768085
22768086
22768087
22768088
22768089
22768090
22768091
22768092
22768093
22768094
22768095
22768096
22768097
22768098
22768099
22768100
22768101
22768102
22768103
22768104
22768105
22768106
22768107
22768108
22768109
22768110
22768111
22768112
22768113
22768114
22768115
22768116
22768117
22768118
22768119
22768120
22768121
22768122
22768123
22768124
22768125
22768126
22768127
22768128
22768129
22768130
22768131
22768132
22768133
22768134
22768135
22768136
22768137
22768138
22768139
22768140
22768141
22768142
22768143
22768144
22768145
22768146
22768147
22768148
22768149
22768150
22768151
22768152
22768153
22768154
22768155
22768156
22768157
22768158
22768159
22768160
22768161
22768162
22768163
22768164
22768165
22768166
22768167
22768168
22768169
22768170
22768171
22768172
22768173
22768174
22768175
22768176
22768177
22768178
22768179
22768180
22768181
22768182
22768183
22768184
22768185
22768186
22768187
22768188
22768189
22768190
22768191
22768192
22768193
22768194
22768195
22768196
22768197
22768198
22768199
22768200
22768201
22768202
22768203
22768204
22768205
22768206
22768207
22768208
22768209
22768210
22768211
22768212
22768213
22768214
22768215
22768216
22768217
22768218
22768219
22768220
22768221
22768222
22768223
22768224
22768225
22768226
22768227
22768228
22768229
22768230
22768231
22768232
22768233
22768234
22768235
22768236
22768237
22768238
22768239
22768240
22768241
22768242
22768243
22768244
22768245
22768246
22768247
22768248
22768249
22768250
22768251
22768252
22768253
22768254
22768255
22768256
22768257
22768258
22768259
22768260
22768261
22768262
22768263
22768264
22768265
22768266
22768267
22768268
22768269
22768270
22768271
22768272
22768273
22768274
22768275
22768276
22768277
22768278
22768279
22768280
22768281
22768282
22768283
22768284
22768285
22768286
22768287
22768390
22768391
22768392
22768393
22768624
22768625
22768626
22768627
22768628
22768629
22768630
22768631
22768632
22768633
22768790
22768793
22768794
22768795
22768796
22768797
22768800
22768804
22768806
22768845
22768848
22768850
22768876
22768909
22768910
22768914
22768915
22768917
22768919
22768920
22768923
22768924
22768969
22768970
22768971
22768972
22768973
22768974
22768975
22768978
22768986
22768996
22768997
22769015
22769018
22769020
22769026
22769041
22769042
22769044
22769046
22769051
22769052
22769054
22769058
22769059
22769060
22769061
22769062
22769063
22769066
22769228
22769230
22769231
22769235
22769236
22769237
22769238
22769239
22769240
22769241
22769242
22769243
22769401
22769425
22769428
22769434
22769436
22769437
22769564
22769569
22769570
22769581
22769582
22769583
22769585
22769589
22769602
22769724
22769726
22769727
22769729
22769730
22769731
22769732
22769733
22769735
22769737
22769741
22769850
22769851
22769852
22769867
22769967
22769970
22769973
22769976
22769977
22769978
22769980
22770103
22770104
22770105
22770106
22770107
22770108
22770109
22770110
22770111
22770112
22770113
22770115
22770116
22770122
22770126
22770127
22770130
22770209
22770224
22770225
22770247
22770248
22770249
22770265
22770357
22770358
22770359
22770360
22770362
22770371
22770372
22770373
22770374
22770375
22770380
22770381
22770383
22770386
22770389
22770391
22770393
22770394
22770395
22770397
22770398
22770399
22770400
22770420
22770422
22770423
22770429
22770435
22770465
22770466
22770467
22770469
22770470
22770474
22770480
22770487
22770488
22770490
22770491
22770492
22770494
22770495
22770496
22770497
22770498
22770499
22770504
22770507
22770508
22770509
22770511
22770521
22770523
22770524
22770525
22770526
22770530
22770531
22770532
22770536
22770537
22770547
22770548
22770549
22770550
22770553
22770554
22770556
22770557
22770558
22770559
22770563
22770564
22770567
22770568
22770569
22770570
22770574
22770575
22770576
22770579
22770583
22770584
22770585
22770588
22770589
22770590
22770599
22770604
22770605
22770606
22770607
22770609
22770612
22770622
22770634
22770638
22770641
22770643
22770644
22770652
22770653
22770655
22770656
22770666
22770670
22770671
22770672
22770676
22770677
22770679
22770682
22770683
22770684
22770698
22770699
22770700
22770701
22770708
22770714
22770719
22770728
22770734
22770744
22770748
22770751
22770752
22770761
22770772
22770773
22770774
22770775
22770776
22770786
22770788
22770799
22770800
22770808
22770809
22770810
22770819
22770820
22770822
22770823
22770826
22770827
22770828
22770830
22770831
22770832
22770833
22770834
22770835
22770836
22770837
22770838
22770839
22770842
22770843
22770844
22770848
22770860
22770864
22770865
22770870
22770871
22770879
22770880
22770881
22770892
22770893
22770894
22770900
22770901
22770902
22770903
22770904
22770905
22770908
22770909
22770912
22770914
22770916
22770921
22770926
22770927
22770928
22770931
22770934
22770935
22770936
22770937
22770938
22770942
22770943
22770944
22770945
22770948
22770949
22770963
22770970
22770971
22770972
22770974
22770982
22770985
22770986
22770987
22770990
22770991
22770992
22770993
22770994
22771000
22771001
22771007
22771008
22771009
22771011
22771013
22771019
22771020
22771021
22771022
22771024
22771026
22771027
22771028
22771030
22771031
22771032
22771036
22771039
22771043
22771044
22771046
22771047
22771048
22771049
22771052
22771053
22771055
22771056
22771072
22771077
22771079
22771080
22771086
22771098
22771099
22771100
22771108
22771109
22771111
22771112
22771115
22771116
22771118
22771119
22771120
22771121
22771122
22771126
22771129
22771135
22771139
22771140
22771142
22771143
22771153
22771154
22771155
22771157
22771163
22771164
22771168
22771169
22771175
22771176
22771182
22771186
22771187
22771189
22771191
22771195
22771198
22771201
22771202
22771211
22771212
22771213
22771214
22771215
22771216
22771217
22771222
22771227
22771228
22771229
22771230
22771231
22771232
22771244
22771247
22771249
22771252
22771277
22771278
22771279
22771280
22771285
22771288
22771289
22771290
22771292
22771293
22771295
22771297
22771303
22771310
22771311
22771315
22771316
22771317
22771318
22771319
22771320
22771321
22771322
22771324
22771325
22771326
22771327
22771328
22771329
22771330
22771331
22771337
22771338
22771340
22771341
22771342
22771343
22771344
22771345
22771346
22771347
22771348
22771349
22771350
22771361
22771363
22771365
22771366
22771368
22771371
22771372
22771374
22771375
22771376
22771378
22771386
22771387
22771388
22771390
22771391
22771392
22771396
22771398
22771399
22771401
22771417
22771420
22771425
22771430
22771431
22771432
22771433
22771434
22771435
22771436
22771437
22771439
22771440
22771441
22771446
22771447
22771448
22771451
22771452
22771461
22771464
22771465
22771466
22771467
22771468
22771469
22771470
22771472
22771473
22771474
22771475
22771476
22771477
22771478
22771482
22771483
22771484
22771485
22771486
22771487
22771488
22771489
22771490
22771491
22771492
22771493
22771494
22771495
22771496
22771497
22771498
22771499
22771502
22771506
22771507
22771508
22771511
22771515
22771523
22771524
22771525
22771526
22771527
22771528
22771530
22771533
22771544
22771545
22771546
22771547
22771548
22771551
22771552
22771559
22771572
22771573
22771574
22771576
22771577
22771580
22771581
22771582
22771584
22771585
22771587
22771588
22771589
22771590
22771591
22771592
22771593
22771594
22771595
22771596
22771597
22771598
22771599
22771600
22771601
22771602
22771603
22771604
22771605
22771606
22771607
22771608
22771609
22771610
22771611
22771612
22771613
22771614
22771617
22771618
22771619
22771620
22771621
22771622
22771623
22771624
22771628
22771632
22771688
22771693
22771694
22771705
22771706
22771710
22771711
22771713
22771714
22771715
22771720
22771722
22771724
22771725
22771734
22771742
22771748
22771752
22771755
22771756
22771760
22771761
22771762
22771763
22771769
22771770
22771778
22771779
22771780
22771784
22771786
22771787
22771790
22771791
22771792
22771793
22771794
22771795
22771797
22771798
22771799
22771800
22771801
22771802
22771804
22771806
22771807
22771808
22771809
22771811
22771812
22771813
22771814
22771815
22771816
22771817
22771823
22771829
22771830
22771832
22771837
22771838
22771844
22771855
22771856
22771857
22771858
22771860
22771861
22771862
22771863
22771864
22771865
22771866
22771867
22771877
22771878
22771879
22771880
22771881
22771882
22771883
22771884
22771885
22771886
22771888
22771889
22771891
22771892
22771899
22771900
22771901
22771904
22771905
22771906
22771918
22771924
22771925
22771926
22771927
22771929
22771931
22771932
22771933
22771934
22771935
22771937
22771943
22771944
22771945
22771946
22771947
22771948
22771949
22771950
22771951
22771952
22771954
22771955
22771958
22771961
22771965
22771966
22771971
22771972
22771975
22771976
22771977
22771978
22771979
22771982
22771983
22771997
22771998
22771999
22772000
22772001
22772002
22772004
22772005
22772006
22772007
22772008
22772009
22772010
22772011
22772012
22772013
22772014
22772015
22772016
22772017
22772018
22772019
22772020
22772021
22772023
22772025
22772026
22772027
22772030
22772032
22772033
22772043
22772044
22772056
22772057
22772067
22772068
22772070
22772071
22772075
22772076
22772077
22772090
22772092
22772095
22772098
22772102
22772104
22772109
22772110
22772124
22772127
22772133
22772138
22772140
22772142
22772144
22772162
22772163
22772164
22772165
22772166
22772313
22772314
22772315
22772317
22772319
22772320
22772321
22772322
22772323
22772326
22772334
22772335
22772336
22772337
22772357
22772373
22772374
22772375
22772379
22772380
22772381
22772383
22772395
22772396
22772400
22772401
22772436
22772438
22772439
22772442
22772443
22772456
22772457
22772476
22772483
22772485
22772486
22772487
22772490
22772491
22772492
22772493
22772494
22772495
22772496
22772497
22772498
22772499
22772576
22772582
22772590
22772592
22772593
22772594
22772596
22772605
22772606
22772609
22772610
22772611
22772612
22772613
22772614
22772615
22772616
22772617
22772618
22772619
22772620
22772621
22772622
22772623
22772624
22772625
22772626
22772627
22772628
22772629
22772630
22772631
22772632
22772633
22772634
22772635
22772636
22772637
22772638
22772639
22772640
22772641
22772642
22772643
22772644
22772645
22772646
22772647
22772658
22772710
22772715
22772716
22772719
22772720
22772721
22772725
22772731
22772735
22772736
22772737
22772738
22772739
22772740
22772741
22772742
22772748
22772759
22772760
22772761
22772762
22772763
22772764
22772772
22772777
22772778
22772779
22772806
22772814
22772816
22772818
22772819
22772821
22772822
22772823
22772830
22772832
22772834
22772842
22772861
22772862
22772870
22772872
22772873
22772874
22772875
22772876
22772877
22772878
22772879
22772881
22772883
22772884
22772885
22772886
22772887
22772888
22772889
22772894
22772904
22772922
22772923
22772924
22772925
22772926
22772927
22772928
22772929
22772930
22772931
22772932
22772933
22772934
22772935
22772936
22772937
22772938
22772939
22772940
22772952
22772953
22772954
22772971
22772972
22772973
22772975
22772976
22772980
22772983
22772984
22772985
22772986
22772987
22772988
22772989
22772990
22772991
22772992
22773008
22773009
22773012
22773013
22773038
22773042
22773043
22773044
22773045
22773057
22773060
22773076
22773078
22773085
22773088
22773089
22773091
22773092
22773107
22773108
22773109
22773112
22773132
22773142
22773149
22773150
22773151
22773152
22773153
22773155
22773162
22773164
22773169
22773170
22773176
22773177
22773178
22773179
22773180
22773181
22773183
22773185
22773209
22773224
22773252
22773269
22773276
22773277
22773279
22773283
22773289
22773291
22773292
22773298
22773300
22773327
22773330
22773333
22773347
22773352
22773358
22773365
22773367
22773370
22773371
22773372
22773373
22773374
22773375
22773376
22773377
22773380
22773386
22773387
22773391
22773393
22773395
22773396
22773408
22773411
22773412
22773413
22773416
22773454
22773455
22773456
22773457
22773458
22773459
22773460
22773461
22773462
22773463
22773464
22773465
22773466
22773503
22773504
22773505
22773541
22773561
22773562
22773563
22773564
22773565
22773566
22773567
22773568
22773569
22773570
22773571
22773572
22773573
22773574
22773575
22773576
22773577
22773578
22773579
22773580
22773581
22773582
22773583
22773584
22773585
22773586
22773587
22773588
22773590
22773591
22773594
22773615
22773623
22773624
22773625
22773626
22773627
22773628
22773629
22773630
22773631
22773632
22773633
22773634
22773635
22773636
22773637
22773638
22773639
22773640
22773641
22773642
22773643
22773644
22773645
22773646
22773647
22773648
22773649
22773650
22773651
22773652
22773653
22773654
22773655
22773663
22773664
22773665
22773666
22773667
22773668
22773670
22773671
22773672
22773673
22773674
22773675
22773676
22773677
22773687
22773688
22773689
22773693
22773698
22773699
22773701
22773703
22773705
22773706
22773707
22773708
22773709
22773710
22773711
22773712
22773713
22773714
22773715
22773716
22773717
22773718
22773719
22773720
22773721
22773722
22773723
22773724
22773725
22773726
22773727
22773731
22773732
22773737
22773738
22773739
22773741
22773754
22773756
22773759
22773775
22773776
22773782
22773785
22773786
22773787
22773788
22773789
22773790
22773791
22773792
22773793
22773821
22773829
22773830
22773831
22773832
22773837
22773839
22773840
22773841
22773842
22773843
22773844
22773851
22773852
22773853
22773855
22773857
22773858
22773859
22773863
22773866
22773873
22773874
22773875
22773876
22773877
22773878
22773999
22774000
22774001
22774206
22774207
22774219
22774220
22774222
22774583
22774584
22774585
22774586
22774587
22774588
22774589
22774590
22774591
22774761
22774764
22774767
22774769
22774775
22774776
22774780
22774781
22774782
22774783
22774784
22774785
22774807
22774844
22774859
22774860
22774861
22774865
22774866
22774867
22774868
22774869
22774870
22774871
22774872
22774918
22774920
22774923
22774927
22774928
22774929
22774930
22774931
22774932
22774934
22774935
22774942
22774995
22774996
22774997
22774998
22774999
22775000
22775002
22775005
22775059
22775070
22775071
22775072
22775073
22775074
22775075
22775076
22775115
22775116
22775140
22775144
22775145
22775198
22775200
22775201
22775202
22775207
22775208
22775209
22775210
22775211
22775212
22775213
22775214
22775215
