22775216
22775217
22775218
22775219
22775220
22775221
22775222
22775223
22775225
22775233
22775237
22775240
22775244
22775245
22775267
22775271
22775283
22775290
22775303
22775308
22775312
22775324
22775325
22775330
22775333
22775334
22775342
22775343
22775349
22775353
22775354
22775356
22775391
22775392
22775401
22775402
22775404
22775407
22775411
22775412
22775413
22775414
22775415
22775416
22775417
22775418
22775419
22775420
22775421
22775422
22775423
22775424
22775425
22775431
22775438
22775440
22775446
22775448
22775453
22775455
22775456
22775457
22775458
22775466
22775467
22775468
22775469
22775471
22775473
22775476
22775477
22775478
22775484
22775485
22775488
22775489
22775491
22775503
22775504
22775505
22775507
22775511
22775512
22775514
22775516
22775517
22775518
22775519
22775520
22775521
22775522
22775523
22775524
22775527
22775528
22775532
22775540
22775541
22775553
22775554
22775557
22775558
22775560
22775566
22775568
22775575
22775577
22775584
22775585
22775758
22775762
22775763
22775767
22775774
22775779
22775780
22775781
22775782
22775783
22775784
22775785
22775786
22775787
22775788
22775789
22775790
22775791
22775792
22775801
22775972
22775974
22775977
22775978
22775983
22775985
22775991
22776008
22776012
22776023
22776028
22776029
22776032
22776059
22776060
22776062
22776066
22776067
22776081
22776082
22776084
22776085
22776089
22776091
22776092
22776100
22776102
22776112
22776113
22776114
22776115
22776116
22776117
22776118
22776119
22776120
22776121
22776122
22776123
22776124
22776125
22776126
22776127
22776131
22776132
22776133
22776134
22776138
22776139
22776145
22776146
22776147
22776148
22776149
22776150
22776151
22776152
22776153
22776154
22776155
22776157
22776159
22776160
22776163
22776177
22776178
22776179
22776180
22776181
22776184
22776185
22776186
22776187
22776188
22776189
22776190
22776191
22776192
22776193
22776194
22776195
22776198
22776200
22776201
22776202
22776203
22776204
22776205
22776213
22776218
22776236
22776237
22776239
22776241
22776249
22776253
22776254
22776255
22776256
22776257
22776258
22776259
22776260
22776261
22776262
22776264
22776266
22776269
22776284
22776297
22776298
22776311
22776318
22776320
22776323
22776327
22776329
22776334
22776335
22776336
22776337
22776338
22776339
22776340
22776341
22776342
22776343
22776344
22776345
22776353
22776356
22776364
22776365
22776366
22776367
22776368
22776369
22776370
22776371
22776372
22776373
22776374
22776399
22776401
22776408
22776412
22776414
22776415
22776417
22776425
22776430
22776439
22776445
22776447
22776448
22776449
22776450
22776451
22776452
22776453
22776454
22776456
22776458
22776459
22776461
22776462
22776463
22776501
22776504
22776505
22776520
22776526
22776527
22776528
22776529
22776530
22776531
22776532
22776533
22776543
22776547
22776548
22776549
22776554
22776557
22776558
22776564
22776566
22776569
22776575
22776577
22776578
22776579
22776580
22776581
22776582
22776583
22776591
22776608
22776609
22776610
22776611
22776614
22776618
22776628
22776636
22776638
22776639
22776640
22776641
22776642
22776643
22776644
22776668
22776669
22776670
22776671
22776672
22776676
22776677
22776679
22776680
22776682
22776684
22776685
22776686
22776687
22776688
22776690
22776691
22776692
22776696
22776701
22776717
22776719
22776720
22776723
22776745
22776746
22776748
22776749
22776753
22776756
22776757
22776758
22776759
22776760
22776761
22776771
22776772
22776776
22776777
22776779
22776780
22776782
22776797
22776798
22776803
22776804
22776805
22776806
22776808
22776818
22776827
22776831
22776832
22776833
22776834
22776836
22776849
22776850
22776852
22776858
22776859
22776867
22776886
22776888
22776889
22776896
22776898
22776902
22776903
22776904
22776905
22776909
22776912
22776955
22776956
22776960
22776972
22776973
22776975
22776976
22776981
22776986
22776987
22776991
22776996
22776998
22776999
22777004
22777011
22777012
22777035
22777036
22777037
22777038
22777039
22777040
22777041
22777042
22777043
22777044
22777046
22777047
22777048
22777049
22777050
22777051
22777053
22777054
22777055
22777057
22777058
22777060
22777068
22777069
22777076
22777088
22777101
22777102
22777103
22777110
22777111
22777112
22777114
22777115
22777117
22777119
22777135
22777137
22777139
22777144
22777162
22777171
22777177
22777178
22777179
22777180
22777181
22777182
22777195
22777196
22777202
22777203
22777205
22777209
22777210
22777212
22777216
22777218
22777219
22777220
22777221
22777222
22777223
22777224
22777225
22777226
22777227
22777228
22777229
22777230
22777231
22777233
22777235
22777236
22777237
22777241
22777245
22777251
22777255
22777259
22777261
22777264
22777269
22777271
22777273
22777275
22777290
22777291
22777292
22777293
22777296
22777297
22777302
22777306
22777307
22777308
22777309
22777319
22777320
22777321
22777322
22777323
22777325
22777326
22777327
22777328
22777329
22777330
22777331
22777332
22777336
22777337
22777338
22777339
22777340
22777341
22777342
22777344
22777347
22777362
22777365
22777366
22777367
22777368
22777369
22777370
22777371
22777372
22777373
22777374
22777375
22777376
22777377
22777378
22777380
22777381
22777385
22777397
22777398
22777403
22777404
22777406
22777417
22777418
22777419
22777420
22777421
22777422
22777430
22777431
22777432
22777434
22777435
22777436
22777437
22777438
22777439
22777440
22777441
22777442
22777443
22777444
22777445
22777446
22777447
22777448
22777449
22777450
22777451
22777452
22777453
22777454
22777455
22777456
22777457
22777458
22777459
22777460
22777461
22777462
22777463
22777464
22777465
22777466
22777467
22777468
22777469
22777470
22777471
22777472
22777473
22777474
22777475
22777476
22777477
22777478
22777479
22777480
22777486
22777492
22777495
22777500
22777501
22777508
22777513
22777524
22777525
22777526
22777528
22777532
22777536
22777538
22777545
22777546
22777567
22777579
22777587
22777588
22777589
22777590
22777591
22777596
22777598
22777600
22777613
22777614
22777615
22777625
22777646
22777649
22777655
22777656
22777658
22777679
22777685
22777687
22777700
22777701
22777702
22777704
22777705
22777706
22777708
22777711
22777715
22777716
22777718
22777725
22777726
22777732
22777735
22777737
22777738
22777740
22777744
22777745
22777746
22777747
22777748
22777752
22777755
22777759
22777761
22777764
22777765
22777766
22777768
22777792
22777795
22777796
22777797
22777817
22777818
22777819
22777821
22777823
22777824
22777837
22777838
22777840
22777842
22777843
22777866
22777876
22777885
22777886
22777891
22777897
22777911
22777912
22777913
22777914
22777931
22777933
22777934
22777935
22777936
22777937
22777938
22777940
22777941
22777942
22777943
22777951
22777955
22777957
22777958
22777964
22777965
22777986
22777988
22777989
22777990
22777991
22777992
22777993
22777994
22777997
22778002
22778005
22778009
22778011
22778013
22778018
22778020
22778021
22778022
22778024
22778029
22778032
22778034
22778043
22778045
22778049
22778052
22778057
22778059
22778065
22778071
22778072
22778083
22778088
22778091
22778092
22778094
22778101
22778116
22778118
22778119
22778120
22778121
22778122
22778123
22778124
22778125
22778126
22778127
22778128
22778129
22778130
22778131
22778133
22778134
22778135
22778136
22778137
22778138
22778144
22778157
22778158
22778159
22778165
22778199
22778252
22778254
22778256
22778257
22778259
22778260
22778261
22778262
22778263
22778264
22778265
22778266
22778267
22778268
22778269
22778270
22778271
22778272
22778273
22778325
22778326
22778327
22778328
22778329
22778330
22778331
22778332
22778333
22778334
22778335
22778336
22778337
22778338
22778339
22778340
22778341
22778342
22778343
22778344
22778345
22778346
22778347
22778348
22778349
22778350
22778351
22778352
22778353
22778388
22778389
22778390
22778437
22778442
22778447
22778540
22778541
22778542
22778543
22778544
22778545
22778546
22778547
22778548
22778549
22778550
22778551
22778552
22778553
22778554
22778555
22778556
22778557
22778559
22778560
22778561
22778562
22778563
22778564
22778565
22778566
22778567
22778568
22778569
22778570
22778571
22778572
22778573
22778574
22778575
22778576
22778577
22778792
22778793
22778902
22778903
22778904
22778905
22778906
22778907
22779078
22779402
22779403
22779404
22779405
22779409
22779421
22779428
22779429
22779430
22779431
22779432
22779433
22779434
22779435
22779436
22779441
22779681
22779682
22779683
22779684
22779685
22779686
22779687
22779688
22779689
22779690
22779691
22779692
22779693
22779697
22779698
22779699
22779700
22779703
22779706
22779709
22779714
22779733
22779734
22779736
22779737
22779739
22779740
22779749
22779755
22779761
22779771
22779775
22779777
22779778
22779779
22779807
22779908
22779913
22779914
22779918
22779919
22779920
22779921
22779925
22779926
22779927
22779949
22779950
22779951
22779952
22779953
22779954
22779955
22779956
22779957
22779958
22779959
22779960
22779961
22779962
22779963
22779964
22779965
22779966
22779967
22779968
22779969
22779970
22779971
22779972
22779973
22779974
22779975
22779976
22779977
22779978
22779979
22779980
22779981
22780087
22780089
22780090
22780099
22780101
22780102
22780103
22780108
22780111
22780113
22780117
22780118
22780119
22780120
22780121
22780196
22780197
22780198
22780199
22780202
22780215
22780217
22780218
22780219
22780226
22780230
22780300
22780301
22780303
22780305
22780325
22780326
22780328
22780329
22780331
22780333
22780334
22780427
22780429
22780430
22780432
22780442
22780443
22780444
22780445
22780452
22780453
22780454
22780455
22780456
22780551
22780554
22780559
22780561
22780562
22780564
22780570
22780573
22780578
22780579
22780584
22780585
22780684
22780686
22780688
22780691
22780709
22780712
22780815
22780816
22780835
22780836
22780837
22780838
22780839
22780840
22780841
22780842
22780843
22780846
22780862
22780863
22780866
22780869
22780877
22780878
22780879
22780882
22780883
22780904
22780915
22780916
22780949
22780950
22780951
22780952
22780953
22780954
22780959
22780960
22780962
22780964
22780988
22780992
22780993
22780994
22780995
22780996
22781001
22781019
22781026
22781027
22781028
22781030
22781049
22781050
22781051
22781052
22781053
22781054
22781055
22781061
22781062
22781075
22781076
22781077
22781078
22781103
22781105
22781135
22781138
22781140
22781141
22781142
22781143
22781144
22781158
22781161
22781162
22781164
22781165
22781173
22781174
22781175
22781176
22781177
22781178
22781179
22781180
22781181
22781187
22781189
22781190
22781205
22781207
22781209
22781210
22781214
22781218
22781219
22781225
22781230
22781238
22781242
22781246
22781247
22781248
22781261
22781265
22781277
22781278
22781279
22781280
22781281
22781282
22781283
22781305
22781306
22781310
22781316
22781317
22781330
22781331
22781332
22781333
22781334
22781335
22781336
22781337
22781338
22781362
22781363
22781366
22781367
22781368
22781399
22781401
22781402
22781436
22781465
22781467
22781468
22781469
22781470
22781471
22781472
22781473
22781474
22781476
22781477
22781478
22781479
22781480
22781481
22781482
22781483
22781484
22781485
22781486
22781487
22781488
22781494
22781500
22781503
22781547
22781554
22781555
22781587
22781659
22781660
22781662
22781665
22781668
22781670
22781671
22781672
22781673
22781674
22781675
22781676
22781677
22781678
22781679
22781680
22781681
22781684
22781685
22781691
22781692
22781693
22781694
22781695
22781696
22781697
22781698
22781704
22781740
22781741
22781750
22781751
22781782
22781783
22781789
22781811
22781812
22781813
22781814
22781832
22781833
22781837
22781846
22781847
22781849
22781850
22781851
22781852
22781853
22781854
22781855
22781856
22781857
22781858
22781859
22781860
22781861
22781862
22781863
22781864
22781865
22781866
22781867
22781868
22781869
22781870
22781871
22781872
22781873
22781874
22781875
22781876
22781877
22781878
22781879
22781906
22781907
22781908
22781909
22781910
22781911
22781912
22781913
22781914
22781915
22781916
22781917
22781918
22781926
22781928
22781929
22781930
22781931
22781932
22781933
22781934
22781935
22781936
22781937
22781938
22781939
22781940
22781941
22781963
22782002
22782004
22782006
22782007
22782008
22782009
22782010
22782070
22782071
22782075
22782078
22782089
22782090
22782091
22782092
22782093
22782094
22782095
22782096
22782097
22782098
22782099
22782100
22782101
22782102
22782103
22782104
22782105
22782106
22782107
22782108
22782136
22782137
22782138
22782141
22782142
22782143
22782180
22782184
22782185
22782189
22782191
22782192
22782234
22782235
22782245
22782250
22782255
22782259
22782294
22782300
22782307
22782309
22782312
22782314
22782322
22782323
22782332
22782334
22782335
22782340
22782341
22782342
22782343
22782344
22782347
22782349
22782351
22782356
22782357
22782358
22782359
22782360
22782362
22782370
22782371
22782379
22782382
22782383
22782429
22782434
22782441
22782443
22782449
22782457
22782467
22782468
22782469
22782470
22782472
22782473
22782474
22782475
22782476
22782477
22782478
22782480
22782481
22782484
22782492
22782494
22782495
22782499
22782504
22782506
22782509
22782510
22782511
22782513
22782514
22782515
22782518
22782521
22782527
22782529
22782534
22782535
22782536
22782537
22782538
22782541
22782542
22782544
22782558
22782570
22782590
22782591
22782596
22782597
22782598
22782599
22782600
22782601
22782602
22782603
22782604
22782605
22782606
22782607
22782608
22782609
22782610
22782611
22782612
22782613
22782614
22782615
22782622
22782624
22782625
22782626
22782627
22782628
22782629
22782630
22782631
22782632
22782633
22782634
22782635
22782636
22782637
22782638
22782644
22782646
22782650
22782652
22782658
22782659
22782660
22782661
22782692
22782716
22782726
22782727
22782728
22782729
22782739
22782788
22782794
22782805
22782839
22782842
22782851
22782853
22782854
22782858
22782859
22782862
22782863
22782868
22782871
22782872
22782873
22782874
22782875
22782876
22782877
22782878
22782879
22782880
22782881
22782882
22782883
22782884
22782885
22782886
22782890
22782891
22782892
22782893
22782894
22782895
22782896
22782897
22782898
22782899
22782900
22782901
22782902
22782903
22782904
22782910
22782911
22782912
22782915
22782929
22782931
22782933
22782936
22782946
22782947
22782948
22782949
22782950
22782952
22782953
22782954
22782966
22782973
22782974
22782996
22783025
22783026
22783041
22783042
22783043
22783044
22783045
22783046
22783047
22783048
22783049
22783050
22783051
22783052
22783053
22783054
22783055
22783056
22783057
22783058
22783059
22783060
22783150
22783151
22783152
22783153
22783154
22783155
22783156
22783547
22783549
22783550
22783801
22783809
22783814
22783820
22783821
22783827
22783830
22783834
22783839
22783840
22783841
22783842
22783843
22783844
22783845
22783849
22783850
22783851
22783852
22783853
22783854
22783855
22783856
22783857
22783858
22783859
22783860
22783862
22783871
22783873
22783875
22783876
22783877
22783878
22783880
22783886
22783889
22783892
22783896
22783898
22783903
22783906
22783909
22783910
22783911
22783918
22783927
22783935
22783941
22783952
22783954
22783955
22783956
22783957
22783958
22783959
22783960
22783962
22783964
22783968
22783969
22783970
22783972
22783974
22783975
22783977
22783985
22783988
22783990
22783992
22783993
22783994
22783997
22784006
22784008
22784011
22784015
22784016
22784020
22784025
22784026
22784033
22784043
22784044
22784045
22784093
22784097
22784098
22784099
22784100
22784109
22784184
22784190
22784191
22784192
22784193
22784197
22784202
22784203
22784204
22784205
22784206
22784215
22784216
22784219
22784222
22784223
22784224
22784225
22784226
22784227
22784228
22784231
22784235
22784238
22784241
22784243
22784245
22784249
22784254
22784257
22784258
22784296
22784298
22784301
22784302
22784304
22784308
22784310
22784311
22784314
22784320
22784321
22784322
22784323
22784324
22784325
22784326
22784331
22784335
22784353
22784355
22784357
22784358
22784363
22784367
22784372
22784375
22784376
22784377
22784385
22784387
22784388
22784393
22784397
22784400
22784401
22784404
22784405
22784409
22784411
22784413
22784414
22784416
22784420
22784422
22784423
22784424
22784425
22784426
22784427
22784428
22784429
22784430
22784434
22784437
22784442
22784469
22784478
22784480
22784481
22784489
22784494
22784497
22784499
22784500
22784502
22784505
22784509
22784511
22784550
22784551
22784552
22784553
22784556
22784559
22784563
22784564
22784566
22784567
22784568
22784569
22784570
22784571
22784572
22784573
22784574
22784575
22784576
22784577
22784578
22784579
22784580
22784586
22784590
22784592
22784593
22784594
22784602
22784603
22784604
22784612
22784613
22784614
22784615
22784616
22784617
22784618
22784619
22784620
22784621
22784622
22784623
22784624
22784625
22784626
22784627
22784628
22784631
22784632
22784638
22784640
22784650
22784651
22784652
22784659
22784660
22784662
22784663
22784664
22784668
22784672
22784680
22784681
22784682
22784684
22784685
22784686
22784687
22784688
22784697
22784698
22784699
22784775
22784776
22784777
22784778
22784784
22784785
22784786
22784789
22784800
22784803
22784804
22784805
22784806
22784814
22784822
22784828
22784829
22784830
22784831
22784855
22784856
22784857
22784859
22784863
22784864
22784865
22784866
22784867
22784868
22784874
22784875
22784876
22784877
22784878
22784882
22784883
22784884
22784885
22784886
22784887
22784888
22784889
22784891
22784892
22784893
22784894
22784895
22784896
22784897
22784898
22784899
22784900
22784901
22784902
22784903
22784904
22784905
22784906
22784907
22784908
22784909
22784910
22784911
22784912
22784913
22784914
22784915
22784916
22784917
22784918
22784919
22784922
22784928
22784935
22784944
22784950
22784951
22784952
22784953
22784954
22784955
22784956
22784957
22784958
22784959
22784960
22784961
22784962
22784963
22784964
22784965
22784966
22784972
22784973
22784974
22784975
22784977
22784978
22784988
22784989
22784990
22784991
22784992
22784994
22785004
22785005
22785006
22785017
22785018
22785019
22785020
22785021
22785022
22785024
22785031
22785032
22785034
22785035
22785052
22785057
22785082
22785102
22785116
22785117
22785118
22785119
22785120
22785121
22785131
22785132
22785133
22785143
22785144
22785145
22785146
22785147
22785153
22785156
22785159
22785160
22785164
22785165
22785166
22785184
22785185
22785186
22785187
22785188
22785189
22785190
22785191
22785192
22785193
22785194
22785195
22785196
22785197
22785198
22785199
22785201
22785202
22785203
22785204
22785205
22785206
22785207
22785208
22785209
22785210
22785211
22785212
22785213
22785216
22785222
22785238
22785240
22785241
22785242
22785243
22785247
22785248
22785251
22785253
22785261
22785262
22785264
22785321
22785326
22785328
22785332
22785333
22785337
22785343
22785344
22785345
22785346
22785347
22785358
22785360
22785361
22785374
22785382
22785383
22785384
22785385
22785386
22785387
22785405
22785406
22785408
22785409
22785410
22785411
22785419
22785424
22785425
22785426
22785427
22785428
22785431
22785436
22785438
22785439
22785445
22785446
22785458
22785459
22785463
22785464
22785465
22785466
22785467
22785468
22785469
22785470
22785471
22785472
22785473
22785474
22785475
22785476
22785477
22785478
22785479
22785480
22785481
22785482
22785483
22785484
22785485
22785486
22785487
22785488
22785489
22785490
22785491
22785492
22785493
22785494
22785543
22785544
22785545
22785546
22785547
22785548
22785563
22785573
22785574
22785575
22785577
22785578
22785603
22785604
22785605
22785606
22785608
22785609
22785610
22785611
22785623
22785625
22785626
22785627
22785628
22786442
22786448
22786449
22786450
22786451
22786452
22786453
22786454
22786455
22786456
22786457
22786458
22786459
22786460
22786461
22786462
22786463
22786464
22786465
22786466
22786551
22786555
22786560
22786561
22786562
22786571
22786574
22786583
22786584
22786589
22786603
22786606
22786622
22786625
22786626
22786628
22786651
22786652
22786655
22786657
22786660
22786661
22786663
22786664
22786671
22786672
22786679
22786680
22786681
22786682
22786683
22786687
22786689
22786696
22786699
22786700
22786709
22786718
22786719
22786725
22786730
22786731
22786732
22786733
22786734
22786735
22786736
22786737
22786738
22786740
22786741
22786742
22786744
22786747
22786751
22786752
22786756
22786757
22786760
22786763
22786775
22786779
22786787
22786792
22786793
22786798
22786800
22786809
22786810
22786817
22786837
22786838
22786849
22786851
22786867
22786868
22786873
22786876
22786878
22786880
22786882
22786886
22786887
22786888
22786889
22786890
22786907
22786913
22786929
22786932
22786971
22786972
22786973
22786974
22786975
22786976
22786978
22786979
22786985
22786987
22786988
22786989
22786990
22786991
22786992
22786993
22786994
22786996
22786997
22786998
22786999
22787000
22787001
22787002
22787003
22787004
22787005
22787017
22787018
22787019
22787020
22787021
22787022
22787023
22787024
22787025
22787026
22787027
22787062
22787063
22787064
22787065
22787066
22787067
22787075
22787076
22787108
22787110
22787116
22787117
22787118
22787119
22787120
22787122
22787137
22787138
22787139
22787140
22787141
22787142
22787143
22787144
22787145
22787146
22787147
22787148
22787149
22787150
22787151
22787152
22787153
22787154
22787155
22787156
22787157
22787159
22787160
22787161
22787163
22787169
22787170
22787173
22787191
22787192
22787193
22787194
22787195
22787196
22787197
22787198
22787199
22787200
22787201
22787202
22787203
22787204
22787205
22787206
22787207
22787208
22787209
22787210
22787211
22787212
22787213
22787214
22787215
22787216
22787217
22787218
22787219
22787220
22787221
22787222
22787223
22787224
22787225
22787226
22787227
22787228
22787229
22787230
22787231
22787232
22787233
22787234
22787235
22787236
22787243
22787265
22787266
22787267
22787268
22787269
22787270
22787363
22787364
22787365
22787366
22787367
22787368
22787369
22787370
22787371
22787372
22787373
22787374
22787375
22787376
22787377
22787378
22787379
22787380
22787381
22787382
22787383
22787384
22787385
22787390
22787391
22787392
22787393
22787394
22787396
22787397
22787398
22787399
22787400
22787402
22787403
22787503
22787504
22787505
22787508
22787516
22787583
22787584
22788112
22788115
22788117
22788119
22788120
22788121
22788122
22788124
22788126
22788127
22788128
22788129
22788130
22788216
22788222
22788223
22788224
22788225
22788226
22788227
22788228
22788229
22788230
22788231
22788232
22788238
22788239
22788240
22788243
22788247
22788252
22788253
22788255
22788256
22788257
22788258
22788259
22788260
22788261
22788262
22788263
22788380
22788383
22788386
22788387
22788416
22788418
22788522
22788526
22788536
22788537
22788539
22788545
22788549
22788551
22788552
22788553
22788554
22788555
22788556
22788557
22788558
22788559
22788560
22788561
22788562
22788563
22788564
22788565
22788566
22788567
22788568
22788569
22788570
22788572
22788574
22788576
22788577
22788578
22788662
22788666
22788667
22788677
22788678
22788679
22788681
22788686
22788698
22788699
22788703
22788706
22788710
22788711
22788714
22788717
22788720
22788728
22788730
22788731
22788734
22788736
22788737
22788739
22788746
22788748
22788751
22788753
22788756
22788757
22788760
22788761
22788762
22788763
22788764
22788765
22788766
22788767
22788768
22788771
22788775
22788781
22788793
22788797
22788799
22788803
22788804
22788805
22788806
22788807
22788808
22788809
22788810
22788811
22788812
22788813
22788814
22788815
22788816
22788817
22788818
22788819
22788820
22788821
22788822
22788823
22788824
22788825
22788826
22788827
22788832
22788839
22788844
22788850
22788854
22788862
22788865
22788867
22788868
22788871
22788873
22788876
22788878
22788881
22788883
22788885
22788887
22788888
22788889
22788890
22788891
22788893
22788895
22788896
22788897
22788898
22788899
22788900
22788901
22788905
22788909
22788916
22788917
22788918
22788923
22788924
22788925
22788926
22788927
22788928
22788929
22788930
22788932
22788933
22788935
22788936
22788940
22788941
22788942
22788943
22788944
22788945
22788946
22788947
22788948
22788951
22788956
22788963
22788966
22788968
22788969
22788973
22788983
22788987
22788991
22788994
22788997
22789001
22789002
22789007
22789020
22789021
22789026
22789028
22789038
22789039
22789040
22789041
22789042
22789043
22789044
22789045
22789046
22789047
22789048
22789049
22789050
22789051
22789052
22789053
22789054
22789055
22789056
22789057
22789058
22789060
22789061
22789063
22789064
22789065
22789066
22789067
22789069
22789070
22789076
22789077
22789078
22789079
22789080
22789081
22789082
22789083
22789084
22789085
22789086
22789087
22789088
22789089
22789090
22789091
22789092
22789093
22789094
22789095
22789096
22789097
22789098
22789099
22789113
22789123
22789125
22789127
22789129
22789130
22789131
22789133
22789135
22789136
22789137
22789138
22789141
22789142
22789143
22789144
22789145
22789147
22789151
22789153
22789155
22789173
22789174
22789294
22789297
22789300
22789301
22789302
22789393
22789402
22789403
22789404
22789408
22789409
22789410
22789411
22789412
22789413
22789414
22789415
22789416
22789417
22789418
22789419
22789420
22789427
22789428
22789429
22789435
22789438
22789442
22789446
22789452
22789454
22789456
22789457
22789458
22789459
22789461
22789462
22789464
22789465
22789472
22789476
22789477
22789480
22789481
22789482
22789483
22789485
22789486
22789487
22789493
22789503
22789504
22789505
22789506
22789507
22789508
22789509
22789510
22789511
22789512
22789513
22789514
22789523
22789546
22789547
22789549
22789558
22789559
22789565
22789566
22789567
22789568
22789569
22789570
22789572
22789573
22789574
22789575
22789576
22789577
22789578
22789579
22789580
22789581
22789582
22789583
22789584
22789585
22789586
22789607
22789609
22789613
22789617
22789618
22789620
22789621
22789631
22789632
22789633
22789634
22789638
22789640
22789641
22789642
22789643
22789644
22789645
22789646
22789647
22789648
22789649
22789652
22789653
22789654
22789655
22789656
22789659
22789664
22789669
22789670
22789674
22789677
22789678
22789684
22789685
22789686
22789699
22789700
22789704
22789706
22789711
22789713
22789714
22789715
22789717
22789718
22789719
22789720
22789721
22789722
22789723
22789724
22789725
22789726
22789727
22789734
22789735
22789737
22789740
22789741
22789743
22789744
22789745
22789747
22789755
22789762
22789763
22789766
22789769
22789776
22789777
22789800
22789802
22789811
22789812
22789815
22789816
22789817
22789819
22789821
22789826
22789827
22789828
22789829
22789830
22789831
22789848
22789849
22789850
22789852
22789853
22789854
22789855
22789856
22789861
22789866
22789876
22789877
22789878
22789879
22789880
22789898
22789904
22789908
22789911
22789912
22789913
22789914
22789915
22789918
22789921
22789924
22789930
22789934
22789936
22789937
22789938
22789940
22789941
22789942
22789943
22789944
22789945
22789953
22789954
22789955
22789956
22789957
22789958
22789959
22789960
22789961
22789966
22789967
22789985
22789986
22789987
22789988
22789992
22790019
22790021
22790022
22790025
22790064
22790065
22790083
22790084
22790085
22790086
22790087
22790088
22790092
22790097
22790098
22790099
22790100
22790101
22790102
22790103
22790106
22790109
22790112
22790113
22790114
22790115
22790117
22790122
22790123
22790124
22790125
22790126
22790127
22790128
22790129
22790130
22790131
22790132
22790133
22790134
22790135
22790136
22790137
22790138
22790139
22790140
22790141
22790142
22790143
22790144
22790145
22790146
22790147
22790148
22790149
22790150
22790151
22790152
22790153
22790154
22790155
22790173
22790174
22790182
22790183
22790185
22790187
22790204
22790205
22790208
22790209
22790220
22790221
22790234
22790235
22790253
22790277
22790278
22790293
22790294
22790295
22790296
22790297
22790298
22790299
22790300
22790301
22790302
22790316
22790317
22790320
22790332
22790333
22790334
22790335
22790336
22790337
22790338
22790362
22790363
22790364
22790365
22790366
22790367
22790368
22790369
22790372
22790373
22790374
22790375
22790377
22790378
22790393
22790394
22790396
22790397
22790405
22790431
22790432
22790433
22790434
22790435
22790436
22790437
22790439
22790440
22790446
22790474
22790475
22790476
22790479
22790480
22790481
22790482
22790486
22790494
22790495
22790496
22790497
22790498
22790499
22790500
22790501
22790502
22790518
22790519
22790520
22790521
22790522
22790523
22790524
22790525
22790526
22790527
22790528
22790530
22790560
22790590
22790592
22790593
22790594
22790595
22790596
22790597
22790598
22790599
22790600
22790609
22790652
22790656
22790667
22790668
22790674
22790675
22790676
22790677
22790679
22790680
22790706
22790710
22790711
22790712
22790713
22790720
22790740
22790747
22790752
22790753
22790769
22790783
22790784
22790786
22790791
22790792
22790793
22790794
22790795
22790798
22790809
22790810
22790811
22790812
22790813
22790814
22790815
22790816
22790817
22790818
22790819
22790820
22790821
22790822
22790823
22790824
22790825
22790826
22790827
22790828
22790829
22790832
22790833
22790838
22790840
22790867
22790869
22790870
22790871
22790876
22790877
22790879
22790884
22790901
22790905
22790962
22790963
22790964
22790965
22790966
22790980
22790981
22790982
22790983
22790984
22790985
22790986
22791012
22791013
22791014
22791015
22791016
22791071
22791108
22791109
22791110
22791111
22791135
22791142
22791143
22791144
22791145
22791146
22791147
22791148
22791149
22791150
22791151
22791152
22791153
22791154
22791155
22791156
22791157
22791158
22791159
22791160
22791161
22791162
22791163
22791164
22791165
22791166
22791167
22791168
22791169
22791170
22791171
22791172
22791173
22791177
22791178
22791179
22791193
22791215
22791220
22791232
22791268
22791285
22791286
22791287
22791290
22791292
22791294
22791302
22791303
22791304
22791307
22791331
22791333
22791334
22791335
22791336
22791337
22791338
22791339
22791340
22791341
22791342
22791343
22791344
22791345
22791357
22791358
22791364
22791365
22791366
22791370
22791375
22791397
22791398
22791402
22791405
22791406
22791408
22791411
22791416
22791417
22791463
22791466
22791469
22791471
22791508
22791509
22791510
22791511
22791512
22791522
22791527
22791530
22791531
22791532
22791533
22791534
22791535
22791536
22791537
22791538
22791539
22791540
22791549
22791553
22791559
22791566
22791568
22791569
22791570
22791585
22791588
22791590
22791591
22791592
22791593
22791610
22791627
22791628
22791651
22791653
22791654
22791657
22791658
22791659
22791660
22791695
22791709
22791710
22791711
22791712
22791713
22791714
22791715
22791716
22791717
22791718
22791719
22791745
22791752
22791755
22791756
22791757
22791758
22791759
22791760
22791761
22791762
22791763
22791764
22791765
22791766
22791767
22791768
22791769
22791801
22791802
22791809
22791810
22791812
22791814
22791815
22791816
22791817
22791818
22791819
22791820
22791825
22791826
22791829
22791830
22791831
22791832
22791834
22791835
22791839
22791840
22791866
22791867
22791868
22791869
22791870
22791871
22791872
22791873
22791874
22791875
22791876
22791878
22791879
22791886
22791900
22791903
22791905
22791906
22791939
22791940
22791941
22791942
22791943
22791944
22791945
22791946
22791947
22791948
22791949
22791950
22791951
22791952
22791953
22791954
22791955
22791959
22791960
22791961
22791962
22791963
22791985
22791986
22791987
22791988
22791989
22791990
22791991
22791992
22792043
22792044
22792045
22792046
22792047
22792048
22792049
22792050
22792051
22792053
22792054
22792055
22792056
22792057
22792058
22792059
22792061
22792062
22792063
22792064
22792065
22792066
22792067
22792068
22792069
22792351
22792352
22792353
22792354
22792356
22792357
22792358
22792359
22792360
22792361
22792362
22792363
22792364
22792365
22792366
22792367
22792368
22792369
22792370
22792371
22792372
22792373
22792374
22792375
22792376
22792377
22792378
22792379
22792380
22792381
22792382
22792383
22792384
22792385
22792386
22792387
22792388
22792389
22792390
22792391
22792392
22792393
22792394
22792395
22792396
22792397
22792398
22792399
22792400
22792401
22792402
22792403
22792404
22792405
22792406
22792407
22792408
22792409
22792410
22792488
22792489
22792490
22792491
22792492
22792493
22792494
22792495
22792496
22792538
22792539
22792540
22792541
22792543
22792557
22792584
22792854
22792855
22792856
22792857
22792858
22792859
22792860
22792861
22792863
22792864
22792866
22792882
22792998
22793002
22793019
22793036
22793037
22793038
22793039
22793041
22793043
22793044
22793046
22793047
22793048
22793049
22793050
22793051
22793052
22793053
22793054
22793055
22793056
22793057
22793058
22793059
22793060
22793061
22793062
22793063
22793064
22793065
22793066
22793067
22793068
22793069
22793070
22793071
22793157
22793158
22793159
22793167
22793172
22793173
22793174
22793255
22793256
22793258
22793259
22793261
22793262
22793263
22793265
22793268
22793269
22793369
22793370
22793373
22793376
22793379
22793382
22793383
22793493
22793495
22793497
22793499
22793501
22793518
22793519
22793528
22793648
22793649
22793666
22793667
22793668
22793670
22793671
22793685
22793688
22793782
22793783
22793787
22793789
22793795
22793862
22793869
22793870
22793871
22793872
22793873
22793875
22793878
22793881
22793977
22793978
22793989
22793991
22793993
22793994
22793997
22793998
22794030
22794032
22794063
22794077
22794080
22794083
22794084
22794085
22794086
22794087
22794089
22794090
22794100
22794102
22794103
22794104
22794105
22794106
22794107
22794108
22794114
22794116
22794119
22794132
22794134
22794135
22794136
22794147
22794149
22794152
22794153
22794163
22794164
22794165
22794180
22794187
22794188
22794192
22794193
22794194
22794195
22794201
22794271
22794275
22794278
22794279
22794280
22794281
22794282
22794283
22794284
22794285
22794286
22794287
22794288
22794289
22794290
22794291
22794292
22794294
22794296
22794297
22794298
22794299
22794300
22794301
22794302
22794303
22794307
22794309
22794311
22794312
22794317
22794319
22794320
22794321
22794322
22794324
22794325
22794326
22794327
22794330
22794331
22794332
22794333
22794334
22794339
22794340
22794341
22794342
22794343
22794344
22794345
22794346
22794350
22794351
22794353
22794356
22794496
22794499
22794500
22794502
22794503
22794509
22794510
22794526
22794527
22794528
22794529
22794530
22794531
22794532
22794533
22794534
22794535
22794663
22794667
22794670
22794672
22794674
22794675
22794676
22794677
22794678
22794679
22794680
22794681
22794682
22794683
22794684
22794685
22794686
22794687
22794688
22794689
22794690
22794691
22794692
22794693
22794694
22794695
22794696
22794697
22794698
22794699
22794700
22794701
22794702
22794703
22794704
22794708
22794782
22794785
22794787
22794789
22794792
22794798
22794799
22794802
22794803
22794910
22794913
22794914
22794915
22794916
22794917
22794918
22794919
22794920
22794921
22794922
22794923
22794924
22794925
22794926
22794927
22794928
22794930
22794931
22794932
22794934
22794940
22795037
22795041
22795044
22795045
22795046
22795047
22795049
22795054
22795055
22795056
22795057
22795058
22795059
22795061
22795062
22795063
22795064
22795065
22795068
22795070
22795072
22795074
22795075
22795076
22795077
22795078
22795079
22795080
22795082
22795083
22795084
22795085
22795089
22795090
22795091
22795092
22795093
22795094
22795095
22795096
22795097
22795098
22795099
22795100
22795101
22795102
22795103
22795104
22795105
22795106
22795107
22795108
22795109
22795110
22795111
22795112
22795113
22795114
22795115
22795116
22795117
22795118
22795119
22795120
22795121
22795124
22795129
22795130
22795132
22795134
22795136
22795174
22795186
22795189
22795199
22795202
22795222
22795225
22795238
22795246
22795247
22795266
22795269
22795270
22795293
22795294
22795298
22795304
22795306
22795313
22795315
22795329
22795330
22795331
22795332
22795333
22795339
22795340
22795341
22795343
22795344
22795345
22795354
22795357
22795358
22795359
22795363
22795366
22795367
22795368
22795374
22795375
22795376
22795377
22795381
22795382
22795383
22795386
22795387
22795388
22795389
22795394
22795395
22795433
22795434
22795435
22795436
22795444
22795446
22795448
22795455
22795456
22795457
22795459
22795460
22795461
22795463
22795464
22795465
22795466
22795469
22795476
22795482
22795483
22795485
22795488
22795489
22795490
22795492
22795497
22795498
22795503
22795504
22795505
22795506
22795509
22795512
22795513
22795519
22795521
22795522
22795523
22795526
22795528
22795531
22795539
22795540
22795541
22795542
22795543
22795544
22795552
22795560
22795561
22795563
22795569
22795570
22795577
22795578
22795585
22795586
22795587
22795588
22795589
22795590
22795592
22795596
22795598
22795599
22795608
22795610
22795611
22795612
22795613
22795614
22795618
22795619
22795620
22795623
22795626
22795627
22795628
22795629
22795630
22795631
22795636
22795637
22795638
22795639
22795643
22795654
22795655
22795656
22795661
22795662
22795663
22795664
22795665
22795673
22795675
22795681
22795684
22795685
22795690
22795691
22795693
22795694
22795695
22795697
22795698
22795699
22795701
22795702
22795703
22795727
22795735
22795742
22795752
22795753
22795754
22795757
22795762
22795763
22795764
22795766
22795771
22795774
22795779
22795780
22795781
22795782
22795794
22795796
22795797
22795798
22795799
22795803
22795807
22795808
22795809
22795811
22795817
22795818
22795819
22795820
22795821
22795831
22795832
22795833
22795837
22795838
22795839
22795840
22795842
22795843
22795845
22795846
22795848
22795849
22795850
22795851
22795852
22795853
22795854
22795855
22795856
22795857
22795858
22795859
22795862
22795863
22795864
22795870
22795874
22795875
22795882
22795884
22795890
22795893
22795894
22795915
22795917
22795918
22795925
22795926
22795927
22795937
22795945
22795946
22795950
22795951
22795952
22795954
22795956
22795961
22795962
22795963
22795964
22795965
22795966
22795978
22795984
22795998
22795999
22796001
22796002
22796003
22796004
22796011
22796018
22796024
22796028
22796030
22796040
22796041
22796042
22796043
22796045
22796046
22796048
22796052
22796061
22796070
22796071
22796072
22796073
22796074
22796075
22796076
22796077
22796078
22796079
22796080
22796081
22796085
22796087
22796090
22796092
22796094
22796095
22796096
22796097
22796106
22796107
22796112
22796113
22796114
22796115
22796118
22796119
22796120
22796123
22796126
22796131
22796132
22796134
22796136
22796137
22796138
22796139
22796140
22796141
22796142
22796144
22796145
22796149
22796150
22796151
22796157
22796158
22796159
22796160
22796161
22796162
22796163
22796164
22796165
22796166
22796167
22796168
22796170
22796171
22796172
22796173
22796174
22796175
22796176
22796177
22796178
22796180
22796181
22796182
22796183
22796184
22796185
22796186
22796189
22796190
22796191
22796192
22796199
22796200
22796201
22796202
22796203
22796204
22796206
22796207
22796217
22796218
22796219
22796220
22796221
22796222
22796223
22796224
22796226
22796227
22796230
22796231
22796232
22796233
22796234
22796236
22796240
22796241
22796246
22796247
22796250
22796251
22796260
22796271
22796276
22796286
22796287
22796288
22796291
22796292
22796293
22796298
22796299
22796300
22796302
22796305
22796306
22796307
22796308
22796309
22796316
22796317
22796329
22796330
22796331
22796335
22796342
22796350
22796358
22796359
22796361
22796362
22796366
22796368
22796369
22796370
22796371
22796375
22796376
22796377
22796378
22796385
22796386
22796387
22796400
22796401
22796402
22796403
22796411
22796412
22796413
22796416
22796417
22796418
22796419
22796420
22796421
22796424
22796427
22796433
22796445
22796446
22796447
22796448
22796449
22796450
22796451
22796452
22796454
22796455
22796457
22796459
22796460
22796467
22796468
22796469
22796470
22796471
22796473
22796474
22796475
22796476
22796480
22796481
22796485
22796487
22796489
22796492
22796493
22796494
22796495
22796499
22796500
22796501
22796502
22796503
22796506
22796507
22796515
22796516
22796517
22796518
22796519
22796520
22796523
22796524
22796529
22796530
22796536
22796537
22796538
22796539
22796540
22796547
22796552
22796560
22796562
22796565
22796566
22796567
22796569
22796571
22796573
22796574
22796575
22796584
22796585
22796586
22796587
22796588
22796589
22796590
22796591
22796592
22796593
22796595
22796596
22796597
22796598
22796599
22796600
22796601
22796602
22796603
22796604
22796608
22796609
22796610
22796611
22796612
22796613
22796614
22796615
22796616
22796617
22796618
22796619
22796620
22796621
22796622
22796623
22796625
22796626
22796627
22796628
22796632
22796638
22796641
22796645
22796646
22796652
22796657
22796658
22796659
22796670
22796671
22796673
22796674
22796675
22796676
22796677
22796684
22796685
22796686
22796687
22796688
22796689
22796690
22796691
22796692
22796693
22796694
22796695
22796696
22796697
22796698
22796702
22796706
22796707
22796708
22796709
22796710
22796711
22796712
22796713
22796714
22796715
22796717
22796718
22796719
22796723
22796724
22796725
22796726
22796727
22796728
22796729
22796730
22796735
22796737
22796738
22796741
22796743
22796746
22796748
22796749
22796750
22796751
22796754
22796755
22796756
22796812
22796813
22796814
22796815
22796816
22796817
22796818
22796819
22796820
22796821
22796822
22796823
22796824
22796825
22796827
22796865
22796866
22796869
22796899
22796900
22796903
22796905
22796907
22796917
22796918
22796920
22796921
22796922
22796923
22796924
22796925
22796926
22796927
22796928
22796929
22796930
22796931
22796932
22796933
22796934
22796935
22796936
22796943
22796947
22796948
22796949
22796951
22796966
22796981
22796982
22796985
22796986
22796987
22796988
22796989
22796993
22796994
22797004
22797006
22797009
22797010
22797078
22797080
22797082
22797083
22797084
22797085
22797086
22797087
22797088
22797111
22797129
22797130
22797145
22797152
22797153
22797154
22797174
22797176
22797180
22797181
22797182
22797183
22797186
22797191
22797192
22797194
22797211
22797215
22797248
22797249
22797250
22797272
22797273
22797274
22797275
22797276
22797277
22797278
22797279
22797280
22797281
22797286
22797290
22797315
22797316
22797317
22797319
22797320
22797356
22797365
22797366
22797367
22797368
22797369
22797370
22797371
22797372
22797373
22797374
22797376
22797382
22797383
22797384
22797385
22797386
22797387
22797388
22797389
22797390
22797391
22797392
22797393
22797394
22797395
22797396
22797397
22797398
22797399
22797400
22797401
22797402
22797403
22797404
22797405
22797406
22797408
22797411
22797413
22797422
22797465
22797467
22797469
22797474
22797484
22797487
22797488
22797489
22797510
22797511
22797512
22797513
22797514
22797516
22797517
22797527
22797528
22797531
22797534
22797549
22797551
22797553
22797554
22797557
22797564
22797566
22797568
22797569
22797570
22797571
22797572
22797578
22797579
22797598
22797599
22797601
22797605
22797606
22797609
22797612
22797613
22797653
22797655
22797656
22797657
22797658
22797672
22797673
22797675
22797679
22797680
22797681
22797682
22797683
22797684
22797685
22797688
22797689
22797690
22797697
22797708
22797710
22797712
22797714
22797715
22797751
22797752
22797754
22797755
22797756
22797757
22797759
22797760
22797761
22797762
22797763
22797764
22797765
22797766
22797783
22797796
22797797
22797805
22797806
22797819
22797820
22797821
22797823
22797827
22797850
22797851
22797852
22797856
22797863
22797864
22797865
22797866
22797876
22797877
22797883
22797884
22797887
22797888
22797895
22797901
22797904
22797908
22797911
22797912
22797913
22797926
22797927
22797938
22797939
22797940
22797941
22797958
22797974
22797984
22797985
22797986
22797987
22797988
22797989
22797990
22797991
22797992
22797993
22797994
22797995
22797996
22797997
22797998
22797999
22798000
22798001
22798002
22798003
22798004
22798005
22798014
22798015
22798036
22798044
22798046
22798047
22798067
22798068
22798069
22798071
22798072
22798073
22798074
22798075
22798107
22798108
22798109
22798110
22798111
22798112
22798113
22798114
22798115
22798116
22798117
22798118
22798119
22798120
22798121
22798122
22798123
22798124
22798125
22798126
22798127
22798128
22798129
22798130
22798131
22798132
22798136
22798137
22798142
22798143
22798144
22798149
22798157
22798159
22798160
22798162
22798180
22798181
22798183
22798185
22798198
22798218
22798219
22798220
22798223
22798224
22798225
22798226
22798228
22798259
22798263
22798264
22798265
22798266
22798288
22798289
22798291
22798292
22798293
22798294
22798295
22798315
22798316
22798317
22798318
22798320
22798321
22798322
22798325
22798326
22798330
22798333
22798338
22798340
22798342
22798344
22798346
22798354
22798355
22798356
22798357
22798358
22798359
22798360
22798361
22798362
22798363
22798364
22798365
22798366
22798367
22798368
22798369
22798370
22798371
22798372
22798373
22798374
22798375
22798376
22798377
22798379
22798390
22798391
22798392
22798393
22798394
22798424
22798425
22798426
22798427
22798431
22798432
22798449
22798450
22798451
22798452
22798453
22798454
22798455
22798456
22798457
22798458
22798461
22798462
22798463
22798464
22798465
22798466
22798468
22798469
22798470
22798474
22798475
22798476
22798478
22798493
22798494
22798495
22798496
22798497
22798498
22798499
22798501
22798502
22798503
22798504
22798505
22798506
22798520
22798521
22798522
22798523
22798524
22798525
22798526
22798527
22798529
22798530
22798531
22798532
22798533
22798534
22798536
22798538
22798541
22798542
22798544
22798545
22798554
22798632
22798639
22798640
22798684
22798686
