22798687
22798689
22798692
22798992
22798994
22798996
22798998
22799257
22799259
22799264
22799266
22799267
22799274
22799286
22799287
22799288
22799289
22799290
22799291
22799292
22799293
22799294
22799295
22799296
22799297
22799298
22799299
22799300
22799301
22799302
22799303
22799304
22799305
22799306
22799307
22799308
22799309
22799310
22799311
22799312
22799313
22799314
22799315
22799316
22799317
22799318
22799319
22799320
22799321
22799322
22799323
22799324
22799325
22799326
22799327
22799328
22799329
22799330
22799331
22799332
22799333
22799334
22799335
22799336
22799337
22799338
22799339
22799340
22799341
22799342
22799343
22799344
22799345
22799346
22799347
22799348
22799349
22799350
22799351
22799352
22799353
22799354
22799355
22799356
22799357
22799358
22799359
22799360
22799361
22799362
22799363
22799364
22799365
22799366
22799367
22799368
22799369
22799370
22799371
22799372
22799373
22799374
22799375
22799376
22799377
22799378
22799379
22799380
22799381
22799382
22799383
22799384
22799385
22799386
22799387
22799388
22799389
22799390
22799391
22799392
22799393
22799394
22799396
22799436
22799440
22799441
22799443
22799444
22799445
22799447
22799448
22799450
22799452
22799455
22799458
22799460
22799461
22799464
22799487
22799490
22799492
22799493
22799495
22799498
22799499
22799504
22799505
22799507
22799508
22799509
22799510
22799511
22799512
22799513
22799514
22799515
22799516
22799521
22799522
22799525
22799526
22799529
22799531
22799539
22799558
22799560
22799563
22799564
22799566
22799571
22799572
22799573
22799574
22799576
22799589
22799590
22799591
22799593
22799594
22799595
22799596
22799601
22799602
22799605
22799607
22799609
22799610
22799611
22799612
22799613
22799614
22799615
22799618
22799621
22799622
22799625
22799628
22799629
22799630
22799631
22799632
22799633
22799634
22799635
22799739
22799741
22799742
22799743
22799744
22799747
22799748
22799749
22799750
22799754
22799759
22799760
22799761
22799762
22799763
22799764
22799765
22799768
22799770
22799876
22799877
22799879
22799881
22799882
22799883
22799884
22799886
22799888
22799892
22799896
22800083
22800084
22800085
22800092
22800093
22800094
22800095
22800120
22800121
22800174
22800185
22800188
22800191
22800193
22800194
22800196
22800200
22800283
22800288
22800291
22800294
22800295
22800299
22800339
22800376
22800379
22800397
22800398
22800400
22800401
22800434
22800436
22800438
22800444
22800445
22800461
22800463
22800464
22800465
22800467
22800470
22800471
22800473
22800474
22800475
22800476
22800477
22800478
22800479
22800480
22800481
22800482
22800483
22800484
22800485
22800486
22800487
22800488
22800489
22800490
22800491
22800492
22800493
22800494
22800498
22800506
22800536
22800537
22800538
22800539
22800540
22800541
22800542
22800543
22800544
22800545
22800546
22800547
22800548
22800549
22800550
22800551
22800552
22800553
22800554
22800555
22800556
22800557
22800558
22800562
22800563
22800564
22800565
22800566
22800567
22800571
22800573
22800577
22800579
22800580
22800581
22800582
22800583
22800585
22800603
22800605
22800606
22800612
22800616
22800617
22800618
22800621
22800645
22800648
22800650
22800651
22800654
22800658
22800660
22800679
22800680
22800687
22800690
22800691
22800710
22800713
22800714
22800716
22800717
22800718
22800719
22800720
22800721
22800722
22800723
22800724
22800725
22800727
22800733
22800759
22800760
22800763
22800767
22800800
22800806
22800807
22800808
22800815
22800816
22800817
22800818
22800819
22800820
22800821
22800822
22800823
22800824
22800825
22800826
22800827
22800828
22800829
22800830
22800831
22800832
22800833
22800834
22800835
22800836
22800837
22800838
22800839
22800840
22800841
22800842
22800843
22800844
22800845
22800846
22800848
22800851
22800854
22800855
22800858
22800859
22800863
22800864
22800865
22800866
22800868
22800870
22800875
22800882
22800883
22800884
22800885
22800886
22800887
22800888
22800889
22800890
22800891
22800892
22800893
22800894
22800895
22800896
22800897
22800898
22800899
22800900
22800901
22800902
22800903
22800904
22800905
22800906
22800907
22800908
22800909
22800910
22800911
22800912
22800913
22800914
22800916
22800917
22800918
22800919
22800920
22800921
22800922
22800923
22800924
22800927
22800928
22800929
22800931
22800932
22800934
22800935
22800936
22800939
22800960
22800961
22800962
22800963
22800965
22800967
22800968
22800969
22800970
22800971
22800972
22800973
22800974
22800975
22800976
22800977
22800978
22800979
22800980
22800982
22800985
22800987
22800988
22801004
22801007
22801008
22801009
22801010
22801011
22801012
22801013
22801014
22801015
22801016
22801017
22801018
22801019
22801020
22801021
22801022
22801023
22801025
22801039
22801040
22801041
22801042
22801044
22801054
22801055
22801056
22801059
22801061
22801062
22801063
22801064
22801065
22801066
22801067
22801068
22801069
22801070
22801072
22801093
22801094
22801095
22801096
22801097
22801101
22801102
22801106
22801107
22801108
22801109
22801110
22801111
22801112
22801113
22801114
22801115
22801116
22801117
22801118
22801119
22801120
22801121
22801122
22801123
22801124
22801125
22801126
22801127
22801128
22801129
22801130
22801131
22801132
22801133
22801134
22801137
22801138
22801139
22801140
22801141
22801146
22801147
22801148
22801149
22801150
22801151
22801152
22801153
22801154
22801155
22801156
22801157
22801158
22801159
22801160
22801161
22801162
22801163
22801164
22801165
22801166
22801167
22801168
22801169
22801170
22801171
22801172
22801173
22801174
22801175
22801176
22801177
22801178
22801179
22801180
22801181
22801182
22801183
22801184
22801185
22801186
22801187
22801217
22801218
22801251
22801252
22801253
22801254
22801295
22801338
22801339
22801340
22801341
22801342
22801343
22801344
22801345
22801346
22801347
22801348
22801349
22801350
22801356
22801357
22801358
22801359
22801366
22801367
22801368
22801369
22801370
22801371
22801372
22801373
22801374
22801375
22801376
22801377
22801378
22801379
22801380
22801381
22801386
22801387
22801388
22801389
22801390
22801391
22801392
22801396
22801397
22801398
22801399
22801400
22801401
22801402
22801403
22801404
22801405
22801406
22801407
22801408
22801420
22801422
22801423
22801424
22801425
22801426
22801427
22801428
22801429
22801430
22801431
22801432
22801433
22801434
22801435
22801436
22801437
22801438
22801439
22801440
22801441
22801442
22801443
22801444
22801445
22801446
22801447
22801449
22801450
22801451
22801452
22801453
22801454
22801463
22801464
22801465
22801466
22801467
22801468
22801469
22801474
22801478
22801479
22801482
22801483
22801484
22801485
22801489
22801507
22801513
22801514
22801515
22801516
22801528
22801534
22801535
22801536
22801537
22801538
22801539
22801541
22801542
22801543
22801544
22801545
22801546
22801547
22801548
22801549
22801550
22801551
22801552
22801556
22801584
22801586
22801587
22801588
22801593
22801597
22801598
22801599
22801600
22801601
22801602
22801603
22801604
22801640
22801641
22801642
22801643
22801644
22801645
22801646
22801647
22801648
22801649
22801650
22801651
22801652
22801661
22801662
22801663
22801664
22801665
22801666
22801669
22801714
22801726
22801735
22801736
22801741
22801743
22801744
22801745
22801748
22801760
22801761
22801762
22801763
22801764
22801765
22801766
22801768
22801772
22801774
22801775
22801777
22801778
22801789
22801790
22801791
22801794
22801808
22801813
22801814
22801815
22801861
22801863
22801864
22801865
22801878
22801880
22801923
22801924
22801926
22801927
22801930
22801933
22801941
22801944
22801948
22801950
22801951
22801956
22801957
22801974
22801976
22801977
22801981
22801982
22801998
22801999
22802022
22802023
22802024
22802025
22802026
22802028
22802029
22802030
22802031
22802032
22802033
22802034
22802035
22802036
22802037
22802038
22802039
22802040
22802041
22802042
22802043
22802047
22802048
22802049
22802082
22802084
22802085
22802086
22802087
22802088
22802089
22802090
22802091
22802111
22802123
22802131
22802135
22802136
22802143
22802147
22802154
22802156
22802157
22802158
22802161
22802212
22802214
22802216
22802218
22802220
22802221
22802222
22802223
22802225
22802226
22802227
22802229
22802243
22802244
22802245
22802246
22802247
22802248
22802249
22802250
22802251
22802252
22802253
22802254
22802255
22802256
22802257
22802258
22802259
22802270
22802271
22802272
22802273
22802279
22802280
22802281
22802282
22802283
22802284
22802285
22802286
22802287
22802288
22802289
22802290
22802291
22802292
22802293
22802294
22802307
22802316
22802336
22802337
22802339
22802341
22802342
22802343
22802344
22802345
22802346
22802347
22802348
22802349
22802351
22802352
22802353
22802359
22802360
22802361
22802362
22802363
22802380
22802381
22802383
22802384
22802386
22802387
22802424
22802425
22802426
22802427
22802432
22802433
22802434
22802435
22802436
22802437
22802438
22802439
22802440
22802441
22802442
22802443
22802444
22802445
22802446
22802447
22802462
22802520
22802572
22802573
22802574
22802580
22802581
22802582
22802583
22802592
22802593
22802610
22802611
22802612
22802645
22802673
22802679
22802680
22802681
22802682
22802683
22802684
22802685
22802686
22802688
22802689
22802690
22802728
22802729
22802730
22802731
22802732
22802733
22802734
22802735
22802736
22802737
22802738
22802739
22802740
22802741
22802742
22802743
22802927
22802928
22802929
22802930
22802931
22802932
22802933
22802934
22802935
22802936
22802937
22802938
22802939
22802940
22802941
22802942
22802943
22802944
22802945
22802946
22802947
22802948
22802949
22802950
22802951
22802952
22802953
22802954
22802955
22802956
22802957
22802958
22802959
22802960
22802961
22802962
22802963
22802964
22802965
22802966
22802967
22802968
22802969
22802970
22803024
22803025
22803026
22803027
22803028
22803029
22803030
22803031
22803032
22803033
22803034
22803035
22803036
22803037
22803038
22803039
22803040
22803041
22803042
22803043
22803044
22803045
22803046
22803047
22803048
22803049
22803050
22803051
22803052
22803053
22803054
22803055
22803056
22803057
22803058
22803059
22803060
22803061
22803062
22803063
22803064
22803277
22803278
22803279
22803280
22803281
22803282
22803284
22803291
22803292
22803293
22803294
22803295
22803296
22803297
22803298
22803299
22803300
22803301
22803302
22803303
22803304
22803305
22803306
22803307
22803308
22803309
22803310
22803503
22803504
22803505
22803506
22803507
22803508
22803509
22803511
22803513
22803514
22803517
22803570
22803577
22803579
22803586
22803592
22803593
22803595
22803599
22803602
22803604
22803606
22803607
22803609
22803610
22803614
22803616
22803620
22803626
22803629
22803632
22803633
22803635
22803636
22803639
22803641
22803643
22803651
22803654
22803655
22803656
22803658
22803660
22803682
22803684
22803689
22803691
22803695
22803700
22803701
22803703
22803713
22803742
22803743
22803747
22803748
22803751
22803752
22803753
22803754
22803755
22803756
22803757
22803758
22803759
22803768
22803769
22803775
22803776
22803780
22803786
22803789
22803794
22803796
22803797
22803798
22803809
22803810
22803811
22803817
22803821
22803823
22803829
22803840
22803928
22803929
22803931
22803933
22803934
22803935
22803936
22803937
22803938
22803939
22803940
22803941
22803942
22803943
22803944
22803945
22803946
22803947
22803948
22803949
22803950
22803959
22803960
22803966
22804092
22804104
22804106
22804107
22804110
22804230
22804245
22804246
22804247
22804248
22804249
22804252
22804331
22804332
22804333
22804336
22804337
22804339
22804345
22804346
22804348
22804349
22804452
22804456
22804457
22804458
22804460
22804461
22804462
22804463
22804464
22804465
22804466
22804467
22804468
22804469
22804470
22804471
22804472
22804476
22804477
22804485
22804488
22804490
22804491
22804504
22804505
22804506
22804558
22804561
22804562
22804563
22804566
22804574
22804575
22804616
22804619
22804621
22804624
22804625
22804626
22804627
22804628
22804630
22804631
22804669
22804670
22804671
22804672
22804673
22804674
22804675
22804676
22804677
22804678
22804679
22804685
22804686
22804690
22804692
22804706
22804707
22804708
22804709
22804710
22804716
22804717
22804723
22804727
22804729
22804731
22804733
22804734
22804736
22804738
22804741
22804745
22804746
22804748
22804749
22804752
22804756
22804757
22804768
22804769
22804776
22804778
22804781
22804782
22804783
22804788
22804789
22804799
22804803
22804805
22804809
22804811
22804814
22804818
22804822
22804824
22804833
22804839
22804842
22804846
22804850
22804864
22804865
22804869
22804878
22804903
22804907
22804912
22804914
22804915
22804923
22804924
22804925
22804926
22804960
22804963
22804964
22804965
22804966
22804975
22805000
22805010
22805044
22805046
22805048
22805049
22805051
22805052
22805056
22805072
22805073
22805075
22805095
22805097
22805098
22805100
22805101
22805102
22805103
22805104
22805106
22805110
22805111
22805112
22805114
22805115
22805117
22805146
22805149
22805166
22805167
22805169
22805176
22805179
22805180
22805182
22805188
22805205
22805206
22805207
22805208
22805209
22805210
22805211
22805212
22805213
22805214
22805215
22805216
22805217
22805218
22805219
22805220
22805239
22805255
22805285
22805287
22805289
22805293
22805300
22805305
22805306
22805307
22805308
22805309
22805310
22805312
22805313
22805316
22805320
22805324
22805335
22805336
22805338
22805345
22805346
22805347
22805350
22805363
22805371
22805372
22805375
22805421
22805423
22805426
22805437
22805457
22805458
22805462
22805463
22805464
22805465
22805466
22805467
22805468
22805469
22805470
22805471
22805472
22805473
22805474
22805475
22805476
22805477
22805499
22805501
22805503
22805504
22805505
22805506
22805507
22805508
22805509
22805527
22805587
22805590
22805591
22805594
22805595
22805613
22805626
22805643
22805644
22805647
22805652
22805697
22805711
22805733
22805735
22805739
22805743
22805758
22805760
22805764
22805765
22805766
22805767
22805779
22805782
22805784
22805872
22805873
22805874
22805875
22805876
22805877
22805878
22805880
22805882
22805885
22805886
22805887
22805890
22805891
22805892
22805893
22805895
22805896
22805897
22805898
22805899
22805900
22805901
22805902
22805903
22805904
22805905
22805906
22805913
22805974
22806058
22806062
22806063
22806064
22806068
22806069
22806070
22806078
22806090
22806092
22806094
22806097
22806102
22806121
22806122
22806124
22806125
22806128
22806129
22806130
22806131
22806132
22806135
22806140
22806141
22806142
22806143
22806145
22806146
22806148
22806149
22806168
22806169
22806183
22806184
22806205
22806214
22806221
22806222
22806223
22806224
22806225
22806226
22806229
22806230
22806233
22806234
22806235
22806236
22806241
22806259
22806260
22806271
22806272
22806274
22806277
22806278
22806279
22806280
22806281
22806282
22806283
22806284
22806285
22806286
22806287
22806288
22806289
22806292
22806293
22806294
22806295
22806296
22806297
22806298
22806299
22806300
22806301
22806302
22806312
22806313
22806315
22806328
22806332
22806334
22806335
22806337
22806338
22806346
22806351
22806395
22806399
22806423
22806424
22806433
22806440
22806443
22806492
22806538
22806544
22806550
22806569
22806575
22806583
22806589
22806599
22806600
22806601
22806602
22806611
22806619
22806620
22806621
22806622
22806623
22806624
22806629
22806630
22806640
22806641
22806642
22806645
22806646
22806647
22806648
22806649
22806650
22806651
22806652
22806653
22806654
22806655
22806656
22806657
22806658
22806659
22806660
22806661
22806662
22806663
22806664
22806665
22806666
22806667
22806668
22806669
22806670
22806671
22806672
22806673
22806674
22806675
22806676
22806677
22806678
22806679
22806680
22806690
22806694
22806698
22806700
22806757
22806758
22806759
22806760
22806762
22806763
22806770
22806820
22806821
22806822
22806823
22806824
22806825
22806827
22806834
22806835
22806878
22806880
22806883
22806889
22806890
22806891
22806892
22806893
22806894
22806895
22806924
22806925
22806934
22806941
22806942
22806944
22806956
22806959
22806963
22806965
22806966
22806968
22806969
22806970
22806971
22806972
22806973
22806980
22806995
22806998
22807000
22807002
22807004
22807005
22807021
22807025
22807030
22807031
22807032
22807033
22807034
22807035
22807036
22807039
22807040
22807045
22807058
22807061
22807063
22807066
22807067
22807068
22807070
22807072
22807073
22807084
22807086
22807087
22807090
22807092
22807093
22807111
22807112
22807113
22807114
22807116
22807120
22807129
22807132
22807138
22807140
22807144
22807148
22807156
22807158
22807170
22807176
22807184
22807187
22807188
22807190
22807195
22807199
22807202
22807207
22807210
22807211
22807214
22807216
22807217
22807219
22807220
22807221
22807222
22807224
22807225
22807227
22807230
22807236
22807238
22807240
22807241
22807243
22807248
22807252
22807259
22807260
22807261
22807262
22807263
22807264
22807265
22807269
22807274
22807279
22807282
22807285
22807286
22807287
22807288
22807290
22807291
22807296
22807297
22807298
22807303
22807313
22807317
22807320
22807321
22807322
22807330
22807331
22807335
22807337
22807345
22807347
22807348
22807349
22807353
22807375
22807376
22807377
22807378
22807379
22807390
22807393
22807397
22807401
22807404
22807406
22807411
22807412
22807416
22807420
22807424
22807425
22807426
22807427
22807428
22807429
22807430
22807431
22807432
22807433
22807434
22807435
22807438
22807440
22807441
22807442
22807443
22807444
22807445
22807446
22807447
22807448
22807449
22807450
22807451
22807452
22807453
22807454
22807455
22807456
22807457
22807462
22807466
22807469
22807470
22807471
22807474
22807477
22807483
22807484
22807485
22807486
22807487
22807488
22807489
22807497
22807498
22807499
22807501
22807502
22807503
22807504
22807505
22807506
22807507
22807508
22807509
22807510
22807516
22807517
22807520
22807521
22807523
22807524
22807525
22807527
22807529
22807530
22807531
22807532
22807533
22807534
22807535
22807536
22807537
22807538
22807539
22807540
22807541
22807542
22807543
22807544
22807545
22807546
22807547
22807549
22807550
22807551
22807552
22807553
22807557
22807560
22807572
22807573
22807588
22807589
22807591
22807592
22807593
22807594
22807595
22807596
22807597
22807598
22807599
22807600
22807601
22807602
22807603
22807604
22807605
22807606
22807607
22807608
22807609
22807610
22807611
22807612
22807613
22807614
22807615
22807616
22807617
22807618
22807619
22807620
22807627
22807628
22807629
22807630
22807656
22807657
22807658
22807659
22807660
22807661
22807662
22807663
22807664
22807665
22807666
22807667
22807668
22807669
22807670
22807671
22807672
22807673
22807674
22807675
22807676
22807677
22807678
22807679
22807680
22807681
22807682
22807683
22807684
22807685
22807686
22807687
22807688
22807689
22807690
22807691
22808196
22808197
22808198
22808199
22808200
22808201
22808202
22808203
22808204
22808205
22808206
22808207
22808208
22808209
22808210
22808211
22808212
22808213
22808214
22808215
22808216
22808217
22808218
22808219
22808220
22808221
22808222
22808223
22808224
22808225
22808226
22808227
22808228
22808229
22808230
22808231
22808232
22808233
22808234
22808235
22808236
22808237
22808238
22808239
22808240
22808241
22808242
22808243
22808244
22808245
22808246
22808247
22808248
22808249
22808250
22808251
22808252
22808253
22808254
22808255
22808256
22808257
22808258
22808259
22808260
22808261
22808262
22808263
22808264
22808265
22808266
22808267
22808268
22808269
22808270
22808271
22808272
22808273
22808274
22808275
22808276
22808277
22808278
22808279
22808280
22808281
22808282
22808283
22808284
22808285
22808286
22808287
22808288
22808289
22808290
22808291
22808292
22808293
22808294
22808295
22808296
22808297
22808298
22808299
22808300
22808301
22808302
22808303
22808304
22808450
22808451
22808452
22808453
22808454
22808455
22808456
22808457
22808458
22808459
22808460
22808461
22808462
22808463
22808464
22808465
22808466
22808467
22808468
22808469
22808470
22808471
22808472
22808473
22808474
22808475
22808476
22808477
22808478
22808479
22808480
22808481
22808482
22808483
22808484
22808485
22808486
22808487
22808488
22808489
22808490
22808491
22808492
22808493
22808494
22808495
22808496
22808497
22808498
22808499
22808500
22808501
22808502
22808503
22808504
22808505
22808506
22808507
22808508
22808509
22808510
22808511
22808512
22808513
22808514
22808515
22808516
22808517
22808518
22808519
22808802
22808803
22808804
22808805
22808806
22808807
22808808
22808809
22808810
22808811
22808812
22808813
22808814
22808815
22808816
22808817
22808818
22808819
22808820
22808821
22808822
22808823
22808824
22808899
22808900
22808901
22808902
22808904
22808905
22808906
22808907
22808908
22808909
22808910
22808911
22808912
22808915
22808917
22808919
22808922
22808929
22808932
22808934
22808937
22808938
22808939
22808941
22808945
22808946
22808948
22808951
22808952
22808987
22808991
22808992
22808993
22808995
22808996
22809001
22809002
22809003
22809004
22809005
22809006
22809010
22809012
22809014
22809015
22809016
22809018
22809038
22809041
22809043
22809044
22809045
22809046
22809047
22809048
22809049
22809050
22809054
22809055
22809057
22809061
22809065
22809067
22809068
22809081
22809084
22809085
22809090
22809095
22809102
22809103
22809104
22809106
22809107
22809110
22809118
22809120
22809121
22809122
22809128
22809129
22809133
22809145
22809147
22809148
22809149
22809150
22809151
22809152
22809153
22809154
22809155
22809156
22809157
22809158
22809159
22809160
22809161
22809165
22809167
22809169
22809173
22809197
22809201
22809205
22809206
22809207
22809208
22809209
22809210
22809211
22809214
22809221
22809236
22809237
22809238
22809242
22809244
22809249
22809250
22809251
22809256
22809257
22809258
22809259
22809260
22809261
22809266
22809267
22809271
22809273
22809274
22809275
22809276
22809277
22809280
22809282
22809283
22809289
22809290
22809291
22809296
22809297
22809298
22809300
22809311
22809313
22809316
22809317
22809319
22809322
22809325
22809327
22809329
22809331
22809332
22809337
22809338
22809339
22809340
22809341
22809342
22809343
22809344
22809345
22809346
22809347
22809348
22809349
22809350
22809351
22809352
22809353
22809360
22809373
22809375
22809376
22809390
22809391
22809394
22809395
22809396
22809398
22809399
22809401
22809403
22809404
22809405
22809407
22809408
22809409
22809410
22809412
22809413
22809414
22809415
22809416
22809417
22809418
22809419
22809420
22809421
22809422
22809423
22809424
22809425
22809426
22809429
22809430
22809432
22809434
22809437
22809439
22809440
22809442
22809443
22809445
22809446
22809447
22809448
22809449
22809450
22809451
22809454
22809456
22809460
22809461
22809465
22809470
22809481
22809488
22809491
22809498
22809499
22809501
22809502
22809503
22809505
22809506
22809507
22809508
22809509
22809510
22809511
22809512
22809513
22809518
22809521
22809522
22809523
22809532
22809543
22809544
22809545
22809547
22809553
22809554
22809556
22809558
22809559
22809560
22809563
22809564
22809565
22809566
22809567
22809577
22809578
22809579
22809585
22809586
22809587
22809588
22809589
22809590
22809619
22809637
22809638
22809639
22809641
22809642
22809643
22809644
22809645
22809646
22809647
22809648
22809649
22809652
22809659
22809661
22809662
22809665
22809666
22809667
22809668
22809669
22809672
22809674
22809676
22809677
22809681
22809684
22809685
22809691
22809694
22809702
22809704
22809707
22809711
22809712
22809713
22809716
22809717
22809727
22809730
22809731
22809734
22809735
22809736
22809738
22809743
22809744
22809753
22809754
22809755
22809756
22809757
22809758
22809763
22809778
22809782
22809785
22809793
22809794
22809795
22809813
22809814
22809825
22809826
22809827
22809831
22809842
22809843
22809844
22809849
22809856
22809859
22809860
22809863
22809864
22809865
22809870
22809873
22809874
22809875
22809879
22809888
22809889
22809961
22809972
22809973
22809999
22810000
22810003
22810004
22810014
22810015
22810016
22810019
22810020
22810046
22810047
22810051
22810056
22810058
22810086
22810087
22810088
22810107
22810111
22810115
22810116
22810156
22810159
22810160
22810161
22810163
22810171
22810174
22810193
22810194
22810195
22810196
22810204
22810205
22810206
22810207
22810208
22810209
22810211
22810216
22810217
22810218
22810219
22810220
22810222
22810223
22810224
22810225
22810226
22810227
22810228
22810229
22810230
22810231
22810232
22810233
22810234
22810235
22810236
22810237
22810238
22810239
22810263
22810271
22810275
22810296
22810298
22810299
22810302
22810303
22810305
22810307
22810308
22810353
22810361
22810362
22810363
22810364
22810369
22810370
22810373
22810377
22810382
22810419
22810420
22810421
22810422
22810423
22810426
22810427
22810428
22810429
22810430
22810431
22810432
22810433
22810461
22810488
22810490
22810504
22810562
22810563
22810564
22810626
22810628
22810648
22810704
22810705
22810780
22810781
22810837
22810843
22810849
22810852
22810853
22810886
22810895
22810896
22810897
22810898
22810900
22810901
22810902
22810945
22810946
22810950
22810951
22810958
22810959
22810961
22811001
22811002
22811004
22811015
22811018
22811043
22811045
22811057
22811058
22811059
22811061
22811067
22811068
22811069
22811075
22811076
22811081
22811082
22811083
22811084
22811085
22811198
22811199
22811200
22811201
22811202
22811203
22811204
22811205
22811206
22811207
22811208
22811215
22811219
22811220
22811221
22811222
22811223
22811224
22811225
22811226
22811227
22811228
22811229
22811230
22811231
22811232
22811233
22811234
22811235
22811236
22811237
22811238
22811239
22811240
22811254
22811256
22811257
22811258
22811263
22811266
22811267
22811268
22811269
22811270
22811271
22811272
22811273
22811274
22811279
22811280
22811290
22811299
22811303
22811304
22811310
22811312
22811320
22811322
22811342
22811343
22811344
22811345
22811346
22811347
22811348
22811349
22811350
22811351
22811380
22811382
22811389
22811394
22811395
22811397
22811409
22811411
22811412
22811433
22811434
22811435
22811448
22811459
22811465
22811466
22811467
22811468
22811469
22811470
22811471
22811472
22811478
22811482
22811483
22811484
22811485
22811486
22811487
22811488
22811489
22811490
22811491
22811497
22811499
22811500
22811501
22811502
22811503
22811504
22811505
22811506
22811507
22811508
22811513
22811518
22811519
22811520
22811521
22811522
22811523
22811524
22811525
22811526
22811527
22811528
22811529
22811530
22811531
22811532
22811533
22811534
22811535
22811536
22811537
22811538
22811539
22811540
22811541
22811542
22811543
22811544
22811556
22811558
22811559
22811562
22811589
22811594
22811595
22811596
22811597
22811598
22811599
22811600
22811601
22811602
22811603
22811604
22811605
22811606
22811615
22811616
22811617
22811618
22811698
22811758
22811759
22811760
22811761
22811762
22811938
22811939
22812406
22812415
22812418
22812419
22812421
22812428
22812429
22812431
22812433
22812435
22812444
22812449
22812451
22812452
22812462
22812464
22812465
22812466
22812467
22812469
22812470
22812471
22812472
22812473
22812474
22812475
22812477
22812480
22812484
22812485
22812492
22812494
22812497
22812499
22812501
22812504
22812509
22812514
22812515
22812521
22812523
22812524
22812525
22812526
22812527
22812528
22812529
22812530
22812531
22812535
22812538
22812539
22812545
22812546
22812548
22812552
22812553
22812554
22812555
22812556
22812557
22812558
22812559
22812560
22812562
22812564
22812565
22812570
22812571
22812573
22812575
22812578
22812580
22812583
22812585
22812586
22812588
22812589
22812597
22812598
22812603
22812606
22812610
22812620
22812627
22812629
22812633
22812635
22812638
22812640
22812641
22812644
22812652
22812654
22812656
22812658
22812661
22812664
22812666
22812668
22812674
22812675
22812678
22812683
22812694
22812695
22812696
22812697
22812700
22812716
22812719
22812722
22812723
22812725
22812727
22812904
22812905
22812906
22812907
22812910
22812913
22812915
22812922
22812923
22812925
22813062
22813068
22813069
22813070
22813076
22813086
22813094
22813205
22813207
22813208
22813212
22813215
22813216
22813217
22813218
22813219
22813220
22813221
22813222
22813223
22813224
22813225
22813226
22813227
22813228
22813234
22813348
22813350
22813352
22813355
22813356
22813359
22813394
22813395
22813396
22813397
22813398
22813399
22813400
22813401
22813402
22813424
22813425
22813433
22813435
22813436
22813440
22813441
22813530
22813531
22813542
22813543
22813575
22813580
22813581
22813582
22813583
22813584
22813585
22813586
22813587
22813588
22813589
22813590
22813591
22813592
22813593
22813594
22813595
22813596
22813642
22813643
22813646
22813647
22813648
22813649
22813676
22813677
22813678
22813679
22813680
22813681
22813682
22813683
22813684
22813685
22813686
22813687
22813688
22813689
22813691
22813709
22813710
22813720
22813728
22813729
22813730
22813731
22813732
22813752
22813754
22813756
22813757
22813758
22813759
22813777
22813778
22813779
22813786
22813789
22813790
22813791
22813792
22813793
22813794
22813795
22813796
22813797
22813798
22813799
22813800
22813801
22813802
22813803
22813804
22813805
22813806
22813807
22813808
22813809
22813810
22813811
22813812
22813813
22813814
22813815
22813816
22813817
22813818
22813819
22813823
22813824
22813825
22813826
22813827
22813828
22813829
22813830
22813844
22813851
22813852
22813853
22813868
22813887
22813906
22813918
22813921
22813925
22813936
22813944
22813949
22813965
22813966
22813967
22813968
22813969
22813970
22813971
22813972
22813973
22813974
22813976
22813977
22813978
22813979
22813981
22813982
22813984
22813985
22813994
22813995
22813996
22813997
22813998
22813999
22814000
22814001
22814002
22814004
22814005
22814006
22814007
22814008
22814009
22814010
22814011
22814012
22814013
22814014
22814015
22814016
22814017
22814018
22814019
22814020
22814021
22814022
22814023
22814024
22814025
22814026
22814027
22814028
22814029
22814030
22814089
22814093
22814102
22814105
22814106
22814107
22814110
22814112
22814113
22814114
22814115
22814116
22814123
22814126
22814127
22814146
22814147
22814148
22814149
22814150
22814151
22814152
22814153
22814154
22814155
22814156
22814157
22814158
22814159
22814160
22814161
22814162
22814163
22814164
22814165
22814166
22814167
22814168
22814191
22814193
22814195
22814196
22814197
22814198
22814205
22814208
22814210
22814211
22814212
22814216
22814219
22814220
22814221
22814222
22814224
22814225
22814226
22814227
22814229
22814233
22814238
22814239
22814240
22814241
22814242
22814243
22814244
22814247
22814248
22814249
22814250
22814251
22814254
22814255
22814256
22814257
22814258
22814259
22814260
22814261
22814262
22814263
22814264
22814265
22814266
22814285
22814296
22814297
22814298
22814299
22814310
22814312
22814332
22814333
22814334
22814335
22814352
22814357
22814358
22814365
22814382
22814384
22814389
22814390
22814391
22814396
22814399
22814400
22814401
22814402
22814405
22814407
22814408
22814409
22814413
22814415
22814419
22814421
22814427
22814435
22814444
22814445
22814446
22814447
22814448
22814449
22814450
22814451
22814452
22814453
22814454
22814456
22814457
22814458
22814459
22814460
22814461
22814462
22814463
22814464
22814465
22814466
22814467
22814468
22814469
22814470
22814471
22814472
22814474
22814475
22814477
22814486
22814488
22814511
22814514
22814515
22814516
22814517
22814518
22814521
22814522
22814524
22814528
22814529
22814531
22814532
22814533
22814538
22814539
22814541
22814542
22814543
22814544
22814545
22814546
22814563
22814575
22814579
22814580
22814581
22814588
22814589
22814609
22814617
22814622
22814626
22814627
22814630
22814634
22814636
22814637
22814647
22814650
22814651
22814652
22814663
22814664
22814665
22814666
22814667
22814668
22814669
22814670
22814671
22814676
22814697
22814698
22814699
22814702
22814703
22814710
22814711
22814712
22814713
22814715
22814716
22814722
22814727
22814728
22814729
22814730
22814731
22814732
22814743
22814744
22814755
22814756
22814765
22814766
22814767
22814768
22814771
22814772
22814773
22814774
22814775
22814776
22814777
22814779
22814780
22814781
22814783
22814784
22814785
22814787
22814788
22814789
22814811
22814812
22814813
22814815
22814816
22814818
22814819
22814824
22814848
22814850
22814851
22814852
22814853
22814854
22814865
22814866
22814870
22814874
22814875
22814881
22814882
22814883
22814890
22814892
22814900
22814901
22814906
22814923
22814924
22814925
22814927
22814928
22814939
22814940
22814946
22814948
22814992
22814993
22814994
22815007
22815008
22815009
22815010
22815011
22815012
22815013
22815014
22815015
22815016
22815017
22815018
22815019
22815022
22815023
22815028
22815029
22815030
22815031
22815032
22815033
22815034
22815035
22815038
22815039
22815059
22815068
22815072
22815076
22815077
22815078
22815079
22815080
22815081
22815082
22815083
22815084
22815089
22815095
22815098
22815102
22815103
22815104
22815105
22815107
22815108
22815109
22815110
22815111
22815112
22815113
22815114
22815115
22815116
22815117
22815118
22815119
22815129
22815136
22815139
22815145
22815146
22815147
22815148
22815149
22815150
22815151
22815152
22815153
22815181
22815185
22815199
22815244
22815251
22815255
22815257
22815258
22815261
22815263
22815265
22815267
22815275
22815279
22815293
22815314
22815335
22815348
22815349
22815364
22815365
22815366
22815367
22815368
22815369
22815370
22815371
22815372
22815374
22815381
22815382
22815383
22815384
22815385
22815386
22815426
22815472
22815473
22815474
22815475
22815476
22815477
22815478
22815479
22815480
22815481
22815482
22815483
22815484
22815485
22815486
22815487
22815488
22815489
22815527
22815528
22815529
22815530
22815532
22815533
22815534
22815535
22815536
22815537
22815538
22815539
22815540
22815541
22815550
22815652
22815653
22815654
22815656
22815872
22815874
22815875
22815876
22815877
22815878
22815879
22815880
22815881
22815882
22815883
22815884
22815885
22815886
22815887
22815888
22815889
22815890
22815891
22815892
22815893
22815894
22815895
22815896
22815897
22815898
22815899
22815900
22815901
22815902
22815903
22815904
22815905
22815906
22815907
22815908
22815909
22815910
22815911
22815912
22815913
22815914
22815915
22815916
22815917
22815918
22815919
22815920
22815921
22815922
22815923
22815924
22815925
22815926
22815927
22815928
22815929
22815930
22815931
22815932
22815933
22815934
22815935
22815936
22815937
22815938
22815939
22815940
22815941
22815942
22815943
22815944
22815945
22815946
22815947
22815948
22815949
22815950
22815951
22815952
22815953
22815954
22815955
22815956
22815957
22815958
22815959
22815960
22815961
22815962
22815963
22815964
22815965
22815966
22815967
22815968
22815969
22815970
22815971
22815972
22815973
22815974
22815975
22815976
22815977
22815978
22815979
22815980
22815981
22815982
22815983
22815984
22815985
22815986
22815987
22815988
22815989
22815990
22815991
22815992
22815993
22815994
22815995
22815996
22815997
22816032
22816033
22816034
22816035
22816036
22816037
22816076
22816077
22816078
22816079
22816080
22816081
22816082
22816083
22816084
22816085
22816086
22816087
22816088
22816089
22816090
22816091
22816092
22816093
22816094
22816095
22816096
22816097
22816098
22816099
22816100
22816101
22816102
22816103
22816104
22816171
22816172
22816173
22816314
22816317
22816318
22816319
22816320
22816370
22816374
22816377
22816378
22816382
22816385
22816437
22816438
22816439
22816440
22816441
22816442
22816443
22816444
22816487
22816502
22816512
22816513
22816515
22816519
22816520
22816523
22816524
22816525
22816530
22816534
22816535
22816536
22816537
22816538
22816539
22816540
22816541
22816542
22816543
22816544
22816545
22816546
22816547
22816548
22816549
22816550
22816552
22816555
22816556
22816563
22816601
22816609
22816610
22816611
22816612
22816614
22816618
22816653
22816659
22816661
22816665
22816668
22816670
22816675
22816680
22816681
22816725
22816730
22816735
22816737
22816738
22816768
22816771
22816773
22816775
22816776
22816778
22816779
22816780
22816781
22816782
22816783
22816785
22816786
22816787
22816788
22816792
22816794
22816795
22816798
22816801
22816866
22816869
22816870
22816872
22816873
22816876
22816877
22816965
22816969
22816972
22816973
22816974
22816975
22816976
22816977
22816978
22816983
22816991
22817103
22817109
22817111
22817113
22817114
22817115
22817132
22817262
22817265
22817268
22817269
22817270
22817272
22817276
22817324
22817337
22817340
22817385
22817388
22817397
22817399
22817400
22817454
22817455
22817456
22817457
22817458
22817459
22817460
22817461
22817462
22817463
22817464
22817465
22817466
22817467
22817468
22817469
22817471
22817472
22817479
22817480
22817525
22817526
22817545
22817607
22817608
22817611
22817613
22817614
22817616
22817634
22817640
22817641
22817647
22817651
22817652
22817653
22817655
22817656
22817657
22817661
22817662
22817663
22817672
22817673
22817677
22817682
22817683
22817686
22817696
22817697
22817701
22817702
22817703
22817704
22817705
22817706
22817707
22817708
22817709
22817710
22817711
22817712
22817713
22817714
22817715
22817716
22817717
22817718
22817719
22817720
22817721
22817722
22817723
22817724
22817725
22817726
22817727
22817728
22817729
22817730
22817731
22817732
22817733
22817734
22817735
22817736
22817737
22817738
22817739
22817740
22817741
22817742
22817743
22817744
22817745
22817746
22817747
22817748
22817749
22817750
22817751
22817752
22817753
22817754
22817755
22817756
22817757
22817770
22817774
22817777
22817780
22817781
22817783
22817784
22817786
22817787
22817789
22817790
22817791
22817792
22817793
22817794
22817795
22817796
22817797
22817798
22817799
22817801
22817811
22817812
22817813
22817814
22817815
22817816
22817817
22817818
22817819
22817820
22817829
22817830
22817831
22817832
22817833
22817838
22817841
22817843
22817850
22817852
22817853
22817854
22817855
22817856
22817857
22817858
22817859
22817860
22817861
22817862
22817863
22817872
22817874
22817875
22817879
22817880
22817881
22817883
22817903
22817904
22817905
22817906
22817909
22817912
22817914
22817915
22817916
22817917
22817918
22817920
22817921
22817922
22817923
22817926
22817927
22817928
22817929
22817931
22817932
22817935
22817936
22817937
22817938
22817939
22817940
22817941
22817942
22817943
22817944
22817946
22817947
22817948
22817949
22817950
22817951
22817952
22817953
22817954
22817955
22817977
22817984
22817985
22817986
22817987
22817988
22817989
22817990
22817991
22817992
22817993
22817995
22817996
22817999
22818015
22818016
22818017
22818021
22818022
22818025
22818027
22818037
22818039
22818040
22818041
22818042
22818046
22818067
22818071
22818077
22818078
22818079
22818080
22818081
22818082
22818085
22818089
22818090
22818091
22818093
22818094
22818095
22818096
22818097
22818098
22818113
22818114
22818120
22818121
22818123
22818124
22818162
22818168
22818175
22818176
22818177
22818182
22818187
22818188
22818189
22818190
22818191
22818192
22818193
22818194
22818195
22818196
22818200
22818202
22818207
22818214
22818215
22818218
22818230
22818231
22818232
22818233
22818234
22818235
22818236
22818237
22818241
22818255
22818256
22818258
22818259
22818260
22818261
22818262
22818263
22818264
22818265
22818270
22818274
22818275
22818276
22818277
22818278
22818279
22818285
22818286
22818287
22818289
22818290
22818298
22818350
22818355
22818357
22818358
22818359
22818360
22818363
22818390
22818391
22818404
22818409
22818410
22818416
22818418
22818424
22818425
22818432
22818433
22818434
22818435
22818436
22818437
22818438
22818439
22818440
22818441
22818442
22818443
22818444
22818445
22818446
22818447
22818448
22818449
22818450
22818451
22818452
22818453
22818454
22818455
22818456
22818457
22818458
22818459
22818460
22818461
22818462
22818463
22818464
22818465
22818466
22818467
22818468
22818469
22818470
22818471
22818472
22818473
22818474
22818475
22818476
22818477
22818478
22818479
22818480
22818481
22818482
22818483
22818484
22818485
22818486
22818488
22818489
22818490
22818491
22818519
22818524
22818525
22818526
22818530
22818531
22818532
22818539
22818540
22818541
22818542
22818543
22818544
22818545
22818546
22818547
22818548
22818549
22818550
22818551
22818552
22818553
22818563
22818564
22818588
22818589
22818590
22818592
22818623
22818624
22818625
22818628
22818649
22818650
22818651
22818652
22818653
22818654
22818662
22818663
22818739
22818740
22818741
22818742
22818743
22818744
22818756
22818757
22818758
22818765
22818770
22818777
22818782
22818792
22818793
22818794
22818795
22818796
22818797
22818800
22818801
22818828
22818832
22818835
22818836
22818837
22818838
22818839
22818842
22818848
22818849
22818850
22818869
22818870
22818875
22818883
22818896
22818906
22818908
22818913
22818914
22818915
22818916
22818942
22818943
22818948
22818949
22818950
22818951
22818952
22818959
22818961
22818964
22818969
22818970
22818971
22818972
22818973
22818974
22818975
22818977
22818980
22818981
22818982
22818983
22818984
22818985
22818986
22818987
22818988
22818989
22819001
22819002
22819003
22819007
22819008
22819011
22819021
22819022
22819041
22819056
22819057
22819058
22819059
22819062
22819077
22819080
22819081
22819082
22819083
22819084
22819085
22819086
22819087
22819088
22819089
22819090
22819091
22819092
22819093
22819094
22819098
22819100
22819123
22819124
22819139
22819140
22819145
22819147
22819148
22819149
22819150
22819151
22819152
22819170
22819183
22819184
22819185
22819186
22819187
22819189
22819198
22819210
22819213
22819216
22819217
22819218
22819219
22819231
22819238
22819239
22819240
22819241
22819242
22819243
22819244
22819246
22819248
22819250
22819259
22819262
22819264
22819265
22819266
22819273
22819275
22819281
22819282
22819283
22819284
22819285
22819286
22819287
22819288
22819294
22819300
22819301
22819302
22819306
22819320
22819322
22819323
22819324
22819325
22819326
22819327
22819337
22819347
22819349
22819350
22819354
22819357
22819358
22819362
22819364
22819366
22819377
22819380
22819381
22819384
22819386
22819394
22819432
22819437
22819441
22819443
22819446
22819447
22819448
22819449
22819450
22819451
22819471
22819474
22819476
22819477
22819478
22819479
22819480
22819481
22819482
22819486
22819488
22819492
22819493
22819494
22819495
22819496
22819497
22819498
22819499
22819506
22819508
22819509
22819510
22819511
22819517
22819520
22819521
22819524
22819530
22819535
22819537
22819558
22819594
22819595
22819600
22819604
22819605
22819615
22819616
22819617
22819625
22819626
22819630
22819631
22819632
22819633
22819634
22819638
22819639
22819640
22819641
22819642
22819644
22819649
22819667
22819669
22819670
22819673
22819678
22819679
22819687
22819688
22819689
22819700
22819701
22819703
22819704
22819705
22819706
22819707
22819709
22819710
22819713
22819714
22819715
22819717
22819719
22819720
22819725
22819726
22819727
22819728
22819729
22819730
22819733
22819734
22819735
22819736
22819749
22819751
22819754
22819755
22819758
22819759
22819762
22819763
22819764
22819765
22819766
22819768
22819769
22819770
22819772
22819773
22819774
22819777
22819779
22819791
22819796
22819798
22819802
22819803
22819813
22819816
22819817
22819818
22819820
22819822
22819824
22819825
22819827
22819829
22819830
22819837
22819839
22819840
22819842
22819845
22819846
22819854
22819859
22819860
22819861
22819862
22819863
22819864
22819865
22819866
22819870
22819871
22819872
22819873
22819874
22819875
22819882
22819883
22819884
22819885
22819886
22819887
22819889
22819890
22819891
22819894
22819897
22819898
22819899
22819900
22819901
22819902
22819903
22819904
22819905
22819906
22819907
22819908
22819909
22819910
22819911
22819912
22819913
22819914
22819915
22819916
22819917
22819918
22819919
22819928
22819929
22819930
22819931
22819935
22819936
22819941
22819943
22819944
22819946
22819950
22819951
22819952
22819959
22819962
22819963
22819965
22819966
22819970
22819971
22819972
22819973
22819974
22819975
22819976
22819977
22819980
22819983
22819987
22819988
22819989
22819990
22819996
22819997
22819998
22820001
22820004
22820005
22820007
22820009
22820012
22820017
22820020
22820021
22820024
22820025
22820026
22820028
22820029
22820030
22820031
22820032
22820033
22820035
22820036
22820041
22820051
22820052
22820053
22820065
22820066
22820067
22820080
22820081
22820082
22820083
22820084
22820086
22820089
22820091
22820092
22820093
22820095
22820100
22820107
22820108
22820109
22820110
22820111
22820112
22820113
22820114
22820115
22820116
22820118
22820119
22820120
22820126
22820127
22820130
22820132
22820133
22820135
22820136
22820137
22820138
22820139
22820140
22820146
22820147
22820152
22820154
22820155
22820156
22820157
22820160
22820161
22820162
22820163
22820168
22820169
22820174
22820175
22820176
22820181
22820186
22820190
22820192
22820212
22820213
22820214
22820234
22820235
22820236
22820237
22820238
22820239
22820240
22820241
22820242
22820243
22820244
22820246
22820249
22820257
22820260
22820261
22820262
22820263
22820264
22820265
22820266
22820271
22820272
22820273
22820295
22820296
22820297
22820299
22820300
22820301
22820302
22820303
22820304
22820305
22820323
22820324
22820325
22820326
22820327
22820328
22820329
22820330
22820331
22820332
22820333
22820334
22820335
22820336
22820337
22820339
22820340
22820341
22820342
22820347
22820352
22820353
22820354
22820355
22820356
22820357
22820358
22820359
22820360
22820361
22820362
22820363
22820364
22820365
22820366
22820367
22820368
22820369
22820370
