22820371
22820372
22820373
22820374
22820380
22820381
22820382
22820383
22820384
22820385
22820386
22820387
22820395
22820396
22820397
22820398
22820399
22820407
22820409
22820425
22820426
22820427
22820428
22820429
22820430
22820435
22820439
22820443
22820444
22820445
22820446
22820448
22820449
22820452
22820453
22820454
22820455
22820456
22820460
22820463
22820464
22820468
22820469
22820470
22820471
22820472
22820473
22820474
22820475
22820476
22820481
22820488
22820491
22820492
22820493
22820500
22820501
22820502
22820503
22820507
22820509
22820513
22820514
22820515
22820516
22820518
22820520
22820523
22820524
22820534
22820537
22820543
22820550
22820551
22820553
22820556
22820565
22820604
22820610
22820614
22820615
22820616
22820623
22820626
22820627
22820628
22820631
22820632
22820633
22820634
22820635
22820638
22820639
22820640
22820651
22820655
22820656
22820668
22820669
22820678
22820681
22820686
22820688
22820689
22820690
22820691
22820692
22820693
22820694
22820695
22820696
22820703
22820707
22820708
22820710
22820711
22820726
22820731
22820732
22820733
22820734
22820736
22820737
22820802
22820803
22820804
22820805
22820806
22820807
22820808
22820809
22820810
22820831
22820832
22820833
22820838
22820842
22820845
22820846
22820850
22820855
22820859
22820862
22820864
22820865
22820874
22820877
22820890
22820899
22820900
22820901
22820913
22820916
22820917
22820918
22820925
22820933
22820947
22820957
22820961
22820962
22820963
22820965
22820971
22820973
22820984
22820991
22820999
22821000
22821005
22821007
22821014
22821016
22821017
22821018
22821019
22821020
22821021
22821022
22821023
22821024
22821025
22821026
22821027
22821031
22821032
22821034
22821035
22821037
22821038
22821039
22821045
22821046
22821047
22821069
22821070
22821071
22821072
22821084
22821087
22821090
22821093
22821094
22821095
22821096
22821097
22821098
22821099
22821100
22821101
22821102
22821103
22821104
22821105
22821106
22821107
22821108
22821109
22821110
22821111
22821112
22821113
22821114
22821115
22821116
22821117
22821118
22821119
22821120
22821121
22821122
22821123
22821124
22821125
22821126
22821135
22821136
22821137
22821145
22821146
22821147
22821151
22821152
22821153
22821177
22821181
22821183
22821184
22821186
22821189
22821190
22821193
22821195
22821196
22821199
22821209
22821210
22821230
22821234
22821243
22821244
22821245
22821246
22821247
22821248
22821249
22821250
22821251
22821254
22821263
22821264
22821265
22821266
22821267
22821268
22821269
22821270
22821271
22821273
22821274
22821275
22821282
22821283
22821301
22821320
22821342
22821349
22821360
22821362
22821364
22821365
22821379
22821387
22821399
22821400
22821401
22821414
22821415
22821426
22821443
22821475
22821481
22821482
22821483
22821484
22821485
22821486
22821487
22821488
22821489
22821490
22821491
22821492
22821493
22821494
22821495
22821496
22821497
22821510
22821514
22821515
22821516
22821517
22821518
22821519
22821520
22821521
22821522
22821523
22821524
22821525
22821526
22821527
22821528
22821529
22821530
22821531
22821532
22821533
22821534
22821535
22821536
22821537
22821538
22821539
22821540
22821541
22821542
22821543
22821550
22821552
22821557
22821558
22821559
22821560
22821561
22821562
22821563
22821564
22821565
22821566
22821567
22821568
22821583
22821604
22821616
22821624
22821634
22821636
22821643
22821644
22821668
22821669
22821670
22821677
22821688
22821702
22821703
22821710
22821713
22821715
22821724
22821732
22821738
22821748
22821760
22821763
22821771
22821772
22821795
22821800
22821803
22821810
22821814
22821815
22821816
22821818
22821820
22821822
22821823
22821824
22821826
22821830
22821840
22821853
22821854
22821855
22821859
22821860
22821861
22821862
22821863
22821864
22821865
22821866
22821867
22821873
22821876
22821885
22821892
22821893
22821894
22821895
22821896
22821898
22821913
22821928
22821929
22821930
22821931
22821932
22821938
22821940
22821944
22821945
22821946
22821947
22821948
22821949
22821955
22821956
22821957
22821958
22821959
22821966
22821967
22821968
22821969
22821970
22821971
22821972
22821973
22821974
22821975
22821976
22821977
22821978
22821979
22821981
22821988
22821989
22821990
22821991
22821992
22821993
22821994
22821995
22821996
22822004
22822009
22822013
22822016
22822017
22822018
22822019
22822020
22822021
22822022
22822023
22822024
22822025
22822026
22822027
22822028
22822029
22822037
22822043
22822045
22822052
22822053
22822054
22822055
22822056
22822057
22822058
22822059
22822060
22822061
22822062
22822063
22822064
22822065
22822066
22822067
22822068
22822069
22822070
22822071
22822072
22822073
22822074
22822076
22822082
22822083
22822084
22822085
22822086
22822087
22822094
22822095
22822096
22822097
22822098
22822112
22822113
22822161
22822165
22822175
22822177
22822178
22822182
22822188
22822189
22822190
22822192
22822193
22822194
22822195
22822196
22822197
22822198
22822209
22822210
22822211
22822212
22822215
22822217
22822218
22822222
22822226
22822227
22822228
22822229
22822235
22822236
22822237
22822238
22822350
22822351
22822352
22822353
22822354
22822355
22822356
22822357
22822358
22822359
22822360
22822361
22822362
22822363
22822364
22822365
22822366
22822367
22822368
22822369
22822370
22822371
22822372
22822373
22822374
22822375
22822376
22822377
22822378
22822379
22822380
22822381
22822382
22822444
22822445
22822446
22822447
22822448
22822449
22822450
22822451
22822452
22822453
22822454
22822455
22822456
22822457
22822458
22822477
22822478
22822479
22822481
22822483
22822484
22822520
22822659
22822660
22822661
22822662
22822663
22822664
22822665
22822666
22822667
22822668
22822669
22822670
22822671
22822672
22822673
22822674
22822675
22822676
22822677
22822678
22822679
22822680
22822710
22822714
22822790
22822903
22822904
22822905
22822908
22822919
22822940
22823006
22823025
22823027
22823062
22823065
22823070
22823077
22823090
22823092
22823093
22823094
22823100
22823104
22823107
22823110
22823134
22823135
22823136
22823138
22823142
22823146
22823157
22823159
22823170
22823171
22823172
22823173
22823174
22823175
22823179
22823185
22823209
22823212
22823213
22823214
22823215
22823216
22823217
22823218
22823219
22823220
22823221
22823222
22823223
22823224
22823225
22823226
22823229
22823235
22823246
22823247
22823248
22823267
22823268
22823278
22823284
22823323
22823330
22823331
22823333
22823343
22823344
22823345
22823346
22823347
22823348
22823349
22823350
22823351
22823386
22823402
22823407
22823414
22823416
22823418
22823419
22823420
22823421
22823422
22823423
22823425
22823427
22823451
22823453
22823454
22823456
22823457
22823458
22823461
22823464
22823466
22823470
22823472
22823473
22823474
22823481
22823483
22823484
22823486
22823491
22823493
22823495
22823501
22823502
22823503
22823508
22823509
22823510
22823511
22823512
22823518
22823520
22823521
22823525
22823529
22823530
22823531
22823532
22823539
22823540
22823541
22823549
22823551
22823552
22823553
22823554
22823555
22823561
22823564
22823565
22823566
22823568
22823569
22823571
22823572
22823574
22823576
22823577
22823578
22823579
22823580
22823586
22823595
22823599
22823739
22823747
22823751
22823752
22823754
22823862
22823863
22823864
22823865
22823866
22823867
22823868
22823869
22823870
22823871
22823872
22823873
22823874
22823875
22823876
22823877
22823878
22823885
22823886
22823887
22823888
22823889
22823892
22823893
22823894
22823904
22823907
22823909
22823910
22823916
22823917
22823918
22823919
22823920
22823923
22823925
22823927
22823933
22823934
22823937
22823941
22823944
22823957
22823958
22823960
22823962
22823964
22823976
22823977
22823981
22823982
22823993
22823994
22823997
22824001
22824002
22824003
22824008
22824011
22824040
22824042
22824043
22824044
22824045
22824046
22824047
22824048
22824049
22824050
22824051
22824052
22824054
22824057
22824059
22824065
22824069
22824070
22824071
22824072
22824073
22824074
22824076
22824077
22824081
22824083
22824084
22824085
22824086
22824094
22824103
22824114
22824115
22824116
22824117
22824118
22824119
22824120
22824121
22824122
22824123
22824124
22824125
22824126
22824127
22824129
22824131
22824134
22824146
22824147
22824148
22824149
22824152
22824158
22824159
22824164
22824165
22824173
22824175
22824176
22824177
22824179
22824180
22824183
22824186
22824188
22824190
22824202
22824203
22824205
22824207
22824208
22824218
22824220
22824229
22824230
22824231
22824233
22824234
22824235
22824236
22824242
22824244
22824247
22824262
22824263
22824264
22824265
22824266
22824267
22824268
22824269
22824270
22824271
22824272
22824273
22824274
22824275
22824276
22824277
22824278
22824279
22824280
22824281
22824282
22824283
22824284
22824285
22824286
22824287
22824296
22824299
22824302
22824303
22824304
22824305
22824309
22824320
22824323
22824324
22824325
22824331
22824332
22824333
22824334
22824338
22824339
22824340
22824342
22824343
22824344
22824349
22824354
22824366
22824367
22824368
22824369
22824370
22824371
22824372
22824376
22824378
22824380
22824413
22824415
22824421
22824422
22824424
22824427
22824428
22824435
22824438
22824456
22824457
22824459
22824460
22824462
22824464
22824467
22824468
22824471
22824472
22824476
22824477
22824478
22824479
22824480
22824481
22824482
22824483
22824484
22824485
22824486
22824487
22824488
22824489
22824490
22824491
22824492
22824493
22824494
22824495
22824497
22824498
22824504
22824505
22824506
22824507
22824508
22824512
22824516
22824521
22824522
22824524
22824525
22824526
22824531
22824536
22824538
22824539
22824544
22824548
22824551
22824552
22824553
22824583
22824589
22824590
22824620
22824642
22824645
22824646
22824647
22824648
22824649
22824650
22824651
22824652
22824674
22824675
22824737
22824739
22824758
22824759
22824760
22824776
22824778
22824780
22824782
22824783
22824784
22824786
22824814
22824822
22824823
22824824
22824833
22824836
22824837
22824838
22824839
22824840
22824841
22824842
22824843
22824844
22824845
22824848
22824849
22824850
22824854
22824855
22824856
22824857
22824859
22824862
22824863
22824864
22824866
22824869
22824872
22824873
22824874
22824875
22824922
22824927
22824928
22824929
22824930
22824931
22824932
22824933
22824934
22824935
22824936
22824937
22824938
22824939
22824940
22824944
22824947
22824948
22824954
22824959
22824961
22824970
22824971
22824972
22824973
22824974
22824975
22824976
22824977
22824978
22824979
22824980
22824981
22824982
22824983
22824984
22824986
22824987
22824995
22824996
22824997
22825003
22825004
22825005
22825006
22825007
22825008
22825024
22825025
22825030
22825034
22825035
22825036
22825037
22825038
22825039
22825040
22825041
22825042
22825047
22825048
22825049
22825052
22825053
22825054
22825057
22825075
22825115
22825116
22825117
22825118
22825119
22825120
22825121
22825122
22825123
22825124
22825131
22825133
22825137
22825141
22825153
22825157
22825162
22825164
22825176
22825181
22825189
22825194
22825196
22825198
22825218
22825219
22825220
22825221
22825222
22825223
22825226
22825227
22825228
22825229
22825230
22825231
22825232
22825233
22825234
22825235
22825236
22825237
22825239
22825240
22825244
22825287
22825288
22825289
22825290
22825314
22825315
22825316
22825317
22825323
22825324
22825338
22825359
22825363
22825364
22825365
22825366
22825367
22825372
22825374
22825375
22825378
22825392
22825393
22825397
22825407
22825409
22825410
22825411
22825412
22825413
22825414
22825423
22825424
22825429
22825430
22825443
22825444
22825445
22825446
22825447
22825448
22825449
22825450
22825451
22825452
22825453
22825455
22825458
22825460
22825461
22825466
22825488
22825491
22825492
22825528
22825529
22825530
22825531
22825532
22825533
22825534
22825535
22825536
22825537
22825538
22825544
22825545
22825549
22825552
22825553
22825562
22825563
22825596
22825600
22825601
22825602
22825603
22825604
22825605
22825606
22825607
22825608
22825609
22825610
22825611
22825612
22825613
22825614
22825618
22825619
22825620
22825621
22825622
22825623
22825634
22825637
22825641
22825642
22825656
22825657
22825665
22825669
22825673
22825679
22825686
22825695
22825696
22825697
22825698
22825699
22825701
22825704
22825723
22825724
22825726
22825727
22825731
22825738
22825740
22825742
22825743
22825744
22825749
22825755
22825756
22825758
22825759
22825760
22825761
22825762
22825763
22825781
22825796
22825806
22825809
22825810
22825811
22825812
22825813
22825814
22825815
22825816
22825817
22825818
22825819
22825820
22825821
22825822
22825823
22825824
22825825
22825826
22825827
22825828
22825829
22825830
22825831
22825836
22825837
22825841
22825842
22825843
22825846
22825847
22825848
22825849
22825850
22825851
22825852
22825853
22825891
22825893
22825894
22825895
22825896
22825897
22825898
22825899
22825900
22825901
22825902
22825903
22825904
22825905
22825906
22825907
22825908
22825909
22825910
22825911
22825917
22825921
22825922
22825967
22825973
22825974
22825975
22825976
22825977
22825979
22825980
22825992
22825993
22825994
22825995
22825997
22826000
22826001
22826010
22826012
22826015
22826016
22826025
22826028
22826029
22826037
22826038
22826040
22826041
22826042
22826043
22826044
22826045
22826046
22826047
22826048
22826049
22826050
22826051
22826052
22826053
22826054
22826055
22826056
22826057
22826058
22826059
22826060
22826061
22826062
22826063
22826064
22826065
22826066
22826067
22826068
22826069
22826070
22826071
22826072
22826073
22826074
22826075
22826076
22826077
22826078
22826079
22826080
22826081
22826082
22826083
22826084
22826085
22826086
22826087
22826088
22826089
22826090
22826091
22826094
22826097
22826101
22826107
22826114
22826117
22826124
22826134
22826136
22826140
22826149
22826160
22826162
22826163
22826164
22826165
22826166
22826167
22826168
22826169
22826170
22826212
22826214
22826237
22826241
22826245
22826250
22826254
22826261
22826265
22826267
22826280
22826295
22826297
22826298
22826299
22826305
22826337
22826338
22826339
22826340
22826341
22826342
22826343
22826344
22826345
22826346
22826347
22826348
22826350
22826351
22826357
22826379
22826380
22826381
22826432
22826433
22826434
22826435
22826436
22826437
22826438
22826439
22826447
22826448
22826450
22826451
22826452
22826453
22826454
22826455
22826476
22826477
22826478
22826479
22826480
22826481
22826482
22826483
22826484
22826485
22826486
22826487
22826488
22826489
22826490
22826491
22826492
22826493
22826494
22826495
22826496
22826497
22826498
22826499
22826500
22826503
22826507
22826530
22826531
22826532
22826533
22826551
22826552
22826562
22826563
22826564
22826565
22826602
22826603
22826604
22826605
22826606
22826608
22826611
22826612
22826613
22826614
22826615
22826616
22826617
22826618
22826619
22826620
22826621
22826622
22826623
22826624
22826625
22826626
22826627
22826628
22826629
22826630
22826631
22826726
22826727
22826728
22826729
22826730
22826731
22826732
22826733
22826734
22826735
22826736
22826737
22826738
22826739
22826740
22826741
22826742
22826743
22826744
22826745
22826827
22826845
22827143
22827145
22827146
22827147
22827148
22827149
22827150
22827151
22827152
22827153
22827154
22827159
22827160
22827162
22827164
22827167
22827171
22827214
22827221
22827248
22827250
22827251
22827255
22827256
22827258
22827267
22827268
22827269
22827284
22827285
22827295
22827298
22827312
22827315
22827316
22827317
22827318
22827319
22827320
22827321
22827323
22827324
22827325
22827327
22827336
22827337
22827338
22827339
22827342
22827343
22827344
22827345
22827346
22827347
22827348
22827349
22827350
22827351
22827352
22827353
22827354
22827355
22827356
22827357
22827358
22827359
22827360
22827361
22827362
22827363
22827364
22827365
22827366
22827367
22827368
22827369
22827370
22827371
22827372
22827373
22827374
22827375
22827376
22827377
22827378
22827379
22827380
22827381
22827382
22827383
22827384
22827385
22827386
22827387
22827388
22827389
22827390
22827391
22827392
22827393
22827394
22827395
22827396
22827397
22827398
22827402
22827405
22827422
22827423
22827424
22827425
22827426
22827427
22827428
22827429
22827430
22827431
22827432
22827433
22827434
22827436
22827437
22827438
22827440
22827441
22827444
22827446
22827449
22827450
22827455
22827464
22827465
22827475
22827476
22827481
22827486
22827493
22827495
22827496
22827497
22827499
22827503
22827507
22827508
22827514
22827516
22827530
22827531
22827533
22827535
22827536
22827538
22827540
22827544
22827545
22827548
22827553
22827557
22827558
22827564
22827565
22827567
22827569
22827570
22827572
22827573
22827575
22827582
22827586
22827587
22827589
22827590
22827599
22827600
22827604
22827605
22827612
22827613
22827614
22827615
22827618
22827631
22827633
22827692
22827693
22827694
22827695
22827700
22827702
22827705
22827706
22827715
22827717
22827718
22827723
22827734
22827735
22827742
22827743
22827744
22827745
22827746
22827747
22827748
22827751
22827752
22827753
22827754
22827755
22827757
22827758
22827759
22827760
22827761
22827762
22827763
22827764
22827765
22827766
22827767
22827768
22827769
22827771
22827777
22827778
22827795
22827796
22827797
22827798
22827799
22827800
22827802
22827804
22827805
22827810
22827811
22827815
22827816
22827817
22827818
22827819
22827820
22827821
22827830
22827831
22827834
22827836
22827837
22827838
22827846
22827851
22827852
22827856
22827857
22827860
22827861
22827865
22827880
22827885
22827887
22827889
22827890
22827893
22827897
22827908
22827913
22827917
22827920
22827926
22827935
22827968
22827969
22827970
22827995
22827996
22827997
22828011
22828012
22828013
22828014
22828015
22828016
22828019
22828020
22828021
22828022
22828023
22828024
22828025
22828026
22828027
22828028
22828029
22828030
22828031
22828032
22828033
22828047
22828048
22828049
22828050
22828051
22828054
22828071
22828072
22828073
22828074
22828082
22828083
22828084
22828085
22828086
22828087
22828088
22828089
22828090
22828092
22828093
22828094
22828095
22828096
22828097
22828098
22828099
22828100
22828101
22828102
22828103
22828104
22828105
22828106
22828107
22828108
22828109
22828110
22828111
22828112
22828113
22828114
22828115
22828129
22828133
22828134
22828135
22828136
22828137
22828138
22828151
22828153
22828154
22828155
22828156
22828165
22828168
22828170
22828172
22828173
22828178
22828181
22828188
22828200
22828205
22828211
22828212
22828240
22828243
22828280
22828282
22828284
22828289
22828320
22828325
22828326
22828327
22828328
22828329
22828330
22828331
22828332
22828333
22828334
22828335
22828336
22828337
22828338
22828339
22828340
22828341
22828342
22828348
22828349
22828350
22828351
22828352
22828359
22828367
22828382
22828383
22828385
22828386
22828389
22828406
22828407
22828410
22828411
22828414
22828451
22828452
22828453
22828454
22828455
22828456
22828457
22828458
22828459
22828460
22828461
22828462
22828463
22828464
22828465
22828466
22828467
22828480
22828482
22828488
22828489
22828502
22828505
22828506
22828508
22828509
22828510
22828511
22828512
22828513
22828515
22828517
22828518
22828520
22828522
22828524
22828525
22828527
22828528
22828532
22828533
22828534
22828535
22828536
22828537
22828538
22828539
22828540
22828541
22828542
22828543
22828544
22828545
22828546
22828547
22828548
22828549
22828550
22828551
22828552
22828553
22828554
22828555
22828556
22828557
22828558
22828559
22828560
22828561
22828562
22828563
22828564
22828565
22828566
22828567
22828568
22828569
22828584
22828585
22828586
22828587
22828588
22828589
22828590
22828606
22828608
22828612
22828636
22828637
22828639
22828640
22828644
22828645
22828653
22828654
22828655
22828656
22828660
22828661
22828662
22828666
22828668
22828681
22828682
22828683
22828684
22828685
22828686
22828687
22828688
22828689
22828690
22828691
22828692
22828693
22828694
22828695
22828696
22828697
22828698
22828699
22828702
22828703
22828706
22828707
22828712
22828718
22828721
22828723
22828724
22828728
22828737
22828745
22828756
22828757
22828758
22828759
22828760
22828761
22828762
22828763
22828764
22828765
22828766
22828767
22828768
22828769
22828770
22828771
22828773
22828777
22828778
22828779
22828780
22828781
22828784
22828798
22828799
22828800
22828802
22828803
22828824
22828825
22828826
22828827
22828829
22828830
22828831
22828832
22828833
22828834
22828835
22828836
22828837
22828838
22828839
22828840
22828841
22828842
22828843
22828844
22828845
22828846
22828847
22828848
22828849
22828850
22828851
22828852
22828853
22828854
22828855
22828856
22828858
22828859
22828864
22828868
22828871
22828891
22828893
22828895
22828913
22828918
22828930
22828931
22828936
22828937
22828954
22828955
22828961
22828965
22828966
22828968
22828969
22828970
22828971
22828972
22828973
22828994
22828995
22828996
22828997
22828998
22829007
22829020
22829028
22829029
22829030
22829031
22829032
22829033
22829034
22829035
22829036
22829037
22829038
22829039
22829040
22829041
22829042
22829043
22829044
22829045
22829047
22829059
22829068
22829074
22829075
22829082
22829083
22829084
22829085
22829086
22829088
22829089
22829090
22829093
22829099
22829130
22829142
22829162
22829179
22829180
22829181
22829188
22829206
22829210
22829219
22829220
22829221
22829223
22829224
22829225
22829226
22829227
22829228
22829229
22829230
22829252
22829259
22829296
22829298
22829303
22829309
22829317
22829318
22829319
22829320
22829321
22829322
22829324
22829328
22829334
22829350
22829360
22829361
22829365
22829366
22829367
22829368
22829369
22829370
22829371
22829372
22829373
22829374
22829375
22829376
22829377
22829378
22829379
22829380
22829381
22829382
22829383
22829384
22829385
22829386
22829387
22829389
22829398
22829408
22829409
22829410
22829418
22829419
22829429
22829434
22829435
22829438
22829444
22829447
22829448
22829449
22829450
22829451
22829452
22829468
22829472
22829473
22829486
22829487
22829490
22829491
22829492
22829516
22829517
22829526
22829527
22829528
22829529
22829530
22829532
22829534
22829539
22829545
22829546
22829547
22829559
22829579
22829580
22829581
22829582
22829583
22829584
22829585
22829586
22829587
22829588
22829589
22829590
22829591
22829592
22829593
22829594
22829595
22829596
22829597
22829598
22829599
22829600
22829601
22829602
22829628
22829629
22829630
22829632
22829639
22829640
22829641
22829642
22829643
22829645
22829646
22829648
22829650
22829652
22829653
22829669
22829680
22829681
22829682
22829683
22829684
22829685
22829686
22829689
22829690
22829691
22829695
22829696
22829697
22829698
22829706
22829707
22829716
22829749
22829750
22829753
22829754
22829755
22829756
22829757
22829758
22829759
22829760
22829761
22829762
22829763
22829764
22829765
22829766
22829767
22829768
22829769
22829770
22829771
22829772
22829773
22829774
22829775
22829776
22829777
22829778
22829779
22829780
22829781
22829782
22829783
22829784
22829785
22829786
22829787
22829788
22829789
22829790
22829791
22829792
22829793
22829794
22829795
22829796
22829797
22829798
22829799
22829800
22829801
22829802
22829804
22829805
22829806
22829849
22829850
22829851
22829852
22829863
22829864
22829865
22829866
22829867
22829868
22829869
22829870
22829871
22829872
22829873
22829874
22829875
22829876
22829877
22829878
22829879
22829880
22829881
22829882
22829883
22829884
22829885
22829886
22829887
22829888
22829889
22829890
22829892
22829893
22829894
22829895
22829896
22829897
22829898
22829899
22829900
22829901
22829903
22829904
22829905
22829906
22829907
22829908
22829909
22829910
22829911
22829912
22829913
22829914
22829915
22829916
22829917
22829918
22829919
22829920
22829921
22829922
22829923
22829924
22829925
22829926
22829927
22829928
22829929
22829930
22829931
22829932
22829933
22829934
22829935
22829936
22829937
22829938
22829939
22829940
22829941
22829942
22829943
22829944
22829945
22829946
22829947
22829948
22829949
22829950
22829951
22829952
22829953
22829954
22830051
22830052
22830053
22830054
22830300
22830305
22830309
22830310
22830313
22830315
22830316
22830317
22830318
22830319
22830320
22830321
22830322
22830323
22830324
22830325
22830326
22830327
22830328
22830331
22830357
22830387
22830390
22830392
22830410
22830413
22830417
22830418
22830419
22830420
22830421
22830422
22830424
22830429
22830432
22830444
22830445
22830446
22830448
22830449
22830452
22830453
22830458
22830485
22830491
22830492
22830494
22830503
22830506
22830507
22830508
22830509
22830510
22830511
22830512
22830513
22830514
22830515
22830520
22830526
22830528
22830533
22830536
22830538
22830539
22830540
22830541
22830542
22830543
22830544
22830545
22830546
22830547
22830548
22830549
22830550
22830551
22830552
22830553
22830554
22830556
22830557
22830569
22830580
22830584
22830585
22830587
22830594
22830598
22830600
22830602
22830608
22830611
22830612
22830617
22830618
22830619
22830620
22830630
22830632
22830633
22830636
22830640
22830643
22830645
22830646
22830650
22830652
22830664
22830665
22830666
22830667
22830668
22830669
22830671
22830677
22830681
22830682
22830686
22830692
22830693
22830694
22830695
22830712
22830725
22830728
22830729
22830730
22830731
22830732
22830733
22830933
22830934
22830935
22830936
22830937
22830938
22830939
22830940
22830944
22830949
22830952
22830955
22830959
22830960
22830962
22830963
22830964
22830965
22830966
22830967
22830969
22830970
22830971
22830972
22830973
22830976
22830983
22830984
22830988
22830993
22830995
22830996
22831155
22831156
22831157
22831158
22831159
22831160
22831161
22831162
22831163
22831168
22831169
22831171
22831173
22831183
22831280
22831286
22831287
22831386
22831387
22831388
22831389
22831391
22831394
22831401
22831455
22831463
22831465
22831485
22831486
22831547
22831548
22831554
22831556
22831557
22831558
22831567
22831568
22831570
22831633
22831638
22831645
22831647
22831705
22831707
22831708
22831747
22831749
22831759
22831760
22831761
22831762
22831763
22831764
22831767
22831769
22831770
22831771
22831772
22831776
22831795
22831796
22831801
22831803
22831804
22831810
22831816
22831817
22831818
22831819
22831820
22831837
22831838
22831839
22831840
22831841
22831842
22831846
22831847
22831848
22831852
22831854
22831855
22831859
22831861
22831869
22831880
22831881
22831885
22831887
22831888
22831889
22831890
22831891
22831892
22831894
22831905
22831912
22831918
22831920
22831921
22831924
22831925
22831926
22831928
22831930
22831931
22831932
22831933
22831936
22831937
22831938
22831939
22831940
22831941
22831942
22831943
22831944
22831945
22831946
22831947
22831948
22831949
22831950
22831951
22831955
22831956
22831958
22831965
22831987
22831988
22831996
22831997
22831998
22832004
22832005
22832007
22832012
22832013
22832015
22832016
22832019
22832021
22832024
22832025
22832026
22832033
22832034
22832038
22832039
22832056
22832058
22832059
22832060
22832065
22832073
22832079
22832081
22832082
22832088
22832089
22832093
22832094
22832115
22832126
22832133
22832146
22832147
22832148
22832149
22832150
22832156
22832157
22832168
22832173
22832174
22832176
22832177
22832178
22832179
22832180
22832181
22832182
22832190
22832200
22832201
22832208
22832214
22832215
22832219
22832220
22832221
22832229
22832241
22832248
22832251
22832252
22832253
22832254
22832255
22832262
22832263
22832264
22832265
22832266
22832267
22832269
22832278
22832285
22832286
22832287
22832288
22832290
22832291
22832292
22832293
22832294
22832296
22832297
22832298
22832299
22832304
22832306
22832308
22832309
22832310
22832311
22832312
22832313
22832314
22832315
22832316
22832317
22832318
22832319
22832320
22832321
22832322
22832323
22832324
22832327
22832328
22832334
22832337
22832338
22832358
22832359
22832368
22832383
22832393
22832396
22832397
22832417
22832421
22832422
22832424
22832425
22832426
22832476
22832485
22832489
22832492
22832499
22832502
22832503
22832505
22832506
22832530
22832532
22832533
22832534
22832535
22832539
22832540
22832541
22832542
22832543
22832544
22832545
22832546
22832549
22832560
22832561
22832585
22832586
22832594
22832595
22832597
22832599
22832613
22832639
22832641
22832642
22832643
22832644
22832645
22832646
22832647
22832648
22832649
22832650
22832651
22832669
22832673
22832674
22832697
22832698
22832704
22832706
22832708
22832709
22832710
22832711
22832712
22832724
22832738
22832740
22832742
22832743
22832744
22832745
22832746
22832747
22832748
22832749
22832750
22832751
22832752
22832753
22832754
22832755
22832756
22832757
22832758
22832759
22832760
22832761
22832762
22832763
22832764
22832776
22832781
22832783
22832791
22832792
22832794
22832795
22832796
22832797
22832798
22832799
22832800
22832801
22832802
22832812
22832822
22832823
22832824
22832825
22832826
22832828
22832829
22832830
22832831
22832832
22832833
22832834
22832835
22832836
22832839
22832841
22832849
22832863
22832864
22832865
22832868
22832870
22832875
22832876
22832877
22832878
22832879
22832880
22832881
22832882
22832883
22832884
22832885
22832886
22832887
22832889
22832891
22832911
22832912
22832913
22832914
22832915
22832916
22832917
22832921
22832922
22832923
22832924
22832925
22832926
22832927
22832934
22832939
22832942
22832945
22832947
22832948
22832975
22832977
22832978
22832997
22832998
22833004
22833005
22833015
22833016
22833020
22833021
22833022
22833023
22833032
22833033
22833034
22833035
22833036
22833037
22833038
22833039
22833040
22833041
22833042
22833043
22833046
22833048
22833055
22833056
22833057
22833066
22833067
22833068
22833069
22833070
22833071
22833072
22833073
22833074
22833076
22833077
22833078
22833079
22833080
22833081
22833082
22833083
22833084
22833085
22833086
22833087
22833088
22833089
22833090
22833091
22833092
22833104
22833107
22833108
22833109
22833131
22833132
22833133
22833134
22833135
22833136
22833137
22833143
22833144
22833145
22833167
22833170
22833177
22833180
22833181
22833182
22833185
22833186
22833199
22833200
22833212
22833213
22833215
22833222
22833223
22833229
22833233
22833234
22833237
22833252
22833255
22833266
22833268
22833269
22833270
22833272
22833274
22833275
22833285
22833291
22833308
22833312
22833322
22833339
22833349
22833351
22833362
22833363
22833366
22833367
22833370
22833373
22833385
22833387
22833399
22833405
22833407
22833418
22833422
22833423
22833425
22833436
22833446
22833448
22833458
22833461
22833468
22833476
22833479
22833494
22833495
22833496
22833504
22833512
22833522
22833537
22833545
22833546
22833547
22833548
22833570
22833571
22833573
22833587
22833606
22833607
22833608
22833609
22833610
22833611
22833645
22833646
22833647
22833663
22833667
22833668
22833669
22833670
22833671
22833672
22833673
22833674
22833675
22833676
22833677
22833678
22833679
22833680
22833681
22833682
22833683
22833684
22833685
22833697
22833698
22833756
22833757
22833761
22833762
22833856
22833857
22833858
22833859
22833860
22833861
22834410
22834413
22834414
22834416
22834417
22834418
22834451
22834452
22834454
22834459
22834460
22834461
22834462
22834463
22834467
22834469
22834470
22834471
22834473
22834474
22834476
22834484
22834485
22834489
22834535
22834537
22834540
22834542
22834543
22834559
22834560
22834563
22834564
22834567
22834568
22834635
22834641
22834642
22834643
22834645
22834646
22834648
22834652
22834653
22834654
22834656
22834657
22834658
22834659
22834660
22834661
22834662
22834663
22834664
22834665
22834666
22834667
22834668
22834669
22834670
22834671
22834672
22834673
22834674
22834675
22834677
22834678
22834679
22834681
22834684
22834686
22834690
22834697
22834700
22834701
22834702
22834705
22834710
22834712
22834713
22834714
22834716
22834717
22834718
22834719
22834720
22834721
22834722
22834723
22834724
22834729
22834732
22834733
22834734
22834735
22834736
22834737
22834738
22834739
22834740
22834741
22834742
22834743
22834744
22834745
22834746
22834747
22834748
22834749
22834750
22834751
22834752
22834753
22834754
22834755
22834756
22834757
22834758
22834759
22834760
22834761
22834762
22834766
22834769
22834772
22834774
22834778
22834779
22834780
22834783
22834790
22834792
22834804
22834807
22834808
22834824
22834845
22834846
22834847
22834848
22834850
22834851
22834852
22834853
22834855
22834859
22834870
22834873
22834877
22834879
22834880
22834881
22834882
22834883
22834884
22834885
22834887
22834889
22834893
22834897
22834902
22834903
22834906
22834913
22834914
22834915
22834925
22834928
22834929
22834930
22834937
22834948
22834952
22834956
22834958
22834960
22834978
22834982
22834988
22834989
22834998
22835018
22835023
22835024
22835031
22835034
22835036
22835037
22835039
22835041
22835049
22835054
22835061
22835065
22835066
22835067
22835068
22835072
22835073
22835075
22835083
22835085
22835087
22835091
22835135
22835143
22835144
22835146
22835150
22835160
22835207
22835219
22835223
22835226
22835228
22835229
22835260
22835261
22835269
22835271
22835272
22835274
22835276
22835280
22835334
22835336
22835378
22835380
22835382
22835388
22835402
22835403
22835404
22835426
22835427
22835428
22835429
22835432
22835433
22835434
22835445
22835446
22835447
22835448
22835449
22835450
22835451
22835452
22835453
22835454
22835455
22835456
22835457
22835458
22835459
22835460
22835461
22835464
22835465
22835471
22835472
22835473
22835480
22835483
22835484
22835488
22835490
22835496
22835504
22835509
22835510
22835511
22835512
22835513
22835514
22835515
22835516
22835524
22835531
22835550
22835551
22835552
22835554
22835557
22835580
22835626
22835627
22835628
22835629
22835631
22835638
22835639
22835642
22835643
22835644
22835645
22835646
22835647
22835648
22835651
22835652
22835656
22835665
22835666
22835679
22835680
22835681
22835693
22835697
22835698
22835702
22835703
22835719
22835720
22835721
22835722
22835734
22835736
22835737
22835738
22835739
22835740
22835741
22835742
22835745
22835746
22835747
22835748
22835749
22835750
22835751
22835752
22835753
22835754
22835755
22835756
22835757
22835758
22835759
22835762
22835767
22835768
22835769
22835770
22835771
22835772
22835773
22835774
22835778
22835784
22835785
22835786
22835787
22835788
22835791
22835793
22835795
22835796
22835797
22835802
22835803
22835804
22835805
22835806
22835808
22835813
22835814
22835815
22835816
22835818
22835819
22835820
22835821
22835822
22835823
22835827
22835828
22835829
22835830
22835831
22835832
22835833
22835835
22835836
22835837
22835838
22835839
22835840
22835841
22835842
22835852
22835853
22835859
22835860
22835868
22835869
22835870
22835871
22835872
22835873
22835877
22835881
22835898
22835899
22835900
22835901
22835902
22835903
22835908
22835909
22835912
22835914
22835915
22835916
22835917
22835918
22835920
22835921
22835922
22835923
22835932
22835933
22835934
22835944
22835945
22835953
22835976
22835977
22835978
22835979
22835980
22835981
22835982
22835994
22835995
22835996
22835997
22835998
22836000
22836001
22836002
22836003
22836004
22836005
22836011
22836013
22836016
22836021
22836023
22836026
22836042
22836044
22836050
22836051
22836053
22836057
22836062
22836064
22836065
22836067
22836068
22836069
22836070
22836071
22836072
22836073
22836074
22836075
22836076
22836077
22836098
22836099
22836101
22836103
22836106
22836111
22836125
22836135
22836136
22836140
22836141
22836143
22836144
22836146
22836147
22836148
22836159
22836190
22836195
22836196
22836197
22836205
22836206
22836207
22836208
22836209
22836210
22836211
22836212
22836213
22836214
22836215
22836226
22836227
22836233
22836236
22836289
22836290
22836291
22836292
22836293
22836294
22836295
22836296
22836301
22836302
22836311
22836344
22836345
22836349
22836352
22836353
22836354
22836355
22836356
22836361
22836381
22836386
22836387
22836390
22836393
22836394
22836397
22836413
22836414
22836421
22836422
22836423
22836443
22836444
22836452
22836453
22836454
22836455
22836456
22836457
22836458
22836459
22836460
22836461
22836462
22836463
22836464
22836465
22836466
22836467
22836471
22836475
22836489
22836509
22836512
22836516
22836518
22836527
22836528
22836529
22836530
22836531
22836532
22836533
22836534
22836535
22836536
22836537
22836538
22836539
22836540
22836541
22836542
22836543
22836544
22836562
22836563
22836564
22836565
22836566
22836567
22836568
22836569
22836570
22836571
22836572
22836573
22836574
22836575
22836576
22836593
22836595
22836598
22836612
22836613
22836614
22836615
22836616
22836617
22836618
22836619
22836620
22836621
22836622
22836623
22836624
22836625
22836626
22836627
22836628
22836629
22836630
22836631
22836632
22836633
22836634
22836635
22836636
22836637
22836638
22836639
22836640
22836641
22836642
22836643
22836644
22836645
22836646
22836647
22836648
22836649
22836650
22836651
22836652
22836653
22836654
22836660
22836661
22836662
22836663
22836664
22836665
22836673
22836674
22836679
22836694
22836695
22836696
22836699
22836700
22836701
22836702
22836703
22836704
22836705
22836706
22836707
22836708
22836709
22836710
22836711
22836718
22836721
22836724
22836727
22836729
22836730
22836731
22836735
22836736
22836737
22836748
22836751
22836752
22836753
22836754
22836755
22836756
22836759
22836760
22836762
22836763
22836764
22836766
22836767
22836768
22836769
22836770
22836771
22836772
22836773
22836774
22836775
22836776
22836777
22836778
22836785
22836790
22836793
22836797
22836798
22836799
22836803
22836804
22836805
22836807
22836817
22836825
22836826
22836828
22836829
22836832
22836834
22836835
22836836
22836837
22836838
22836839
22836840
22836841
22836842
22836843
22836844
22836845
22836846
22836847
22836848
22836849
22836850
22836851
22836852
22836853
22836855
22836858
22836864
22836865
22836866
22836876
22836879
22836885
22836886
22836887
22836888
22836889
22836890
22836891
22836892
22836893
22836894
22836895
22836896
22836897
22836907
22836910
22836917
22836921
22836927
22836945
22836946
22837008
22837009
22837010
22837011
22837012
22837013
22837045
22837046
22837049
22837056
22837058
22837060
22837063
22837074
22837078
22837094
22837095
22837096
22837097
22837099
22837102
22837107
22837110
22837114
22837115
22837116
22837117
22837118
22837119
22837120
22837121
22837122
22837123
22837124
22837125
22837126
22837127
22837128
22837129
22837130
22837131
22837132
22837133
22837134
22837135
22837136
22837137
22837138
22837140
22837143
22837144
22837147
22837148
22837149
22837150
22837151
22837154
22837155
22837156
22837157
22837159
22837160
22837186
22837187
22837188
22837189
22837190
22837193
22837194
22837195
22837196
22837197
22837198
22837199
22837200
22837201
22837202
22837203
22837204
22837205
22837206
22837207
22837208
22837209
22837210
22837211
22837212
22837213
22837214
22837215
22837216
22837217
22837218
22837219
22837220
22837273
22837277
22837278
22837279
22837280
22837281
22837282
22837283
22837284
22837285
22837286
22837287
22837288
22837289
22837290
22837291
22837292
22837293
22837294
22837295
22837296
22837297
22837298
22837299
22837300
22837301
22837305
22837306
22837307
22837315
22837316
22837317
22837318
22837319
22837320
22837321
22837322
22837323
22837324
22837325
22837326
22837327
22837328
22837329
22837330
22837331
22837343
22837344
22837345
22837346
22837347
22837348
22837350
22837351
22837375
22837376
22837377
22837378
22837379
22837380
22837381
22837382
22837391
22837397
22837417
22837418
22837419
22837420
22837421
22837423
22837424
22837425
22837426
22837427
22837428
22837429
22837430
22837431
22837442
22837444
22837445
22837446
22837447
22837448
22837449
22837450
22837451
22837452
22837453
22837454
22837455
22837456
22837457
22837458
22837459
22837460
22837461
22837462
22837463
22837464
22837465
22837466
22837467
22837469
22837471
22837472
22837473
22837474
22837490
22837491
22837493
22837529
22837530
22837531
22837532
22837533
22837534
22837535
22837536
22837537
22837538
22837987
22837988
22837989
22837990
22837991
22837992
22837993
22837994
22837995
22837996
22837997
22837998
22838047
22838310
22838382
22838383
22838385
22838393
22838396
22838401
22838402
22838405
22838407
22838408
22838409
22838491
22838494
22838495
22838496
22838503
22838504
22838506
22838508
22838509
22838632
22838634
22838645
22838646
22838647
22838648
22838649
22838650
22838726
22838728
22838730
22838731
22838732
22838734
22838735
22838739
22838834
22838840
22838841
22838842
22838846
22838847
22838848
22838940
22838957
22838958
22838960
22839099
22839100
22839101
22839102
22839109
22839197
22839206
22839209
22839211
22839212
22839215
22839299
22839300
22839303
22839305
22839306
22839351
22839352
22839353
22839356
22839357
22839359
22839360
22839363
22839365
22839367
22839417
22839419
22839429
22839432
22839433
22839435
22839436
22839450
22839451
22839497
22839498
22839500
22839501
22839503
22839506
22839508
22839509
22839525
22839526
22839570
22839573
22839574
22839576
22839593
22839597
22839643
22839645
22839647
22839650
22839651
22839654
22839656
22839657
22839680
22839681
22839682
22839683
22839684
22839685
22839686
22839687
22839688
22839690
22839692
22839693
22839696
22839697
22839698
22839699
22839703
22839705
22839707
22839708
22839709
22839710
22839711
22839712
22839713
22839714
22839715
22839716
22839717
22839718
22839719
22839720
22839721
22839724
22839725
22839727
22839728
22839729
22839730
22839732
22839735
22839737
22839738
22839748
22839751
22839755
22839756
22839757
22839762
22839763
22839764
22839768
22839776
22839963
22839965
22839967
22839968
22839972
22839974
22839995
22839997
22840183
22840189
22840191
22840192
22840193
22840194
22840195
22840196
22840197
22840198
22840201
22840202
22840211
22840214
22840216
22840220
22840221
22840222
22840223
22840224
22840225
22840226
22840227
22840230
22840231
22840232
22840233
22840237
22840238
22840239
22840240
22840241
22840244
22840263
22840264
22840265
22840266
22840267
22840268
22840269
22840270
22840271
22840272
22840273
22840274
22840284
22840296
22840297
22840298
22840314
22840320
22840329
22840330
22840337
22840343
22840345
22840354
22840355
22840357
22840358
22840359
22840360
22840370
22840375
22840382
22840384
22840386
22840388
22840389
22840413
22840417
22840419
22840420
22840421
22840422
22840423
22840424
22840425
22840426
22840427
22840428
22840431
22840432
22840433
22840434
22840461
22840473
22840474
22840480
22840481
22840482
22840483
22840484
22840485
22840486
22840487
22840488
22840489
22840490
22840491
22840493
22840495
22840496
22840497
22840499
22840500
22840521
22840528
22840531
22840532
22840533
22840534
22840535
22840536
22840540
22840541
22840543
22840544
22840547
22840548
22840549
22840550
22840551
22840552
22840553
22840554
22840556
22840557
22840560
22840562
22840573
22840590
22840592
22840602
22840638
22840640
22840657
22840659
22840682
22840689
22840690
22840691
22840692
22840693
22840694
22840695
22840696
22840712
22840713
22840731
22840732
22840733
22840734
22840738
22840739
22840742
22840753
22840756
22840757
22840758
22840782
22840789
22840790
22840791
22840792
22840793
22840794
22840795
22840796
22840797
22840798
22840799
22840800
22840801
22840802
22840803
22840804
22840806
22840807
22840808
22840809
22840810
22840811
22840812
22840822
22840823
22840844
22840845
22840848
22840853
22840854
22840858
22840859
22840862
22840876
22840887
22840888
22840895
22840916
22840917
22840927
22840928
22840929
22840930
22840946
22840949
22840950
22840951
22840952
22840953
22840954
22840955
22840956
22840957
22840958
22840959
22840960
22840961
22840962
22840964
22840965
22840968
22840969
22840972
22840974
22840975
22840981
22840987
22840988
22840989
22840990
22840991
22840992
22840994
22841005
22841006
22841007
22841010
22841016
22841017
22841018
22841019
22841020
22841021
22841025
22841027
22841028
22841029
22841030
22841032
22841033
22841034
22841035
22841036
22841037
22841038
22841039
22841040
22841042
22841043
22841044
22841045
22841046
22841049
22841050
22841051
22841052
22841053
22841055
22841057
22841058
22841059
22841060
22841062
22841063
22841064
22841066
22841067
22841068
22841070
22841071
22841075
22841077
22841078
22841081
22841082
22841083
22841084
22841085
22841087
22841089
22841091
22841093
22841094
22841095
22841098
22841102
22841103
22841105
22841106
22841108
22841109
22841111
22841112
22841113
22841114
22841116
22841117
22841119
22841120
22841122
22841123
22841125
22841127
22841151
22841153
22841154
22841159
22841161
22841163
22841164
22841166
22841170
22841176
22841182
22841183
22841186
22841187
22841188
22841189
22841190
22841191
22841192
22841193
22841194
22841195
22841196
22841197
22841198
22841199
22841200
22841201
22841202
22841203
22841204
22841205
22841206
22841207
22841208
22841209
22841210
22841211
22841212
22841213
22841214
22841215
22841216
22841217
22841218
22841219
22841220
22841221
22841222
22841223
22841224
22841225
22841226
22841227
22841228
22841229
22841230
22841231
22841232
22841233
22841234
22841235
22841236
22841237
22841238
22841239
22841240
22841241
22841242
22841243
22841244
22841245
22841246
22841247
22841248
22841249
22841250
22841251
22841252
22841253
22841254
22841255
22841256
22841257
22841258
22841259
22841260
22841261
22841262
22841263
22841264
22841265
22841266
22841267
22841268
22841269
22841270
22841271
22841272
22841273
22841274
22841275
22841276
22841277
22841278
22841279
22841280
22841281
22841282
22841286
22841290
22841291
22841292
22841293
22841294
22841295
22841296
22841297
22841298
22841299
22841300
22841319
22841320
22841346
22841347
22841348
22841349
22841353
22841354
22841355
22841356
22841363
22841364
22841365
22841366
22841367
22841369
