22841370
22841376
22841377
22841378
22841381
22841382
22841385
22841386
22841387
22841388
22841414
22841415
22841416
22841422
22841425
22841436
22841439
22841441
22841445
22841446
22841454
22841477
22841478
22841479
22841484
22841485
22841486
22841487
22841495
22841512
22841513
22841515
22841516
22841517
22841518
22841523
22841531
22841532
22841533
22841536
22841537
22841538
22841549
22841550
22841552
22841560
22841563
22841572
22841573
22841574
22841575
22841576
22841577
22841578
22841585
22841589
22841590
22841591
22841593
22841594
22841595
22841596
22841598
22841603
22841604
22841605
22841606
22841608
22841617
22841618
22841634
22841642
22841650
22841654
22841656
22841657
22841659
22841666
22841667
22841668
22841682
22841685
22841691
22841692
22841694
22841695
22841696
22841697
22841698
22841699
22841702
22841703
22841711
22841712
22841713
22841714
22841715
22841719
22841720
22841723
22841724
22841742
22841746
22841749
22841750
22841751
22841758
22841759
22841760
22841761
22841762
22841764
22841772
22841773
22841774
22841775
22841776
22841780
22841781
22841782
22841783
22841784
22841785
22841786
22841787
22841788
22841789
22841794
22841795
22841801
22841805
22841810
22841825
22841826
22841829
22841832
22841833
22841837
22841838
22841840
22841844
22841847
22841849
22841850
22841851
22841852
22841854
22841864
22841869
22841871
22841883
22841887
22841888
22841889
22841893
22841895
22841896
22841897
22841902
22841903
22841907
22841915
22841918
22841919
22841920
22841921
22841922
22841923
22841925
22841926
22841938
22841939
22841942
22841944
22841945
22841957
22841958
22841959
22841963
22841972
22841973
22841975
22841976
22841977
22841979
22841980
22841986
22841987
22841989
22841994
22841995
22841996
22841997
22842001
22842013
22842014
22842015
22842028
22842029
22842041
22842042
22842044
22842045
22842067
22842068
22842069
22842070
22842071
22842072
22842073
22842078
22842079
22842080
22842081
22842082
22842084
22842089
22842090
22842091
22842092
22842093
22842094
22842096
22842097
22842106
22842107
22842110
22842118
22842134
22842135
22842136
22842140
22842141
22842142
22842151
22842155
22842160
22842161
22842162
22842163
22842164
22842165
22842166
22842167
22842168
22842169
22842170
22842171
22842172
22842173
22842174
22842175
22842176
22842177
22842178
22842179
22842180
22842181
22842182
22842183
22842184
22842185
22842186
22842187
22842188
22842191
22842195
22842203
22842204
22842206
22842207
22842215
22842216
22842217
22842218
22842221
22842222
22842224
22842225
22842227
22842228
22842229
22842230
22842231
22842232
22842235
22842237
22842290
22842291
22842292
22842293
22842304
22842305
22842306
22842307
22842308
22842309
22842310
22842327
22842328
22842329
22842334
22842335
22842337
22842341
22842344
22842357
22842358
22842359
22842360
22842361
22842362
22842363
22842364
22842365
22842366
22842367
22842368
22842369
22842370
22842371
22842372
22842373
22842374
22842375
22842376
22842377
22842378
22842379
22842380
22842381
22842382
22842383
22842384
22842385
22842386
22842387
22842388
22842389
22842392
22842393
22842394
22842395
22842396
22842397
22842401
22842403
22842454
22842455
22842456
22842457
22842458
22842459
22842460
22842461
22842462
22842464
22842465
22842466
22842467
22842468
22842471
22842472
22842473
22842481
22842484
22842487
22842488
22842489
22842492
22842493
22842494
22842495
22842496
22842509
22842515
22842516
22842523
22842524
22842525
22842526
22842531
22842538
22842539
22842546
22842556
22842560
22842562
22842563
22842564
22842565
22842566
22842567
22842568
22842569
22842570
22842571
22842572
22842573
22842574
22842575
22842576
22842577
22842578
22842579
22842580
22842581
22842584
22842585
22842586
22842588
22842594
22842608
22842614
22842618
22842619
22842622
22842623
22842624
22842626
22842627
22842628
22842629
22842630
22842642
22842643
22842644
22842646
22842647
22842648
22842650
22842651
22842655
22842658
22842659
22842671
22842678
22842680
22842681
22842682
22842683
22842684
22842685
22842686
22842687
22842688
22842689
22842690
22842691
22842692
22842693
22842694
22842695
22842696
22842697
22842698
22842699
22842700
22842702
22842703
22842709
22842710
22842711
22842712
22842713
22842724
22842727
22842728
22842737
22842738
22842739
22842740
22842741
22842742
22842743
22842744
22842745
22842746
22842748
22842749
22842750
22842751
22842753
22842754
22842755
22842756
22842757
22842759
22842760
22842761
22842762
22842763
22842768
22842775
22842778
22842779
22842788
22842797
22842799
22842800
22842812
22842821
22842824
22842825
22842840
22842841
22842842
22842843
22842844
22842851
22842863
22842879
22842907
22842914
22842915
22842917
22842920
22842939
22842940
22842941
22842942
22842943
22842944
22842945
22842946
22842947
22842948
22842949
22842951
22842972
22842976
22842982
22842983
22842984
22842985
22842997
22842998
22842999
22843000
22843001
22843002
22843004
22843005
22843006
22843007
22843008
22843010
22843011
22843014
22843027
22843046
22843047
22843048
22843049
22843050
22843051
22843052
22843053
22843054
22843055
22843056
22843068
22843069
22843070
22843071
22843072
22843073
22843074
22843076
22843085
22843086
22843087
22843088
22843089
22843090
22843092
22843100
22843101
22843138
22843173
22843177
22843178
22843179
22843180
22843181
22843182
22843183
22843184
22843185
22843186
22843193
22843197
22843198
22843199
22843206
22843207
22843208
22843240
22843247
22843249
22843256
22843262
22843264
22843270
22843281
22843282
22843288
22843294
22843317
22843320
22843331
22843332
22843344
22843345
22843348
22843349
22843350
22843357
22843358
22843359
22843360
22843361
22843362
22843363
22843364
22843365
22843366
22843367
22843368
22843369
22843370
22843372
22843374
22843376
22843384
22843385
22843386
22843387
22843388
22843389
22843390
22843391
22843392
22843393
22843394
22843395
22843396
22843397
22843398
22843399
22843400
22843401
22843402
22843403
22843404
22843425
22843431
22843434
22843435
22843437
22843439
22843440
22843441
22843442
22843453
22843454
22843455
22843456
22843457
22843458
22843459
22843460
22843461
22843462
22843463
22843464
22843465
22843466
22843467
22843468
22843469
22843470
22843471
22843472
22843473
22843474
22843475
22843476
22843477
22843478
22843479
22843480
22843481
22843491
22843493
22843505
22843506
22843509
22843515
22843516
22843517
22843518
22843519
22843520
22843521
22843522
22843523
22843524
22843525
22843526
22843527
22843528
22843529
22843530
22843531
22843532
22843533
22843534
22843535
22843536
22843537
22843538
22843539
22843540
22843544
22843545
22843546
22843547
22843548
22843549
22843550
22843556
22843561
22843562
22843565
22843613
22843614
22843615
22843616
22843617
22843618
22843619
22843620
22843621
22843622
22843623
22843624
22843625
22843626
22843627
22843628
22843629
22843630
22843631
22843664
22843665
22843668
22843670
22843679
22843680
22843681
22843682
22843683
22843684
22843685
22843686
22843687
22843688
22843689
22843690
22843691
22843692
22843693
22843694
22843695
22843696
22843697
22843710
22843727
22843728
22843729
22843764
22843765
22843766
22843767
22843768
22843769
22843774
22843775
22843783
22843785
22843786
22843787
22843790
22843791
22843794
22843795
22843796
22843797
22843798
22843801
22843802
22843803
22843808
22843810
22843811
22843822
22843823
22843824
22843825
22843826
22843827
22843828
22843829
22843830
22843831
22843832
22843836
22843837
22843838
22843839
22843840
22843841
22843842
22843843
22843844
22843845
22843846
22843847
22843848
22843849
22843850
22843851
22843852
22843987
22844023
22844025
22844026
22844030
22844031
22844032
22844033
22844034
22844062
22844063
22844064
22844067
22844068
22844074
22844086
22844087
22844088
22844089
22844091
22844092
22844093
22844096
22844097
22844098
22844099
22844100
22844101
22844102
22844108
22844109
22844127
22844128
22844129
22844134
22844135
22844136
22844137
22844138
22844139
22844140
22844141
22844142
22844143
22844144
22844145
22844146
22844147
22844148
22844149
22844150
22844151
22844152
22844154
22844155
22844227
22844235
22844236
22844237
22844238
22844239
22844240
22844241
22844242
22844243
22844244
22844245
22844246
22844247
22844248
22844249
22844250
22844251
22844252
22844253
22844254
22844255
22844256
22844257
22844258
22844259
22844260
22844268
22844269
22844270
22844271
22844321
22844322
22844323
22844324
22844325
22844326
22844327
22844390
22844391
22844392
22844393
22844394
22844395
22844396
22844397
22844398
22844399
22844400
22844401
22844402
22844403
22844404
22844405
22844406
22844407
22844408
22844409
22844410
22844411
22844412
22844413
22844414
22844415
22844416
22844417
22844418
22844419
22844420
22844421
22844422
22844423
22844424
22844425
22844426
22844427
22844428
22844429
22844430
22844431
22844432
22844433
22844434
22844435
22844436
22844437
22844438
22844439
22844440
22844441
22844442
22844443
22844444
22844445
22844446
22844447
22844448
22844449
22844450
22844451
22844452
22844453
22844454
22844455
22844456
22844457
22844458
22844459
22844460
22844461
22844462
22844463
22844464
22844465
22844466
22844467
22844468
22844469
22844470
22844471
22844472
22844473
22844474
22844475
22844476
22844477
22844478
22844479
22844480
22844481
22844482
22844483
22844484
22844485
22844486
22844487
22844488
22844489
22844490
22844491
22844492
22844493
22844494
22844495
22844496
22844497
22844498
22844499
22844500
22844501
22844502
22844503
22844504
22844505
22844506
22844507
22844508
22844509
22844510
22844511
22844512
22844513
22844514
22844515
22844516
22844517
22844518
22844519
22844520
22844521
22844522
22844523
22844524
22844525
22844526
22844527
22844528
22844529
22844530
22844531
22844532
22844533
22844534
22844535
22844536
22844537
22844538
22844539
22844540
22844541
22844542
22844543
22844544
22844825
22844826
22844827
22844828
22844829
22844830
22844831
22844832
22844833
22844834
22844835
22844836
22844837
22844838
22844839
22844840
22844841
22844842
22844843
22844844
22844845
22844871
22844873
22844875
22844876
22844964
22844968
22844983
22844986
22844988
22844990
22844991
22844993
22844994
22845004
22845005
22845013
22845014
22845024
22845027
22845029
22845030
22845031
22845032
22845033
22845034
22845035
22845044
22845045
22845047
22845053
22845055
22845056
22845059
22845063
22845168
22845178
22845179
22845191
22845192
22845313
22845316
22845317
22845318
22845319
22845320
22845321
22845322
22845323
22845324
22845325
22845326
22845327
22845333
22845342
22845343
22845345
22845398
22845399
22845401
22845402
22845404
22845405
22845406
22845407
22845408
22845409
22845410
22845411
22845412
22845413
22845415
22845418
22845424
22845465
22845468
22845471
22845472
22845473
22845475
22845476
22845477
22845478
22845479
22845480
22845481
22845482
22845483
22845484
22845485
22845487
22845489
22845492
22845493
22845497
22845550
22845552
22845558
22845610
22845611
22845613
22845619
22845626
22845643
22845645
22845647
22845654
22845656
22845657
22845659
22845662
22845665
22845666
22845667
22845669
22845672
22845678
22845680
22845686
22845687
22845688
22845691
22845694
22845697
22845698
22845700
22845704
22845705
22845706
22845707
22845708
22845709
22845720
22845736
22845738
22845739
22845740
22845741
22845753
22845755
22845756
22845762
22845763
22845764
22845765
22845766
22845767
22845768
22845769
22845770
22845771
22845779
22845786
22845787
22845792
22845804
22845809
22845819
22845820
22845821
22845822
22845824
22845831
22845832
22845836
22845837
22845839
22845840
22845841
22845842
22845843
22845848
22845850
22845859
22845860
22845861
22845862
22845864
22845873
22845876
22845880
22845884
22845903
22845908
22845909
22845910
22845911
22845913
22846033
22846035
22846036
22846037
22846038
22846052
22846054
22846055
22846058
22846061
22846063
22846071
22846074
22846075
22846076
22846077
22846078
22846079
22846080
22846081
22846082
22846084
22846086
22846087
22846088
22846090
22846091
22846092
22846093
22846094
22846103
22846111
22846115
22846149
22846150
22846162
22846164
22846166
22846168
22846178
22846182
22846187
22846190
22846194
22846195
22846196
22846215
22846216
22846217
22846219
22846222
22846226
22846227
22846231
22846232
22846254
22846255
22846256
22846258
22846333
22846334
22846337
22846342
22846343
22846345
22846350
22846351
22846352
22846353
22846354
22846355
22846356
22846357
22846358
22846359
22846360
22846361
22846362
22846366
22846370
22846371
22846372
22846373
22846375
22846377
22846378
22846381
22846388
22846391
22846392
22846393
22846396
22846397
22846404
22846409
22846410
22846420
22846432
22846433
22846435
22846450
22846452
22846454
22846480
22846481
22846482
22846483
22846484
22846485
22846486
22846487
22846488
22846497
22846498
22846507
22846508
22846509
22846517
22846518
22846519
22846520
22846521
22846522
22846523
22846524
22846525
22846526
22846527
22846528
22846529
22846530
22846531
22846532
22846533
22846534
22846535
22846536
22846537
22846538
22846539
22846540
22846541
22846542
22846543
22846562
22846564
22846565
22846566
22846567
22846568
22846569
22846570
22846571
22846572
22846573
22846574
22846575
22846576
22846577
22846578
22846579
22846580
22846584
22846587
22846594
22846597
22846598
22846600
22846602
22846603
22846611
22846615
22846622
22846625
22846626
22846630
22846634
22846641
22846643
22846650
22846651
22846655
22846664
22846665
22846670
22846672
22846673
22846674
22846676
22846682
22846684
22846685
22846686
22846707
22846708
22846711
22846712
22846716
22846727
22846728
22846729
22846730
22846731
22846732
22846733
22846734
22846735
22846736
22846737
22846738
22846739
22846740
22846741
22846743
22846744
22846779
22846780
22846781
22846782
22846783
22846784
22846785
22846786
22846788
22846790
22846796
22846798
22846801
22846844
22846847
22846848
22846851
22846852
22846870
22846875
22846876
22846887
22846901
22846902
22846903
22846905
22846907
22846908
22846909
22846910
22846913
22846914
22846915
22846916
22846917
22846970
22846971
22846972
22846973
22846974
22846975
22846976
22846977
22846978
22846979
22846980
22846982
22846983
22846984
22846985
22846989
22846990
22846991
22846992
22846993
22846994
22846995
22846996
22846997
22846998
22846999
22847000
22847001
22847002
22847003
22847004
22847005
22847006
22847007
22847009
22847010
22847011
22847012
22847013
22847014
22847015
22847016
22847017
22847019
22847044
22847045
22847046
22847047
22847048
22847049
22847050
22847051
22847052
22847053
22847054
22847055
22847056
22847057
22847071
22847075
22847104
22847105
22847113
22847114
22847129
22847141
22847142
22847143
22847144
22847145
22847151
22847152
22847155
22847156
22847157
22847158
22847159
22847160
22847161
22847162
22847163
22847164
22847167
22847176
22847177
22847178
22847180
22847181
22847188
22847190
22847191
22847192
22847193
22847194
22847195
22847196
22847197
22847198
22847199
22847200
22847201
22847202
22847203
22847204
22847205
22847206
22847207
22847208
22847209
22847210
22847211
22847212
22847213
22847214
22847215
22847217
22847220
22847221
22847223
22847226
22847227
22847228
22847250
22847253
22847254
22847255
22847256
22847257
22847262
22847266
22847267
22847268
22847269
22847270
22847278
22847280
22847282
22847283
22847284
22847285
22847287
22847288
22847289
22847290
22847308
22847319
22847330
22847332
22847336
22847344
22847345
22847360
22847366
22847370
22847373
22847382
22847389
22847390
22847391
22847392
22847408
22847411
22847435
22847441
22847451
22847469
22847486
22847490
22847493
22847502
22847503
22847512
22847522
22847535
22847537
22847548
22847557
22847558
22847559
22847560
22847586
22847587
22847588
22847589
22847590
22847591
22847592
22847594
22847600
22847603
22847630
22847631
22847655
22847674
22847675
22847679
22847681
22847682
22847687
22847688
22847689
22847691
22847692
22847693
22847694
22847698
22847700
22847701
22847702
22847705
22847707
22847708
22847709
22847711
22847715
22847719
22847720
22847721
22847725
22847726
22847733
22847738
22847742
22847748
22847767
22847775
22847779
22847791
22847815
22847816
22847817
22847818
22847819
22847825
22847826
22847833
22847834
22847835
22847878
22847895
22847897
22847899
22847901
22847902
22847903
22847928
22847956
22847959
22847961
22847964
22847965
22847966
22847967
22847969
22847970
22847973
22847974
22847976
22847979
22847981
22847983
22847993
22848002
22848003
22848006
22848012
22848018
22848024
22848030
22848032
22848044
22848049
22848050
22848051
22848052
22848053
22848054
22848055
22848056
22848057
22848058
22848062
22848066
22848067
22848068
22848085
22848086
22848090
22848092
22848093
22848094
22848096
22848097
22848098
22848099
22848101
22848102
22848103
22848104
22848105
22848106
22848107
22848108
22848152
22848153
22848154
22848155
22848156
22848157
22848187
22848188
22848189
22848190
22848639
22848640
22848641
22848642
22848643
22848644
22848645
22848646
22848647
22848648
22848649
22848650
22848651
22848652
22848653
22848654
22848655
22848656
22848657
22848658
22848659
22848660
22848661
22848662
22848663
22848664
22848665
22848666
22848667
22848668
22848669
22848670
22848671
22848672
22848673
22848674
22848675
22848676
22848677
22848678
22848679
22848680
22848681
22848682
22848683
22848684
22848685
22848686
22848687
22848688
22848689
22848690
22848691
22848692
22848693
22848694
22848695
22848696
22848697
22848698
22848699
22848700
22848701
22848702
22848703
22848704
22848705
22848706
22848707
22848708
22848709
22848710
22848711
22848712
22848713
22848714
22848715
22848716
22848717
22848718
22848719
22848720
22848721
22848722
22848723
22848724
22848725
22848726
22848727
22848728
22848729
22848730
22848731
22848732
22848733
22848734
22848735
22848736
22848737
22848738
22848739
22848740
22848741
22848742
22848743
22848744
22848745
22848746
22848747
22848748
22848749
22848750
22848751
22848752
22848753
22848754
22848755
22848756
22848757
22848758
22848759
22848760
22848761
22848762
22848763
22848764
22848844
22848845
22848846
22848847
22848848
22848849
22848850
22848851
22848852
22849292
22849297
22849299
22849302
22849307
22849309
22849310
22849313
22849323
22849325
22849328
22849331
22849336
22849340
22849344
22849345
22849349
22849350
22849354
22849357
22849358
22849362
22849364
22849365
22849366
22849367
22849368
22849369
22849370
22849371
22849374
22849376
22849378
22849383
22849386
22849393
22849396
22849397
22849398
22849407
22849410
22849411
22849412
22849413
22849414
22849415
22849416
22849417
22849418
22849419
22849420
22849422
22849425
22849426
22849427
22849428
22849432
22849434
22849435
22849437
22849440
22849493
22849494
22849495
22849496
22849497
22849498
22849499
22849500
22849501
22849502
22849503
22849504
22849505
22849506
22849507
22849508
22849510
22849512
22849513
22849516
22849517
22849521
22849522
22849523
22849524
22849525
22849526
22849527
22849528
22849529
22849532
22849533
22849534
22849536
22849538
22849541
22849545
22849549
22849552
22849555
22849558
22849562
22849567
22849568
22849575
22849577
22849582
22849583
22849585
22849588
22849589
22849591
22849594
22849595
22849596
22849597
22849598
22849599
22849600
22849601
22849606
22849607
22849619
22849620
22849621
22849622
22849631
22849632
22849633
22849643
22849645
22849646
22849647
22849648
22849655
22849664
22849667
22849668
22849670
22849671
22849672
22849673
22849674
22849675
22849676
22849677
22849678
22849679
22849680
22849681
22849682
22849683
22849684
22849685
22849686
22849687
22849688
22849689
22849690
22849691
22849692
22849693
22849697
22849698
22849703
22849711
22849714
22849718
22849720
22849721
22849724
22849725
22849754
22849758
22849760
22849762
22849763
22849771
22849773
22849776
22849777
22849778
22849779
22849780
22849781
22849782
22849783
22849785
22849790
22849791
22849792
22849794
22849796
22849801
22849814
22849820
22849823
22849824
22849827
22849853
22849854
22849858
22849859
22849860
22849861
22849862
22849863
22849872
22849873
22849874
22849875
22849876
22849877
22849885
22849886
22849887
22849888
22849889
22849890
22849891
22849892
22849893
22849894
22849895
22849896
22849897
22849898
22849899
22849900
22849901
22849902
22849903
22849904
22849905
22849906
22849907
22849908
22849909
22849910
22849911
22849912
22849913
22849914
22849915
22849916
22849917
22849918
22849919
22849920
22849921
22849922
22849923
22849924
22849925
22849926
22849927
22849928
22849929
22849930
22849931
22849932
22849933
22849934
22849935
22849936
22849937
22849938
22849939
22849940
22849941
22849942
22849943
22849944
22849945
22849946
22849947
22849948
22849949
22849950
22849951
22849954
22849958
22849971
22850060
22850061
22850062
22850063
22850064
22850065
22850066
22850067
22850068
22850069
22850070
22850071
22850072
22850073
22850074
22850075
22850076
22850077
22850081
22850095
22850096
22850097
22850098
22850099
22850100
22850101
22850102
22850103
22850104
22850105
22850106
22850107
22850108
22850110
22850112
22850113
22850114
22850115
22850116
22850119
22850120
22850121
22850122
22850124
22850127
22850139
22850140
22850141
22850142
22850143
22850144
22850145
22850146
22850148
22850169
22850170
22850171
22850172
22850176
22850178
22850179
22850180
22850183
22850184
22850185
22850188
22850189
22850190
22850194
22850196
22850197
22850207
22850208
22850209
22850210
22850211
22850212
22850213
22850214
22850215
22850216
22850219
22850220
22850221
22850222
22850223
22850226
22850251
22850252
22850253
22850254
22850255
22850256
22850257
22850258
22850259
22850260
22850261
22850262
22850263
22850264
22850265
22850271
22850275
22850277
22850290
22850291
22850292
22850293
22850294
22850295
22850323
22850324
22850325
22850327
22850328
22850330
22850331
22850333
22850334
22850336
22850338
22850340
22850349
22850350
22850351
22850352
22850353
22850361
22850362
22850363
22850364
22850365
22850369
22850370
22850371
22850372
22850373
22850374
22850375
22850376
22850377
22850378
22850379
22850380
22850381
22850382
22850383
22850384
22850385
22850386
22850387
22850388
22850389
22850390
22850391
22850392
22850393
22850394
22850395
22850396
22850397
22850402
22850403
22850404
22850405
22850406
22850407
22850408
22850415
22850416
22850417
22850419
22850420
22850421
22850422
22850423
22850424
22850425
22850429
22850430
22850431
22850440
22850460
22850479
22850480
22850481
22850486
22850490
22850507
22850508
22850509
22850510
22850511
22850512
22850513
22850514
22850515
22850516
22850517
22850519
22850521
22850522
22850523
22850524
22850525
22850530
22850534
22850535
22850536
22850537
22850539
22850540
22850542
22850543
22850544
22850545
22850546
22850548
22850549
22850550
22850551
22850552
22850553
22850554
22850555
22850572
22850573
22850574
22850575
22850576
22850577
22850578
22850579
22850580
22850581
22850582
22850583
22850584
22850585
22850596
22850597
22850598
22850605
22850606
22850607
22850612
22850613
22850614
22850615
22850621
22850630
22850635
22850636
22850637
22850638
22850639
22850640
22850641
22850642
22850643
22850644
22850645
22850646
22850647
22850651
22850652
22850653
22850655
22850657
22850658
22850659
22850660
22850661
22850662
22850663
22850668
22850669
22850671
22850672
22850673
22850674
22850675
22850676
22850683
22850684
22850685
22850686
22850687
22850694
22850716
22850719
22850721
22850722
22850731
22850743
22850744
22850745
22850746
22850751
22850752
22850755
22850762
22850763
22850796
22850797
22850798
22850803
22850804
22850805
22850806
22850832
22850833
22850834
22850835
22850836
22850837
22850838
22850839
22850845
22850848
22850853
22850854
22850855
22850856
22850857
22850858
22850859
22850860
22850861
22850874
22850876
22850877
22850878
22850879
22850893
22850894
22850910
22850911
22850912
22850913
22850914
22850915
22850916
22850917
22850918
22850919
22850920
22850921
22850922
22850923
22850924
22850927
22850939
22850968
22850986
22850988
22850989
22850990
22850991
22850992
22850993
22850994
22850995
22850996
22850997
22850998
22850999
22851000
22851005
22851007
22851008
22851020
22851021
22851022
22851023
22851024
22851026
22851027
22851028
22851029
22851030
22851031
22851032
22851033
22851034
22851035
22851037
22851042
22851053
22851054
22851055
22851057
22851128
22851129
22851167
22851168
22851169
22851170
22851171
22851172
22851173
22851174
22851175
22851176
22851177
22851178
22851179
22851180
22851181
22851182
22851183
22851184
22851185
22851186
22851187
22851196
22851201
22851206
22851213
22851214
22851252
22851255
22851288
22851294
22851295
22851298
22851300
22851307
22851321
22851322
22851323
22851324
22851325
22851326
22851327
22851328
22851329
22851348
22851349
22851354
22851355
22851356
22851357
22851358
22851359
22851360
22851361
22851362
22851363
22851364
22851365
22851366
22851367
22851368
22851369
22851370
22851388
22851389
22851390
22851391
22851392
22851393
22851394
22851395
22851396
22851397
22851398
22851399
22851400
22851401
22851412
22851427
22851428
22851445
22851446
22851447
22851448
22851449
22851450
22851451
22851452
22851453
22851456
22851467
22851469
22851471
22851472
22851473
22851474
22851476
22851477
22851478
22851479
22851480
22851481
22851482
22851483
22851484
22851486
22851487
22851488
22851489
22851490
22851491
22851492
22851493
22851495
22851496
22851497
22851498
22851499
22851500
22851501
22851503
22851508
22851509
22851510
22851518
22851519
22851525
22851526
22851527
22851528
22851533
22851534
22851539
22851540
22851542
22851543
22851544
22851545
22851546
22851547
22851548
22851549
22851554
22851559
22851561
22851565
22851567
22851568
22851572
22851573
22851574
22851576
22851577
22851578
22851580
22851605
22851607
22851608
22851609
22851610
22851612
22851613
22851622
22851626
22851627
22851628
22851629
22851630
22851631
22851633
22851635
22851636
22851637
22851641
22851642
22851674
22851675
22851676
22851677
22851678
22851684
22851686
22851687
22851688
22851689
22851690
22851691
22851692
22851693
22851694
22851695
22851696
22851697
22851698
22851699
22851702
22851727
22851728
22851729
22851730
22851731
22851732
22851733
22851734
22851736
22851737
22851738
22851739
22851740
22851741
22851742
22851743
22851744
22851745
22851746
22851747
22851748
22851749
22851750
22851751
22851752
22851753
22851754
22851755
22851756
22851759
22851761
22851766
22851767
22851789
22851790
22851791
22851792
22851793
22851794
22851815
22851816
22851856
22851857
22851858
22851859
22851860
22851861
22851862
22851863
22851864
22851865
22851866
22851867
22851868
22851869
22851870
22851871
22851872
22851873
22851884
22851885
22851886
22851887
22851906
22851916
22851917
22851918
22851919
22851920
22851921
22851922
22851923
22851924
22851925
22851926
22851927
22851928
22851929
22851940
22851941
22851942
22851943
22851944
22851947
22851948
22851949
22851950
22851951
22851952
22851953
22851954
22851955
22851956
22851957
22851958
22851959
22851965
22851966
22852020
22852024
22852040
22852041
22852042
22852043
22852044
22852045
22852046
22852050
22852051
22852052
22852053
22852054
22852055
22852056
22852057
22852058
22852059
22852060
22852061
22852062
22852063
22852064
22852065
22852066
22852067
22852068
22852069
22852098
22852099
22852135
22852528
22852529
22852530
22852549
22852550
22852552
22852554
22852557
22852558
22852563
22852564
22852565
22852566
22852567
22852568
22852569
22852570
22852571
22852572
22852573
22852574
22852575
22852576
22852578
22852582
22852584
22852587
22852590
22852591
22852595
22852596
22852599
22852600
22852610
22852627
22852628
22852630
22852641
22852646
22852652
22852653
22852657
22852658
22852659
22852748
22852749
22852755
22852756
22852757
22852759
22852761
22852770
22852772
22852777
22852779
22852781
22852782
22852783
22852784
22852785
22852786
22852787
22852791
22852792
22852795
22852796
22852799
22852800
22852804
22852806
22852811
22852818
22852826
22852830
22852838
22852839
22852840
22852841
22852842
22852860
22852862
22852867
22852868
22852879
22852884
22852885
22852990
22852991
22852992
22852993
22852994
22852995
22852998
22853000
22853001
22853003
22853004
22853006
22853008
22853009
22853036
22853037
22853040
22853044
22853045
22853046
22853048
22853049
22853050
22853173
22853174
22853177
22853178
22853179
22853180
22853181
22853182
22853183
22853184
22853185
22853190
22853191
22853194
22853195
22853196
22853298
22853299
22853300
22853301
22853302
22853303
22853304
22853305
22853306
22853307
22853313
22853324
22853329
22853430
22853432
22853434
22853435
22853436
22853437
22853444
22853446
22853449
22853455
22853456
22853457
22853550
22853552
22853561
22853618
22853622
22853630
22853639
22853642
22853649
22853693
22853699
22853706
22853708
22853709
22853710
22853715
22853720
22853721
22853722
22853723
22853724
22853726
22853727
22853728
22853729
22853731
22853732
22853733
22853735
22853739
22853740
22853743
22853744
22853747
22853748
22853749
22853754
22853755
22853756
22853757
22853758
22853759
22853776
22853781
22853782
22853784
22853785
22853786
22853787
22853788
22853789
22853790
22853791
22853792
22853793
22853794
22853801
22853802
22853803
22853805
22853806
22853810
22853818
22853823
22853824
22853826
22853842
22853843
22853847
22853848
22853850
22853851
22853854
22853856
22853865
22853866
22853867
22853874
22853878
22853879
22853880
22853890
22853893
22853894
22853895
22853896
22853897
22853898
22853899
22853900
22853901
22853902
22853903
22853904
22853905
22853906
22853907
22853908
22853909
22853910
22853911
22853912
22853913
22853914
22853915
22853916
22853917
22853918
22853933
22853938
22853949
22853953
22853964
22853967
22853968
22853972
22853973
22853974
22853975
22853976
22853982
22853983
22853985
22853986
22853987
22853988
22853989
22853990
22853992
22853993
22853994
22853995
22853996
22853997
22853998
22854004
22854009
22854013
22854019
22854020
22854050
22854051
22854072
22854073
22854074
22854075
22854076
22854077
22854078
22854079
22854080
22854081
22854082
22854085
22854086
22854102
22854103
22854110
22854111
22854112
22854113
22854114
22854115
22854126
22854129
22854130
22854131
22854132
22854134
22854136
22854137
22854138
22854139
22854140
22854158
22854159
22854164
22854166
22854178
22854184
22854187
22854193
22854194
22854195
22854197
22854200
22854201
22854202
22854206
22854207
22854249
22854250
22854251
22854252
22854253
22854254
22854255
22854256
22854257
22854258
22854260
22854267
22854271
22854277
22854281
22854283
22854285
22854299
22854303
22854304
22854305
22854306
22854307
22854308
22854309
22854310
22854311
22854314
22854323
22854324
22854325
22854330
22854334
22854336
22854337
22854338
22854339
22854340
22854341
22854352
22854353
22854354
22854355
22854413
22854415
22854416
22854417
22854419
22854424
22854427
22854428
22854431
22854433
22854434
22854435
22854436
22854437
22854438
22854439
22854454
22854465
22854466
22854483
22854484
22854489
22854496
22854497
22854508
22854509
22854510
22854512
22854513
22854533
22854534
22854535
22854537
22854543
22854544
22854545
22854546
22854547
22854548
22854549
22854550
22854551
22854552
22854553
22854554
22854555
22854556
22854557
22854559
22854561
22854562
22854563
22854564
22854565
22854566
22854567
22854568
22854569
22854570
22854571
22854572
22854573
22854574
22854575
22854596
22854598
22854599
22854602
22854603
22854617
22854622
22854627
22854632
22854649
22854677
22854678
22854679
22854680
22854682
22854707
22854710
22854711
22854712
22854718
22854719
22854721
22854722
22854723
22854724
22854725
22854726
22854727
22854728
22854729
22854739
22854740
22854746
22854752
22854759
22854761
22854762
22854763
22854764
22854765
22854766
22854767
22854768
22854769
22854770
22854783
22854784
22854787
22854788
22854789
22854790
22854791
22854793
22854794
22854799
22854804
22854805
22854822
22854823
22854824
22854826
22854829
22854842
22854844
22854859
22854864
22854872
22854873
22854874
22854881
22854885
22854892
22854896
22854899
22854900
22854901
22854902
22854907
22854909
22854910
22854911
22854912
22854914
22854915
22854955
22854956
22854957
22854958
22854959
22854960
22854961
22854962
22854963
22854964
22854965
22854966
22854967
22854968
22854969
22854970
22854971
22854975
22854976
22854980
22854981
22855019
22855020
22855021
22855022
22855023
22855025
22855031
22855032
22855033
22855034
22855035
22855036
22855037
22855038
22855039
22855040
22855041
22855062
22855074
22855075
22855076
22855077
22855078
22855079
22855080
22855081
22855082
22855083
22855084
22855085
22855086
22855094
22855095
22855096
22855097
22855098
22855099
22855100
22855101
22855102
22855103
22855104
22855105
22855106
22855107
22855108
22855109
22855110
22855124
22855127
22855128
22855134
22855207
22855208
22855209
22855235
22855237
22855239
22855246
22855252
22855253
22855269
22855276
22855277
22855278
22855279
22855280
22855286
22855290
22855291
22855295
22855296
22855297
22855323
22855326
22855327
22855328
22855332
22855333
22855334
22855335
22855336
22855337
22855338
22855339
22855340
22855341
22855342
22855352
22855358
22855360
22855373
22855374
22855375
22855376
22855377
22855378
22855379
22855390
22855392
22855416
22855417
22855418
22855419
22855421
22855422
22855424
22855435
22855461
22855462
22855463
22855468
22855470
22855471
22855472
22855473
22855474
22855475
22855479
22855480
22855481
22855482
22855483
22855484
22855485
22855486
22855487
22855488
22855489
22855490
22855491
22855492
22855493
22855494
22855495
22855496
22855497
22855498
22855499
22855500
22855501
22855502
22855503
22855504
22855505
22855506
22855510
22855511
22855512
22855513
22855514
22855515
22855516
22855517
22855518
22855519
22855520
22855551
22855554
22855556
22855557
22855558
22855559
22855560
22855561
22855565
22855566
22855567
22855568
22855569
22855570
22855571
22855572
22855573
22855574
22855575
22855576
22855577
22855578
22855598
22855599
22855601
22855602
22855603
22855604
22855605
22855606
22855607
22855608
22855609
22855610
22855611
22855620
22855632
22855633
22855690
22855691
22855692
22855693
22855708
22855712
22855721
22855722
22855723
22855724
22855725
22855726
22855727
22855728
22855729
22855730
22855736
22855737
22855738
22855744
22855746
22855747
22855749
22855750
22855751
22855752
22855753
22855754
22855755
22855756
22855757
22855758
22855759
22855760
22855761
22855762
22855763
22855764
22855765
22855766
22855767
22855768
22855769
22855770
22855771
22855772
22855773
22855781
22855782
22855783
22855784
22855785
22855787
22855873
22855874
22855875
22855876
22855877
22855878
22855879
22855880
22855892
22855898
22855899
22855900
22855901
22855902
22855903
22855904
22855905
22855906
22855907
22855908
22855909
22855910
22855911
22855912
22855913
22855914
22855915
22855916
22855917
22855918
22855919
22855926
22855927
22855928
22855929
22855930
22855932
22855933
22855935
22856130
22856131
22856132
22856133
22856134
22856135
22856136
22856137
22856138
22856139
22856149
22856150
22856151
22856152
22856153
22856154
22856155
22856156
22856325
22856327
22856329
22856330
22856331
22856332
22856338
22856339
22856340
22856341
22856342
22856343
22856344
22856345
22856346
22856347
22856348
22856349
22856350
22856351
22856383
22856384
22856396
22856397
22856398
22856399
22856400
22856401
22856402
22856403
22856404
22856405
22856406
22856407
22856408
22856409
22856410
22856411
22856412
22856413
22856414
22856415
22856416
22856417
22856418
22856419
22856420
22856421
22856422
22856423
22856427
22856428
22856429
22856430
22856431
22856432
22856433
22856434
22856435
22856456
22856457
22856459
22856460
22856463
22856464
22856466
22856472
22856506
22856508
22856514
22856518
22856519
22856522
22856523
22856528
22856536
22856541
22856545
22856549
22856558
22856593
22856596
22856598
22856600
22856601
22856602
22856603
22856604
22856605
22856606
22856607
22856608
22856609
22856610
22856611
22856615
22856617
22856618
22856619
22856620
22856621
22856629
22856630
22856631
22856632
22856633
22856634
22856635
22856636
22856637
22856638
22856639
22856645
22856646
22856652
22856653
22856666
22856668
22856669
22856671
22856676
22856684
22856685
22856867
22856868
22856869
22856871
22856872
22856873
22856875
22856877
22856883
22856884
22856886
22856888
22857000
22857001
22857002
22857006
22857009
22857010
22857011
22857014
22857017
22857129
22857130
22857134
22857135
22857136
22857137
22857138
22857139
22857140
22857141
22857142
22857144
22857146
22857147
22857148
22857150
22857152
22857256
22857257
22857263
22857264
22857267
22857269
22857270
22857271
22857272
22857273
22857274
22857379
22857381
22857387
22857388
22857391
22857393
22857394
22857402
22857403
22857404
22857405
22857406
22857512
22857513
22857518
22857525
22857526
22857527
22857528
22857529
22857530
22857531
22857532
22857533
22857534
22857535
22857536
22857540
22857598
22857599
22857605
22857607
22857608
22857610
22857612
22857615
22857616
22857649
22857655
22857708
22857710
22857711
22857713
22857715
22857716
22857717
22857718
22857719
22857720
22857721
22857735
22857736
22857737
22857738
22857741
22857742
22857776
22857777
22857780
22857782
22857784
22857789
22857790
22857803
22857804
22857808
22857810
22857811
22857812
22857814
22857815
22857818
22857822
22857823
22857846
22857852
22857853
22857854
22857857
22857859
22857860
22857865
22857872
22857874
22857878
22857881
22857884
22857885
22857887
22857888
22857889
22857890
22857891
22857894
22857895
22857896
22857897
22857901
22857905
22857907
22857909
22857910
22857911
22857912
22857914
22857915
22857920
22857921
22857922
22857923
22857924
22857925
22857926
22857927
22857928
22857929
22857930
22857931
22857932
22857933
22857934
22857935
22857936
22857937
22857938
22857940
22857944
22857945
22857946
22857947
22857948
22857949
22857950
22857951
22857954
22857955
22857956
22857957
22857958
22857959
22857960
22857961
22857962
22857963
22857964
22857965
22857966
22857967
22857970
22857971
22857972
22857973
22857986
22857993
22857994
22858002
22858003
22858004
22858010
22858011
22858013
22858014
22858015
22858023
22858040
22858046
22858050
22858055
22858060
22858062
22858063
22858064
22858073
22858074
22858075
22858076
22858077
22858078
22858079
22858080
22858081
22858082
22858083
22858092
22858093
22858094
22858096
22858097
22858098
22858099
22858100
22858101
22858102
22858107
22858108
22858109
22858111
22858114
22858115
22858117
22858118
22858119
22858124
22858125
22858127
22858128
22858129
22858130
22858131
22858133
22858135
22858136
22858137
22858138
22858139
22858140
22858141
22858142
22858143
22858144
22858152
22858153
22858157
22858161
22858166
22858174
22858182
22858183
22858184
22858185
22858186
22858187
22858189
22858190
22858222
22858224
22858225
22858230
22858236
22858241
22858249
22858254
22858258
22858269
22858270
22858271
22858272
22858273
22858274
22858275
22858276
22858277
22858278
22858279
22858280
22858281
22858282
22858285
22858286
22858297
22858298
22858299
22858300
22858301
22858315
22858316
22858317
22858318
22858342
22858343
22858344
22858351
22858352
22858359
22858361
22858362
22858365
22858370
22858371
22858372
22858373
22858377
22858378
22858381
22858384
22858387
22858388
22858395
22858407
22858409
22858410
22858411
22858412
22858414
22858418
22858422
22858423
22858425
22858430
22858443
22858444
22858445
22858447
22858448
22858461
22858462
22858463
22858464
22858465
22858466
22858467
22858468
22858469
22858470
22858471
22858472
22858473
22858474
22858475
22858476
22858477
22858478
22858479
22858480
22858481
22858482
22858483
22858484
22858485
22858486
22858487
22858488
22858489
22858490
22858491
22858492
22858493
22858494
22858495
22858496
22858497
22858498
22858499
22858500
22858501
22858502
22858503
22858504
22858511
22858514
22858515
22858518
22858520
22858522
22858528
22858529
22858538
22858543
22858547
22858549
22858550
22858553
22858555
22858556
22858557
22858567
22858570
22858571
22858572
22858577
22858580
22858585
22858590
22858603
22858604
22858605
22858632
22858647
22858661
22858662
22858663
22858666
22858667
22858670
22858671
22858684
22858685
22858695
22858696
22858697
22858698
22858699
22858700
22858701
22858702
22858703
22858704
22858705
22858706
22858707
22858708
22858709
22858710
22858711
22858712
22858713
22858714
22858715
22858716
22858717
22858718
22858721
22858722
22858724
22858725
22858726
22858727
22858729
22858736
22858737
22858758
22858761
22858762
22858763
22858764
22858765
22858766
22858767
22858768
22858769
22858770
22858771
22858772
22858773
22858774
22858775
22858776
22858777
22858778
22858779
22858780
22858781
22858782
22858803
22858805
22858806
22858810
22858811
22858812
22858813
22858814
22858815
22858816
22858817
22858818
22858819
22858820
22858821
22858822
22858823
22858826
22858828
22858830
22858833
22858835
22858837
22858838
22858839
22858840
22858841
22858842
22858843
22858844
22858845
22858862
22858863
22858864
22858866
22858867
22858868
22858869
22858872
22858873
22858874
22858875
22858876
22858902
22858912
22858913
22858914
22858915
22858916
22858917
22858918
22858919
22858920
22858921
22858922
22858923
22858924
22858925
22858927
22858992
22859016
22859019
22859020
22859022
22859026
22859039
22859040
22859051
22859057
22859058
22859063
22859070
22859075
22859081
22859085
22859089
22859090
22859092
22859099
22859100
22859102
22859107
22859119
22859120
22859123
22859125
22859130
22859134
22859137
22859147
22859152
22859160
22859220
22859255
22859256
22859262
22859264
22859265
22859269
22859270
22859271
22859273
22859293
22859294
22859295
22859296
22859297
22859298
22859299
22859300
22859301
22859302
22859303
22859304
22859305
22859306
22859307
22859308
22859309
22859310
22859318
22859319
22859320
22859321
22859322
22859323
22859324
22859325
22859326
22859327
22859328
22859329
22859330
22859331
22859332
22859333
22859334
22859335
22859336
22859337
22859338
22859362
22859364
22859365
22859366
22859367
22859368
22859369
22859370
22859371
22859372
22859373
22859374
22859375
22859385
22859389
22859390
22859391
22859392
22859393
22859394
22859395
22859396
22859398
22859399
22859400
22859401
22859402
22859403
22859404
22859405
22859406
22859407
22859409
22859411
22859414
22859441
22859442
22859443
22859444
22859445
22859446
22859447
22859448
22859449
22859450
22859451
22859452
22859453
22859491
22859492
22859493
22859494
22859497
22859498
22859499
22859514
22859516
22859521
22859522
22859523
22859524
22859525
22859526
22859527
22859530
22859531
22859537
22859538
22859539
22859540
22859572
22859576
22859577
22859582
22859583
22859584
22859585
22859589
22859590
22859591
22859592
22859593
22859594
22859595
22859596
22859597
22859598
22859604
22859605
22859606
22859607
22859608
22859609
22859610
22859611
22859612
22859635
22859636
22859637
22859638
22859639
22859640
22859641
22859642
22859643
22859662
22859673
22859674
22859676
22859678
22859683
22859686
22859687
22859688
22859689
22859690
22859691
22859692
22859693
22859703
22859704
22859705
22859714
22859715
22859725
22859726
22859729
22859731
22859733
22859735
22859736
22859742
22859749
22859801
22859802
22859803
22859804
22859805
22859806
22859807
22859808
22859810
22859811
22859812
22859813
22859814
22859815
22859823
22859824
22859825
22859826
22859827
22859828
22859829
22859830
22859831
22859832
22859851
22859852
22859853
22859854
22859855
22859856
22859857
22859859
22859860
22859861
22859862
22859900
22859901
22859902
22859903
22859904
22859905
22859906
22859907
22859910
22859911
22859913
22859914
22859915
22860032
22860033
22860034
22860035
22860036
22860037
22860038
22860039
22860040
22860041
22860042
22860043
22860044
22860045
22860046
22860047
22860048
22860049
22860050
22860051
22860052
22860053
22860054
22860055
22860056
22860057
22860058
22860059
22860060
22860061
22860062
22860063
22860064
22860065
22860066
22860067
22860068
22860069
22860070
22860071
22860072
22860073
22860074
22860075
22860076
22860077
22860078
22860079
22860080
22860081
22860082
22860083
22860084
22860085
22860086
22860087
22860088
22860089
22860090
22860091
22860092
22860093
22860094
22860095
22860096
22860097
22860098
22860099
22860100
22860101
22860102
22860103
22860104
22860105
22860106
22860107
22860108
22860109
22860110
22860111
22860112
22860113
22860114
22860115
22860116
22860117
22860118
22860119
22860120
22860121
22860122
22860123
22860124
22860125
22860126
22860127
22860128
22860129
22860130
22860131
22860132
22860133
22860134
22860135
22860136
22860238
22860239
22860240
22860241
22860242
22860243
22860244
22860246
22860259
22860262
22860511
22860512
22860514
22860567
22860568
22860574
22860575
22860576
22860577
22860578
22860579
22860580
22860581
22860582
22860583
22860584
22860585
22860586
22860587
22860590
22860591
22860592
22860593
22860594
22860595
22860596
22860597
22860598
22860599
22860600
22860601
22860602
22860605
22860606
22860607
22860624
22860627
22860628
22860632
22860633
22860634
22860636
22860693
22860709
22860710
22860714
22860715
22860754
22860758
22860763
22860765
22860766
22860770
22860771
22860875
22860876
22860877
22860878
22860879
22860882
22860883
22860889
22860892
22860895
22860900
22860918
22860920
22860922
22860923
22860924
22860982
22860983
22860987
22860990
22860995
22860997
22860999
22861000
22861001
22861002
22861003
22861006
22861009
22861047
22861048
22861052
22861055
22861056
22861066
22861070
22861072
22861076
22861077
22861121
22861123
22861130
22861131
22861132
22861133
