22861134
22861135
22861136
22861141
22861142
22861143
22861150
22861162
22861167
22861170
22861174
22861178
22861179
22861180
22861181
22861182
22861186
22861188
22861190
22861193
22861194
22861195
22861196
22861197
22861355
22861357
22861374
22861376
22861377
22861378
22861379
22861383
22861386
22861481
22861482
22861483
22861484
22861487
22861488
22861489
22861494
22861495
22861499
22861523
22861526
22861645
22861646
22861662
22861663
22861668
22861669
22861670
22861673
22861684
22861686
22861687
22861813
22861815
22861819
22861824
22861825
22861906
22862144
22862148
22862150
22862152
22862155
22862156
22862159
22862160
22862161
22862162
22862163
22862164
22862165
22862166
22862167
22862168
22862169
22862170
22862171
22862172
22862173
22862174
22862175
22862176
22862177
22862178
22862179
22862180
22862287
22862288
22862292
22862294
22862302
22862303
22862307
22862419
22862420
22862423
22862434
22862551
22862552
22862559
22862560
22862673
22862676
22862677
22862679
22862681
22862683
22862686
22862690
22862739
22862740
22862741
22862776
22862777
22862779
22862780
22862787
22862788
22862790
22862793
22862796
22862798
22862804
22862805
22862813
22862817
22862819
22862820
22862830
22862832
22862840
22862849
22862851
22862855
22862883
22862895
22862896
22862903
22862909
22862913
22862914
22862915
22862916
22862917
22862918
22862919
22862920
22862921
22862924
22862955
22862956
22862962
22862963
22862964
22862997
22862999
22863019
22863021
22863025
22863026
22863027
22863032
22863034
22863059
22863061
22863067
22863072
22863074
22863078
22863079
22863082
22863084
22863107
22863115
22863125
22863126
22863127
22863129
22863131
22863133
22863135
22863140
22863154
22863156
22863157
22863158
22863159
22863160
22863161
22863162
22863163
22863164
22863165
22863166
22863167
22863168
22863175
22863176
22863177
22863178
22863179
22863180
22863181
22863182
22863183
22863188
22863198
22863202
22863203
22863204
22863205
22863208
22863213
22863217
22863243
22863244
22863245
22863246
22863247
22863248
22863249
22863250
22863251
22863252
22863253
22863254
22863255
22863256
22863258
22863260
22863261
22863262
22863263
22863264
22863265
22863266
22863267
22863268
22863269
22863270
22863271
22863272
22863282
22863284
22863286
22863288
22863292
22863293
22863296
22863297
22863298
22863299
22863304
22863307
22863308
22863311
22863312
22863320
22863321
22863324
22863326
22863331
22863333
22863350
22863351
22863352
22863353
22863354
22863357
22863361
22863362
22863364
22863375
22863377
22863378
22863379
22863380
22863381
22863382
22863383
22863384
22863385
22863386
22863387
22863388
22863389
22863390
22863391
22863392
22863393
22863394
22863395
22863396
22863398
22863400
22863401
22863411
22863412
22863413
22863414
22863419
22863420
22863422
22863423
22863424
22863425
22863426
22863427
22863428
22863429
22863430
22863431
22863432
22863433
22863434
22863435
22863436
22863437
22863438
22863439
22863440
22863441
22863442
22863443
22863444
22863445
22863446
22863451
22863452
22863453
22863454
22863455
22863456
22863457
22863459
22863460
22863461
22863462
22863463
22863464
22863465
22863466
22863467
22863468
22863469
22863470
22863471
22863472
22863473
22863474
22863476
22863477
22863479
22863480
22863481
22863482
22863483
22863484
22863485
22863486
22863487
22863488
22863489
22863490
22863491
22863492
22863493
22863494
22863495
22863496
22863497
22863498
22863499
22863500
22863501
22863502
22863503
22863504
22863505
22863506
22863507
22863508
22863509
22863510
22863511
22863512
22863513
22863514
22863515
22863516
22863517
22863518
22863519
22863522
22863525
22863526
22863527
22863528
22863529
22863530
22863537
22863538
22863539
22863540
22863541
22863551
22863552
22863553
22863554
22863555
22863556
22863557
22863558
22863559
22863560
22863561
22863562
22863563
22863564
22863565
22863567
22863568
22863570
22863576
22863577
22863578
22863579
22863580
22863581
22863582
22863583
22863584
22863585
22863586
22863587
22863588
22863589
22863590
22863591
22863592
22863593
22863594
22863595
22863596
22863597
22863598
22863601
22863614
22863617
22863618
22863619
22863620
22863621
22863622
22863623
22863624
22863625
22863626
22863627
22863628
22863629
22863630
22863631
22863632
22863633
22863634
22863635
22863636
22863637
22863638
22863639
22863640
22863641
22863642
22863643
22863644
22863645
22863646
22863647
22863648
22863649
22863650
22863651
22863652
22863657
22863659
22863660
22863661
22863666
22863667
22863668
22863669
22863688
22863690
22863694
22863695
22863696
22863697
22863698
22863699
22863700
22863701
22863702
22863703
22863704
22863705
22863706
22863707
22863708
22863709
22863710
22863711
22863712
22863713
22863714
22863715
22863716
22863721
22863731
22863732
22863733
22863734
22863735
22863737
22863738
22863739
22863740
22863741
22863746
22863749
22863751
22863760
22863761
22863762
22863763
22863764
22863765
22863770
22863772
22863773
22863774
22863775
22863776
22863777
22863778
22863779
22863780
22863781
22863785
22863786
22863787
22863789
22863790
22863791
22863792
22863793
22863794
22863795
22863796
22863797
22863801
22863802
22863803
22863804
22863805
22863835
22863836
22863837
22863847
22863848
22863849
22863850
22863851
22863852
22863853
22863854
22863855
22863856
22863857
22863858
22863859
22863860
22863861
22863862
22863863
22863864
22863865
22863866
22863872
22863876
22863877
22863879
22863882
22863892
22863894
22863895
22863896
22863900
22863902
22863907
22863910
22863913
22863914
22863915
22863916
22863917
22863918
22863919
22863920
22863921
22863922
22863923
22863924
22863925
22863926
22863927
22863928
22863929
22863930
22863931
22863932
22863933
22863934
22863935
22863936
22863937
22863938
22863939
22863940
22863941
22863942
22863943
22863945
22863946
22863947
22863948
22863970
22863971
22863972
22863974
22863976
22863984
22863985
22863986
22863991
22863996
22863997
22864000
22864001
22864003
22864004
22864005
22864006
22864007
22864012
22864022
22864057
22864058
22864060
22864061
22864062
22864113
22864114
22864115
22864116
22864117
22864118
22864119
22864120
22864121
22864122
22864123
22864124
22864125
22864126
22864127
22864128
22864129
22864130
22864131
22864132
22864133
22864134
22864135
22864136
22864137
22864138
22864139
22864140
22864141
22864142
22864143
22864144
22864145
22864146
22864149
22864169
22864170
22864171
22864172
22864173
22864174
22864175
22864176
22864177
22864178
22864181
22864187
22864198
22864199
22864200
22864228
22864229
22864234
22864237
22864238
22864239
22864240
22864241
22864242
22864243
22864244
22864245
22864246
22864248
22864249
22864250
22864251
22864254
22864255
22864256
22864261
22864267
22864269
22864270
22864271
22864272
22864273
22864274
22864275
22864276
22864280
22864281
22864284
22864287
22864288
22864289
22864291
22864292
22864293
22864294
22864295
22864296
22864297
22864298
22864299
22864300
22864304
22864310
22864311
22864312
22864313
22864314
22864340
22864341
22864366
22864374
22864375
22864376
22864377
22864378
22864381
22864382
22864383
22864384
22864389
22864403
22864405
22864406
22864407
22864420
22864421
22864422
22864423
22864424
22864425
22864426
22864427
22864428
22864429
22864430
22864431
22864432
22864433
22864434
22864435
22864436
22864437
22864438
22864439
22864440
22864441
22864442
22864443
22864444
22864445
22864446
22864447
22864448
22864449
22864455
22864456
22864462
22864465
22864466
22864476
22864478
22864480
22864481
22864482
22864483
22864484
22864485
22864486
22864487
22864488
22864489
22864490
22864491
22864492
22864493
22864494
22864495
22864496
22864497
22864498
22864499
22864500
22864501
22864502
22864503
22864519
22864520
22864521
22864523
22864526
22864539
22864546
22864550
22864551
22864553
22864555
22864558
22864561
22864577
22864589
22864590
22864616
22864618
22864628
22864631
22864656
22864657
22864659
22864671
22864672
22864685
22864687
22864730
22864731
22864732
22864733
22864734
22864735
22864736
22864737
22864738
22864739
22864740
22864741
22864742
22864743
22864744
22864745
22864746
22864747
22864748
22864749
22864750
22864751
22864752
22864753
22864754
22864759
22864761
22864762
22864767
22864769
22864770
22864772
22864808
22864822
22864826
22864827
22864828
22864829
22864830
22864831
22864832
22864833
22864834
22864835
22864836
22864837
22864838
22864839
22864840
22864850
22864869
22864871
22864872
22864874
22864900
22864901
22864902
22864908
22864909
22864917
22864919
22864922
22864923
22864924
22864927
22864934
22864938
22864943
22864947
22864948
22864949
22864956
22864966
22864968
22864970
22864971
22864978
22864989
22864990
22864995
22864996
22865021
22865025
22865028
22865058
22865060
22865061
22865063
22865065
22865067
22865068
22865081
22865082
22865083
22865093
22865107
22865109
22865115
22865116
22865117
22865154
22865155
22865156
22865167
22865194
22865197
22865204
22865207
22865208
22865209
22865255
22865287
22865304
22865305
22865306
22865307
22865308
22865309
22865310
22865311
22865312
22865313
22865314
22865315
22865316
22865317
22865318
22865319
22865320
22865321
22865322
22865330
22865344
22865345
22865346
22865347
22865348
22865349
22865356
22865366
22865367
22865368
22865369
22865370
22865371
22865372
22865373
22865376
22865377
22865378
22865384
22865385
22865386
22865387
22865388
22865389
22865399
22865450
22865451
22865452
22865453
22865454
22865455
22865456
22865457
22865458
22865459
22865469
22865472
22865475
22865476
22865485
22865496
22865513
22865544
22865549
22865550
22865551
22865552
22865553
22865561
22865562
22865563
22865564
22865565
22865566
22865567
22865568
22865570
22865576
22865577
22865589
22865590
22865593
22865601
22865604
22865606
22865613
22865615
22865621
22865622
22865623
22865624
22865625
22865628
22865631
22865634
22865636
22865644
22865646
22865647
22865649
22865656
22865657
22865661
22865664
22865665
22865667
22865677
22865679
22865684
22865689
22865693
22865701
22865702
22865717
22865741
22865743
22865749
22865751
22865752
22865754
22865755
22865758
22865760
22865761
22865764
22865765
22865766
22865768
22865776
22865784
22865785
22865788
22865800
22865822
22865828
22865834
22865840
22865841
22865842
22865843
22865844
22865845
22865846
22865847
22865848
22865849
22865850
22865851
22865852
22865853
22865854
22865855
22865856
22865857
22865858
22865859
22865860
22865861
22865862
22865863
22865864
22865865
22865866
22865867
22865868
22865869
22865876
22865877
22865878
22865879
22865880
22865881
22865882
22865883
22865884
22865885
22865886
22865887
22865888
22865889
22865890
22865891
22865892
22865896
22865897
22865898
22865899
22865900
22865901
22865902
22865903
22865904
22865905
22865906
22865907
22865908
22865910
22865913
22865917
22865918
22865928
22865929
22865999
22866000
22866001
22866002
22866006
22866173
22866174
22866175
22866176
22866177
22866178
22866179
22866294
22866295
22866296
22866297
22866298
22866299
22866300
22866301
22866302
22866303
22866304
22866305
22866306
22866307
22866308
22866309
22866310
22866311
22866312
22866313
22866314
22866315
22866316
22866317
22866318
22866319
22866320
22866321
22866322
22866323
22866324
22866326
22866327
22866329
22866602
22866604
22866671
22866672
22866673
22866674
22866677
22866688
22866689
22866690
22866691
22866692
22866693
22866694
22866696
22866699
22866750
22866752
22866757
22866776
22866812
22866824
22866826
22866828
22866829
22866831
22866865
22866866
22866871
22866878
22866888
22866889
22866896
22866905
22866908
22866911
22866912
22866915
22866925
22866940
22866941
22866946
22866948
22866954
22866957
22866970
22866972
22866975
22866979
22866980
22866984
22866988
22866990
22866997
22866998
22867001
22867003
22867006
22867007
22867013
22867019
22867025
22867026
22867028
22867029
22867033
22867034
22867042
22867043
22867044
22867045
22867046
22867048
22867051
22867086
22867087
22867089
22867090
22867091
22867092
22867093
22867094
22867098
22867099
22867101
22867103
22867108
22867114
22867265
22867266
22867267
22867268
22867269
22867275
22867298
22867422
22867423
22867434
22867439
22867440
22867441
22867501
22867502
22867503
22867504
22867505
22867506
22867507
22867508
22867509
22867510
22867511
22867512
22867515
22867516
22867527
22867530
22867532
22867533
22867628
22867629
22867633
22867634
22867636
22867637
22867638
22867639
22867641
22867642
22867651
22867653
22867654
22867655
22867657
22867659
22867665
22867673
22867674
22867675
22867676
22867677
22867678
22867679
22867680
22867681
22867682
22867683
22867684
22867687
22867688
22867693
22867695
22867696
22867697
22867698
22867699
22867700
22867704
22867705
22867707
22867708
22867714
22867715
22867716
22867717
22867718
22867719
22867720
22867721
22867722
22867723
22867724
22867728
22867730
22867733
22867742
22867743
22867744
22867745
22867746
22867748
22867761
22867762
22867764
22867765
22867766
22867794
22867795
22867812
22867813
22867823
22867837
22867845
22867846
22867848
22867849
22867850
22867851
22867863
22867864
22867865
22867876
22867881
22867884
22867885
22867887
22867889
22867890
22867891
22867894
22867896
22867897
22867898
22867899
22867903
22867904
22867905
22867906
22867911
22867920
22867921
22867922
22867923
22867939
22867940
22867941
22867942
22867943
22867945
22867946
22867947
22867948
22867957
22867958
22867964
22867968
22867969
22867970
22867972
22867977
22867978
22867979
22867980
22867987
22867988
22867989
22867992
22868005
22868008
22868009
22868030
22868032
22868034
22868035
22868037
22868041
22868042
22868049
22868054
22868055
22868086
22868087
22868093
22868094
22868095
22868096
22868097
22868098
22868099
22868100
22868101
22868102
22868103
22868104
22868105
22868106
22868107
22868108
22868109
22868110
22868111
22868112
22868113
22868114
22868115
22868116
22868117
22868118
22868119
22868120
22868121
22868122
22868123
22868124
22868125
22868126
22868127
22868128
22868129
22868130
22868131
22868132
22868133
22868134
22868135
22868136
22868137
22868138
22868139
22868140
22868141
22868142
22868143
22868144
22868145
22868146
22868147
22868148
22868149
22868150
22868151
22868152
22868153
22868154
22868155
22868156
22868157
22868158
22868159
22868160
22868161
22868162
22868163
22868164
22868165
22868166
22868167
22868168
22868169
22868170
22868172
22868185
22868189
22868190
22868191
22868192
22868196
22868200
22868201
22868205
22868207
22868208
22868209
22868210
22868211
22868214
22868215
22868225
22868227
22868228
22868229
22868230
22868231
22868232
22868233
22868234
22868254
22868255
22868258
22868278
22868280
22868281
22868282
22868284
22868290
22868293
22868320
22868323
22868340
22868341
22868342
22868343
22868344
22868345
22868346
22868348
22868355
22868388
22868389
22868390
22868391
22868392
22868393
22868394
22868395
22868396
22868406
22868409
22868414
22868415
22868416
22868417
22868418
22868419
22868420
22868421
22868422
22868423
22868424
22868425
22868426
22868427
22868428
22868429
22868430
22868431
22868432
22868433
22868434
22868435
22868436
22868437
22868438
22868439
22868440
22868441
22868442
22868449
22868452
22868483
22868486
22868487
22868488
22868489
22868490
22868491
22868497
22868498
22868499
22868502
22868503
22868504
22868505
22868506
22868507
22868508
22868509
22868510
22868511
22868512
22868514
22868515
22868516
22868517
22868518
22868519
22868520
22868521
22868522
22868578
22868579
22868585
22868586
22868587
22868588
22868589
22868590
22868592
22868593
22868595
22868596
22868597
22868598
22868599
22868600
22868601
22868602
22868603
22868604
22868605
22868606
22868607
22868608
22868609
22868610
22868611
22868612
22868613
22868614
22868615
22868616
22868617
22868618
22868619
22868620
22868621
22868622
22868623
22868624
22868625
22868626
22868629
22868630
22868631
22868632
22868637
22868641
22868673
22868675
22868684
22868697
22868708
22868716
22868717
22868718
22868719
22868720
22868721
22868722
22868723
22868724
22868725
22868726
22868727
22868728
22868729
22868730
22868731
22868732
22868733
22868734
22868735
22868736
22868737
22868738
22868739
22868740
22868741
22868742
22868743
22868744
22868745
22868748
22868749
22868750
22868774
22868784
22868818
22868823
22868827
22868871
22868876
22868900
22868908
22868909
22868910
22868927
22868928
22868943
22868948
22868972
22868973
22868974
22868975
22868976
22868977
22868978
22868979
22868980
22868981
22868982
22869001
22869008
22869009
22869016
22869022
22869023
22869024
22869025
22869026
22869028
22869066
22869067
22869068
22869069
22869070
22869071
22869072
22869073
22869074
22869075
22869076
22869077
22869078
22869079
22869080
22869081
22869082
22869084
22869085
22869091
22869099
22869100
22869154
22869161
22869162
22869201
22869202
22869203
22869207
22869222
22869223
22869224
22869225
22869226
22869227
22869228
22869231
22869239
22869242
22869243
22869244
22869245
22869246
22869247
22869248
22869249
22869250
22869251
22869258
22869259
22869260
22869261
22869262
22869263
22869264
22869265
22869266
22869267
22869268
22869269
22869270
22869271
22869272
22869273
22869274
22869275
22869285
22869295
22869296
22869297
22869298
22869299
22869323
22869324
22869329
22869336
22869344
22869346
22869347
22869348
22869368
22869369
22869370
22869371
22869372
22869373
22869374
22869375
22869376
22869377
22869378
22869379
22869380
22869395
22869449
22869468
22869469
22869470
22869471
22869472
22869473
22869474
22869475
22869476
22869477
22869478
22869479
22869480
22869481
22869482
22869483
22869484
22869485
22869486
22869487
22869488
22869489
22869490
22869491
22869492
22869493
22869502
22869515
22869521
22869522
22869523
22869524
22869525
22869526
22869527
22869529
22869530
22869531
22869532
22869533
22869536
22869537
22869538
22869539
22869540
22869541
22869542
22869543
22869544
22869545
22869546
22869547
22869548
22869549
22869550
22869552
22869560
22869561
22869562
22869563
22869564
22869565
22869566
22869567
22869568
22869569
22869572
22869575
22869577
22869578
22869579
22869583
22869584
22869585
22869602
22869607
22869608
22869609
22869621
22869622
22869623
22869624
22869625
22869626
22869627
22869628
22869629
22869630
22869631
22869632
22869633
22869634
22869635
22869636
22869641
22869642
22869643
22869644
22869645
22869646
22869647
22869648
22869649
22869650
22869651
22869652
22869653
22869654
22869655
22869656
22869657
22869658
22869659
22869660
22869661
22869662
22869663
22869664
22869665
22869676
22869677
22869701
22869707
22869721
22869733
22869738
22869743
22869749
22869750
22869752
22869761
22869762
22869763
22869764
22869765
22869766
22869767
22869768
22869769
22869770
22869771
22869772
22869774
22869777
22869778
22869787
22869788
22869789
22869790
22869791
22869792
22869793
22869820
22869821
22869822
22869823
22869839
22869871
22869872
22869874
22869877
22869879
22869882
22869883
22869884
22869885
22869886
22869887
22869888
22869889
22869891
22869894
22869895
22869896
22869897
22869898
22869899
22869900
22869901
22869902
22869903
22869904
22869905
22869907
22869921
22869922
22869923
22869924
22869925
22869926
22869927
22869928
22869929
22870021
22870022
22870023
22870024
22870025
22870026
22870027
22870028
22870029
22870030
22870031
22870032
22870033
22870034
22870035
22870181
22870182
22870183
22870184
22870501
22870503
22870504
22870506
22870508
22870509
22870802
22870803
22870804
22870805
22870806
22870807
22870808
22870809
22870810
22870811
22870812
22870813
22870814
22870815
22870816
22870817
22870818
22870819
22870820
22870821
22870822
22870823
22870824
22870828
22870829
22870830
22870831
22870832
22870833
22870834
22870835
22870836
22870837
22870838
22870839
22870840
22870841
22870842
22870843
22870847
22870851
22870855
22870856
22870857
22870866
22870867
22870868
22870885
22870887
22870889
22870890
22870898
22870904
22870909
22870912
22870914
22870921
22870925
22870926
22870931
22870934
22870945
22870947
22870948
22870951
22870957
22870960
22870983
22870990
22870991
22870992
22870993
22870994
22870995
22870996
22870997
22870998
22870999
22871000
22871001
22871002
22871003
22871004
22871005
22871006
22871007
22871008
22871009
22871010
22871011
22871012
22871013
22871014
22871015
22871016
22871021
22871023
22871030
22871035
22871040
22871049
22871052
22871061
22871062
22871066
22871067
22871084
22871089
22871091
22871103
22871106
22871110
22871112
22871115
22871121
22871123
22871126
22871127
22871137
22871139
22871140
22871144
22871146
22871147
22871152
22871158
22871164
22871165
22871166
22871168
22871172
22871176
22871178
22871185
22871186
22871187
22871190
22871191
22871192
22871193
22871194
22871195
22871196
22871197
22871198
22871199
22871200
22871201
22871203
22871208
22871220
22871223
22871230
22871234
22871235
22871236
22871240
22871243
22871255
22871258
22871260
22871261
22871262
22871268
22871269
22871270
22871273
22871301
22871302
22871304
22871307
22871310
22871311
22871312
22871314
22871317
22871318
22871319
22871320
22871324
22871325
22871326
22871327
22871329
22871330
22871331
22871332
22871338
22871339
22871340
22871351
22871352
22871353
22871372
22871376
22871384
22871385
22871386
22871394
22871399
22871414
22871415
22871416
22871419
22871421
22871423
22871424
22871428
22871433
22871435
22871441
22871442
22871450
22871452
22871457
22871460
22871461
22871462
22871473
22871474
22871478
22871479
22871483
22871485
22871486
22871491
22871494
22871495
22871496
22871497
22871504
22871508
22871509
22871510
22871511
22871512
22871516
22871551
22871560
22871561
22871564
22871570
22871575
22871578
22871579
22871580
22871581
22871582
22871584
22871585
22871593
22871594
22871595
22871596
22871597
22871598
22871599
22871600
22871601
22871602
22871603
22871604
22871609
22871610
22871611
22871632
22871633
22871634
22871635
22871636
22871642
22871644
22871645
22871646
22871647
22871648
22871653
22871654
22871655
22871656
22871657
22871659
22871660
22871661
22871667
22871670
22871673
22871674
22871675
22871676
22871677
22871678
22871679
22871680
22871681
22871682
22871683
22871684
22871687
22871726
22871751
22871754
22871755
22871756
22871757
22871758
22871759
22871760
22871761
22871762
22871763
22871764
22871765
22871766
22871792
22871794
22871795
22871796
22871797
22871802
22871828
22871829
22871830
22871831
22871832
22871834
22871835
22871837
22871838
22871840
22871841
22871842
22871883
22871884
22871885
22871886
22871887
22871888
22871889
22871890
22871891
22871892
22871893
22871894
22871895
22871896
22871898
22871899
22871904
22871905
22871906
22871907
22871908
22871922
22871947
22871953
22871954
22871955
22871959
22871965
22871966
22871977
22871978
22871979
22871980
22871981
22871982
22871984
22871986
22872006
22872009
22872010
22872011
22872012
22872014
22872016
22872025
22872041
22872047
22872051
22872052
22872053
22872054
22872066
22872067
22872091
22872098
22872103
22872106
22872110
22872114
22872115
22872116
22872117
22872118
22872119
22872120
22872121
22872125
22872127
22872128
22872133
22872136
22872137
22872148
22872150
22872152
22872153
22872154
22872156
22872157
22872158
22872160
22872171
22872173
22872174
22872175
22872176
22872177
22872178
22872179
22872180
22872183
22872193
22872194
22872230
22872233
22872234
22872235
22872236
22872237
22872238
22872240
22872241
22872242
22872243
22872244
22872245
22872246
22872247
22872248
22872249
22872250
22872251
22872252
22872253
22872254
22872255
22872256
22872257
22872258
22872259
22872260
22872261
22872262
22872263
22872264
22872265
22872266
22872267
22872268
22872269
22872270
22872271
22872272
22872273
22872274
22872275
22872276
22872298
22872299
22872300
22872301
22872302
22872303
22872304
22872314
22872318
22872325
22872330
22872331
22872332
22872333
22872334
22872335
22872336
22872337
22872338
22872339
22872340
22872341
22872342
22872343
22872344
22872345
22872346
22872347
22872348
22872349
22872350
22872351
22872352
22872353
22872354
22872363
22872364
22872365
22872413
22872422
22872423
22872424
22872425
22872426
22872465
22872467
22872468
22872472
22872473
22872474
22872475
22872476
22872477
22872478
22872479
22872480
22872481
22872482
22872483
22872484
22872485
22872492
22872493
22872500
22872502
22872503
22872515
22872520
22872521
22872522
22872523
22872576
22872577
22872578
22872579
22872595
22872596
22872597
22872598
22872599
22872600
22872602
22872604
22872634
22872635
22872636
22872637
22872638
22872639
22872640
22872641
22872642
22872643
22872644
22872645
22872646
22872667
22872669
22872670
22872671
22872672
22872673
22872674
22872675
22872676
22872677
22872678
22872679
22872680
22872685
22872686
22872687
22872688
22872689
22872690
22872691
22872692
22872705
22872707
22872708
22872729
22872730
22872731
22872732
22872733
22872734
22872735
22872736
22872738
22872739
22872740
22872741
22872742
22872743
22872744
22872745
22872746
22872747
22872748
22872749
22872750
22872751
22872752
22872753
22872754
22872758
22872759
22872760
22872761
22872762
22872763
22872767
22872768
22872769
22872770
22872771
22872773
22872776
22872777
22872860
22872864
22872868
22872872
22873118
22873120
22873121
22873123
22873125
22873126
22873127
22873128
22873129
22873133
22873172
22873177
22873182
22873183
22873184
22873185
22873186
22873187
22873188
22873189
22873190
22873191
22873192
22873193
22873198
22873199
22873205
22873209
22873279
22873283
22873286
22873291
22873339
22873340
22873341
22873342
22873367
22873369
22873370
22873401
22873402
22873403
22873404
22873408
22873428
22873477
22873485
22873491
22873492
22873493
22873494
22873495
22873496
22873497
22873498
22873499
22873500
22873501
22873502
22873503
22873504
22873505
22873507
22873510
22873512
22873513
22873558
22873567
22873568
22873569
22873572
22873578
22873582
22873583
22873584
22873585
22873586
22873587
22873588
22873589
22873590
22873592
22873593
22873594
22873595
22873596
22873597
22873598
22873599
22873600
22873601
22873602
22873603
22873604
22873605
22873606
22873607
22873608
22873609
22873610
22873611
22873612
22873613
22873614
22873615
22873616
22873617
22873618
22873619
22873622
22873623
22873624
22873625
22873626
22873627
22873634
22873643
22873646
22873650
22873668
22873682
22873683
22873687
22873688
22873691
22873692
22873697
22873707
22873709
22873710
22873713
22873717
22873719
22873731
22873732
22873733
22873734
22873736
22873738
22873739
22873740
22873741
22873749
22873752
22873753
22873760
22873761
22873770
22873773
22873774
22873775
22873779
22873780
22873782
22873783
22873788
22873789
22873793
22873796
22873797
22873817
22873826
22873828
22873832
22873930
22873943
22873944
22874003
22874005
22874010
22874011
22874067
22874068
22874069
22874070
22874071
22874078
22874099
22874104
22874105
22874106
22874107
22874108
22874109
22874110
22874111
22874112
22874113
22874114
22874119
22874134
22874137
22874138
22874141
22874142
22874143
22874144
22874145
22874147
22874148
22874149
22874150
22874151
22874152
22874153
22874154
22874155
22874156
22874157
22874158
22874159
22874160
22874161
22874162
22874163
22874164
22874165
22874166
22874167
22874168
22874169
22874170
22874171
22874172
22874173
22874174
22874175
22874176
22874177
22874178
22874179
22874180
22874181
22874182
22874183
22874184
22874185
22874186
22874187
22874188
22874189
22874190
22874191
22874192
22874193
22874194
22874195
22874196
22874197
22874198
22874199
22874200
22874201
22874202
22874203
22874205
22874206
22874207
22874208
22874209
22874210
22874211
22874212
22874213
22874214
22874215
22874216
22874217
22874218
22874219
22874220
22874221
22874223
22874224
22874225
22874226
22874227
22874228
22874229
22874230
22874231
22874232
22874233
22874234
22874235
22874236
22874237
22874238
22874239
22874240
22874241
22874242
22874243
22874245
22874246
22874247
22874248
22874249
22874250
22874251
22874252
22874253
22874254
22874255
22874256
22874257
22874258
22874259
22874260
22874261
22874262
22874263
22874264
22874265
22874266
22874268
22874269
22874270
22874271
22874272
22874273
22874274
22874275
22874276
22874277
22874278
22874279
22874280
22874281
22874282
22874284
22874285
22874286
22874287
22874288
22874289
22874290
22874291
22874292
22874293
22874294
22874295
22874296
22874297
22874298
22874299
22874301
22874302
22874303
22874304
22874305
22874306
22874307
22874308
22874309
22874310
22874311
22874312
22874313
22874314
22874315
22874317
22874318
22874319
22874320
22874321
22874322
22874323
22874324
22874325
22874326
22874327
22874329
22874330
22874331
22874332
22874333
22874334
22874335
22874336
22874337
22874338
22874339
22874341
22874342
22874343
22874344
22874345
22874346
22874347
22874348
22874349
22874350
22874351
22874352
22874353
22874354
22874355
22874356
22874357
22874358
22874359
22874360
22874362
22874363
22874364
22874365
22874366
22874367
22874368
22874369
22874370
22874371
22874372
22874373
22874374
22874375
22874376
22874377
22874378
22874379
22874380
22874381
22874382
22874383
22874384
22874385
22874386
22874387
22874388
22874389
22874390
22874391
22874392
22874393
22874394
22874395
22874396
22874397
22874398
22874399
22874400
22874401
22874402
22874403
22874404
22874405
22874406
22874407
22874408
22874409
22874410
22874417
22874421
22874422
22874423
22874424
22874425
22874426
22874427
22874429
22874432
22874433
22874434
22874436
22874438
22874439
22874440
22874441
22874442
22874443
22874444
22874445
22874446
22874447
22874448
22874449
22874450
22874466
22874469
22874470
22874474
22874485
22874486
22874487
22874488
22874489
22874490
22874491
22874492
22874493
22874494
22874495
22874498
22874499
22874502
22874523
22874526
22874527
22874537
22874539
22874542
22874543
22874545
22874546
22874547
22874549
22874577
22874578
22874579
22874581
22874618
22874639
22874651
22874654
22874655
22874657
22874674
22874675
22874676
22874677
22874678
22874679
22874680
22874681
22874682
22874683
22874684
22874685
22874686
22874687
22874688
22874689
22874690
22874691
22874692
22874693
22874694
22874695
22874696
22874697
22874698
22874699
22874700
22874701
22874702
22874703
22874704
22874705
22874706
22874707
22874708
22874709
22874710
22874711
22874712
22874713
22874714
22874747
22874748
22874751
22874752
22874754
22874758
22874759
22874760
22874761
22874762
22874763
22874764
22874765
22874766
22874767
22874790
22874791
22874792
22874793
22874794
22874805
22874807
22874808
22874809
22874831
22874832
22874833
22874834
22874839
22874840
22874850
22874851
22874852
22874871
22874883
22874909
22874924
22874968
22874970
22874974
22875009
22875011
22875012
22875013
22875023
22875024
22875025
22875026
22875034
22875035
22875038
22875039
22875042
22875053
22875054
22875055
22875057
22875058
22875059
22875060
22875061
22875062
22875080
22875082
22875085
22875089
22875091
22875093
22875096
22875097
22875103
22875104
22875137
22875150
22875152
22875175
22875178
22875192
22875241
22875253
22875255
22875256
22875257
22875277
22875278
22875290
22875308
22875310
22875333
22875334
22875336
22875337
22875345
22875364
22875377
22875378
22875379
22875380
22875381
22875382
22875383
22875384
22875385
22875386
22875387
22875388
22875389
22875390
22875400
22875401
22875402
22875403
22875407
22875449
22875450
22875451
22875452
22875453
22875454
22875455
22875456
22875461
22875462
22875470
22875471
22875472
22875480
22875485
22875548
22875552
22875553
22875563
22875564
22875565
22875566
22875567
22875568
22875570
22875571
22875572
22875588
22875651
22875697
22875703
22875705
22875713
22875719
22875726
22875728
22875729
22875730
22875731
22875733
22875734
22875737
22875738
22875740
22875744
22875749
22875752
22875753
22875755
22875758
22875761
22875762
22875763
22875764
22875765
22875766
22875767
22875768
22875769
22875770
22875771
22875772
22875773
22875774
22875780
22875781
22875782
22875783
22875784
22875785
22875786
22875787
22875789
22875790
22875791
22875792
22875796
22875797
22875798
22875799
22875800
22875801
22875802
22875803
22875804
22875805
22875808
22875809
22875827
22875828
22875829
22875830
22875831
22875832
22875833
22875852
22875853
22875854
22875855
22875856
22875882
22875883
22875884
22875885
22875886
22875888
22875910
22875911
22875913
22875961
22875962
22875963
22875964
22875965
22875966
22875967
22875968
22875969
22875970
22875971
22875972
22875973
22875974
22875975
22875976
22875977
22875978
22876026
22876027
22876028
22876029
22876030
22876031
22876032
22876033
22876034
22876035
22876036
22876037
22876038
22876039
22876040
22876041
22876042
22876043
22876044
22876045
22876046
22876048
22876049
22876050
22876051
22876052
22876053
22876054
22876055
22876056
22876057
22876058
22876059
22876060
22876061
22876062
22876063
22876064
22876065
22876066
22876067
22876068
22876069
22876109
22876110
22876111
22876112
22876113
22876114
22876115
22876116
22876117
22876118
22876119
22876120
22876121
22876122
22876123
22876124
22876125
22876126
22876127
22876128
22876129
22876130
22876131
22876132
22876133
22876134
22876135
22876136
22876137
22876138
22876139
22876140
22876141
22876142
22876167
22876168
22876169
22876170
22876171
22876172
22876173
22876174
22876175
22876176
22876177
22876178
22876179
22876180
22876181
22876182
22876183
22876184
22876185
22876186
22876187
22876188
22876189
22876190
22876191
22876192
22876193
22876194
22876195
22876196
22876197
22876199
22876200
22876201
22876202
22876203
22876273
22876274
22876275
22876276
22876277
22876278
22876279
22876280
22876281
22876282
22876283
22876284
22876285
22876286
22876287
22876288
22876289
22876290
22876291
22876292
22876293
22876294
22876295
22876296
22876297
22876298
22876299
22876300
22876301
22876302
22876303
22876304
22876305
22876306
22876307
22876308
22876309
22876310
22876311
22876312
22876313
22876314
22876315
22876316
22876317
22876318
22876319
22876320
22876321
22876322
22876323
22876324
22876325
22876326
22876327
22876328
22876329
22876330
22876331
22876667
22876668
22876669
22876670
22876671
22876672
22876673
22876674
22876675
22876676
22876677
22876678
22876679
22876680
22876681
22876682
22876683
22876684
22876685
22876686
22876687
22876688
22876689
22876690
22876691
22876692
22876737
22876740
22876741
22876743
22876752
22876760
22876766
22876767
22876768
22876769
22876770
22876771
22876772
22876773
22876776
22876777
22876779
22876785
22876786
22876787
22876788
22876789
22876793
22876794
22876795
22876797
22876798
22876800
22876801
22876802
22876803
22876804
22876805
22876808
22876809
22876816
22876828
22876831
22876832
22876837
22876839
22876850
22876852
22876853
22876860
22876861
22876867
22876868
22876869
22876870
22876871
22876872
22876873
22876875
22876876
22876877
22876881
22876882
22876912
22876915
22876929
22876932
22876961
22876963
22876965
22876971
22876972
22876975
22876977
22876979
22876980
22876981
22876982
22876983
22876984
22876985
22876986
22876987
22876990
22877080
22877085
22877086
22877136
22877137
22877139
22877147
22877157
22877158
22877159
22877226
22877233
22877234
22877237
22877238
22877245
22877248
22877308
22877316
22877319
22877320
22877321
22877322
22877323
22877356
22877357
22877364
22877365
22877413
22877416
22877420
22877423
22877424
22877425
22877426
22877427
22877428
22877429
22877430
22877431
22877432
22877433
22877434
22877435
22877436
22877437
22877560
22877561
22877572
22877573
22877576
22877605
22877614
22877615
22877616
22877617
22877618
22877619
22877620
22877621
22877622
22877623
22877626
22877628
22877629
22877630
22877631
22877632
22877633
22877634
22877635
22877636
22877637
22877639
22877640
22877642
22877643
22877644
22877645
22877646
22877648
22877654
22877656
22877657
22877658
22877659
22877660
22877661
22877662
22877663
22877664
22877665
22877666
22877667
22877668
22877669
22877670
22877671
22877672
22877673
22877674
22877675
22877676
22877677
22877678
22877679
22877680
22877681
22877682
22877693
22877695
22877697
22877698
22877704
22877705
22877729
22877733
22877746
22877747
22877749
22877750
22877751
22877752
22877753
22877754
22877755
22877756
22877757
22877771
22877772
22877773
22877774
22877775
22877781
22877784
22877787
22877817
22877829
22877830
22877834
22877841
22877842
22877843
22877852
22877853
22877855
22877857
22877858
22877859
22877860
22877865
22877871
22877872
22877877
22877878
22877879
22877880
22877881
22877882
22877883
22877886
22877888
22877889
22877892
22877928
22877929
22877931
22877934
22877936
22877945
22877946
22877947
22877948
22877949
22877950
22877951
22877952
22877953
22877954
22877955
22877956
22877957
22877958
22877959
22877973
22877978
22877980
22877984
22877985
22877986
22877987
22877988
22877989
22878023
22878029
22878030
22878034
22878035
22878036
22878037
22878047
22878051
22878059
22878087
22878116
22878117
22878119
22878120
22878121
22878122
22878123
22878126
22878140
22878141
22878148
22878153
22878154
22878158
22878160
22878214
22878215
22878225
22878226
22878227
22878228
22878234
22878235
22878236
22878237
22878238
22878239
22878240
22878241
22878242
22878243
22878244
22878245
22878247
22878248
22878249
22878250
22878251
22878252
22878253
22878279
22878280
22878281
22878282
22878341
22878342
22878362
22878364
22878371
22878372
22878373
22878374
22878375
22878376
22878379
22878381
22878382
22878383
22878384
22878385
22878386
22878387
22878388
22878389
22878390
22878391
22878392
22878393
22878400
22878401
22878402
22878411
22878412
22878413
22878414
22878415
22878416
22878419
22878420
22878421
22878422
22878423
22878424
22878426
22878434
22878451
22878458
22878461
22878463
22878475
22878476
22878477
22878478
22878479
22878480
22878481
22878482
22878517
22878519
22878520
22878533
22878546
22878554
22878555
22878556
22878561
22878562
22878566
22878567
22878568
22878569
22878570
22878571
22878572
22878573
22878595
22878599
22878622
22878651
22878652
22878653
22878654
22878655
22878656
22878657
22878658
22878659
22878660
22878677
22878678
22878679
22878685
22878686
22878695
22878705
22878709
22878710
22878728
22878734
22878735
22878736
22878737
22878738
22878739
22878740
22878741
22878742
22878751
22878753
22878754
22878755
22878756
22878757
22878758
22878759
22878760
22878761
22878762
22878763
22878764
22878765
22878766
22878767
22878768
22878769
22878770
22878771
22878772
22878773
22878774
22878775
22878777
22878779
22878791
22878811
22878815
22878816
22878817
22878818
22878819
22878820
22878821
22878822
22878823
22878824
22878825
22878826
22878827
22878842
22878843
22878865
22878866
22878886
22878888
22878890
22878896
22878915
22878916
22878936
22878939
22878960
22878961
22878963
22878966
22878974
22879007
22879008
22879009
22879010
22879011
22879012
22879013
22879014
22879015
22879016
22879017
22879018
22879019
22879020
22879021
22879022
22879023
22879024
22879025
22879026
22879027
22879028
22879029
22879030
22879031
22879032
22879033
22879034
22879035
22879036
22879037
22879038
22879039
22879040
22879041
22879042
22879043
22879044
22879045
22879046
22879047
22879048
22879049
22879050
22879051
22879052
22879053
22879054
22879055
22879056
22879057
22879058
22879061
22879062
22879063
22879064
22879065
22879066
22879067
22879068
22879069
22879070
22879071
22879072
22879074
22879078
22879079
22879080
22879081
22879091
22879093
22879094
22879095
22879096
22879097
22879098
22879099
22879101
22879202
22879203
22879205
22879206
22879313
22879314
22879315
22879348
22879365
22879366
22879367
22879369
22879370
22879371
22879375
22879376
22879377
22879378
22879379
22879380
22879381
22879382
22879383
22879384
22879395
22879397
22879398
22879399
22879400
22879401
22879402
22879403
22879407
22879408
22879410
22879411
22879412
22879413
22879414
22879415
22879416
22879417
22879418
22879419
22879420
22879421
22879422
22879423
22879424
22879425
22879444
22879445
22879450
22879454
22879462
22879464
22879465
22879533
22879537
22879538
22879539
22879540
22879541
22879542
22879543
22879544
22879545
22879546
22879547
22879548
22879549
22879550
22879551
22879552
22879553
22879554
22879555
22879556
22879557
22879558
22879559
22879560
22879561
22879562
22879563
22879564
22879565
22879566
22879567
22879568
22879569
22879570
22879571
22879578
22879579
22879580
22879581
22879582
22879583
22879584
22879585
22879586
22879587
22879588
22879589
22879590
22879591
22879592
22879593
22879594
22879595
22879596
22879597
22879598
22879599
22879600
22879601
22879602
22879603
22879627
22879629
22879630
22879631
22879632
22879633
22879644
22879649
22879651
22879677
22879734
22879735
22879736
22879740
22879801
22879803
22879804
22879805
22879806
22879807
22879808
22879809
22879810
22879811
22879812
22879813
22879814
22879816
22879817
22879818
22879820
22879821
22879858
22879864
22879865
22879872
22879873
22879874
22879875
22879876
22879877
22879878
22879879
22879880
22879881
22879882
22879883
22879884
22879885
22879886
22879887
22879888
22879889
22879890
22879891
22879892
22879893
22879894
22879895
22879896
22879897
22879898
22879899
22879900
22879901
22879902
22879903
22879904
22879905
22879906
22879907
22879908
22879909
22879910
22879911
22879912
22879913
22879914
22879915
22879916
22879917
22879918
22879919
22879920
22879921
22879922
22879923
22879924
22879925
22879926
22879927
22879928
22879929
22879930
22879931
22879932
22879933
22879934
22879935
22879936
22879937
22879938
22879939
22879940
22879941
22879942
22879943
22879944
22879945
22879946
22879947
22879948
22879949
22879950
22879951
22879952
22879953
22879954
22879955
22879956
22879957
22879958
22879959
22879960
22879961
22879962
22879963
22879964
22879965
22879966
22879967
22879968
22879969
22879970
22879971
22879972
22879973
22879974
22879975
22879976
22879977
22879978
22879979
22879980
22879981
22879982
22879983
22879984
22879985
22879986
22879987
22879988
22879989
22879990
22879991
22879992
22879993
22879994
22879995
22879996
22879997
22879998
22879999
22880000
22880001
22880002
22880003
22880004
22880005
22880006
22880007
22880008
22880009
22880010
22880011
22880012
22880013
22880014
22880015
22880016
22880017
22880018
22880019
22880020
22880021
22880022
22880023
22880024
22880025
22880026
22880027
22880028
22880029
22880030
22880031
22880032
22880033
22880034
22880035
22880036
22880037
22880038
22880039
22880040
22880041
22880042
22880043
22880044
22880045
22880046
22880047
22880048
22880049
22880050
22880051
22880052
22880053
22880054
22880055
22880056
22880057
22880058
22880059
22880060
22880061
22880062
22880063
22880064
22880065
22880066
22880067
22880068
22880069
22880070
22880071
22880072
22880073
22880074
22880075
22880076
22880077
22880078
22880079
22880080
22880081
22880082
22880083
22880084
22880085
22880086
22880087
22880088
22880089
22880090
22880091
22880092
22880093
22880094
22880095
22880096
22880097
22880098
22880099
22880100
22880101
22880102
22880103
22880104
22880105
22880106
22880107
22880108
22880109
22880110
22880111
22880112
22880113
22880114
22880115
22880116
22880117
22880118
22880119
22880120
22880121
22880122
22880123
22880124
22880125
22880126
22880127
22880128
22880129
22880130
22880131
22880132
22880133
22880134
22880135
22880138
22880139
22880140
22880141
22880142
22880143
22880152
22880153
22880154
22880155
22880156
22880157
22880158
22880159
22880200
22880201
22880202
22880204
22880206
22880226
22880227
22880228
22880229
22880230
22880231
22880232
22880233
22880234
22880235
22880236
22880237
22880238
22880424
22880425
22880426
22880427
22880428
22880429
22880430
22880431
22880432
22880433
22880434
22880435
22880436
22880437
22880438
22880439
22880440
22880441
22880442
22880443
22880444
22880445
22880446
22880447
22880548
22880549
22880621
22880622
22880623
22880624
22880626
22880628
22880632
22880689
22880691
22880717
22880718
22880719
22880720
22880725
22880797
22880800
22880813
22880817
22880818
22880819
22880820
22880822
22880823
22880824
22880825
22880826
22880827
22880828
22880829
22880830
22880831
22880832
22880833
22880834
22880835
22880836
22880837
22880838
22880839
22880840
22880881
22880882
22880885
22880886
22880887
22880888
22880889
22880890
22880891
22880894
22880895
22880896
22880897
22880898
22880899
22880933
22880937
22880938
22880939
22880945
22880950
22880955
22880960
22880967
22880968
22880969
22880970
22880971
22880972
22880973
22880974
22880975
22880976
22880977
22880978
22880979
22880980
22880981
22880982
22880983
22881022
22881023
22881024
22881025
22881026
22881027
22881028
22881029
22881030
22881031
22881032
22881034
22881037
22881038
22881039
22881040
22881053
22881057
22881058
22881059
22881060
22881061
22881074
22881075
22881083
22881116
22881119
22881121
22881123
22881125
22881137
22881146
22881147
22881188
22881189
22881190
22881196
22881213
22881215
22881219
22881236
22881276
22881277
22881279
22881280
22881282
22881288
22881289
22881290
22881291
22881293
22881343
22881355
22881356
22881357
22881358
22881359
22881360
22881364
22881366
22881372
22881374
22881375
22881376
22881384
22881386
22881388
